max_pf 98 min_pf 36
individual T0 sigma disp_rate r0 patch_no mut_eff
25 304.715 7.53809 0.01 1 38 0
56 304.715 7.53809 0.01 1 38 0
132 302.432 7.63806 0.01 1 38 0
133 304.715 7.62734 0.01 1 38 0
147 301.749 7.63806 0.01 1 38 0
162 315.457 8.12163 0.01 1 96 0
299 307.934 8.26294 0.01 1 72 0
333 308.589 7.97884 0.01 1 72 0
387 303.431 7.63806 0.01 1 38 -0.0231555
405 311.199 8.05147 0.01 1 72 -8.00937e-05
415 309.333 7.62033 0.01 1 72 0
426 315.457 8.12697 0.01 1 97 0
427 315.457 8.09661 0.01 1 98 0
458 309.716 8.12648 0.01 1 72 0
461 309.013 7.95685 0.01 1 72 0
469 309.333 7.62033 0.01 1 72 0
480 308.305 7.7252 0.01 1 72 0
485 308.547 7.80899 0.01 1 72 0
493 315.457 8.09661 0.01 1 97 0
494 301.749 7.63806 0.01 1 38 0
500 306.651 7.86176 0.01 1 72 0
511 306.092 8.53866 0.01 1 72 0
537 315.457 8.12697 0.01 1 98 0
543 314.732 8.09795 0.01 1 97 0
555 309.333 7.62033 0.01 1 72 0
632 302.246 7.48239 0.01 1 38 0
635 315.457 8.21266 0.01 1 96 0
644 309.013 7.95685 0.01 1 72 0
650 307.578 7.79041 0.01 1 72 0
665 309.107 8.39985 0.01 1 72 0
682 310.891 8.16774 0.01 1 72 0
739 303.189 7.63806 0.01 1 37 0
744 301.749 7.63806 0.01 1 38 0
760 315.457 8.21266 0.01 1 96 0
776 308.539 8.29791 0.01 1 72 0
778 315.457 8.09661 0.01 1 97 0
813 308.305 7.7252 0.01 1 72 0
818 309.267 8.16706 0.01 1 72 0
834 301.749 7.63806 0.01 1 38 0
852 315.457 8.21266 0.01 1 96 0
864 302.246 7.48239 0.01 1 38 0
865 308.589 7.97884 0.01 1 72 0
900 309.333 7.62033 0.01 1 72 0
911 309.716 7.96388 0.01 1 72 0
999 315.457 8.21266 0.01 1 96 0
1001 303.074 7.67302 0.01 1 38 0.00150912
1040 315.457 8.09661 0.01 1 97 0
1042 314.732 8.09795 0.01 1 97 0
1045 307.879 7.72047 0.01 1 72 0
1053 309.333 7.62033 0.01 1 72 0
1054 306.651 7.86176 0.01 1 72 0
1113 309.52 7.93695 0.01 1 72 0
1143 307.879 7.7252 0.01 1 72 0
1157 307.578 7.70934 0.01 1 72 0
1260 304.715 7.53809 0.01 1 38 0
1263 315.713 7.92815 0.01 1 96 0
1275 315.457 8.21266 0.01 1 96 0
1280 309.494 7.62033 0.01 1 72 -0.000227466
1300 315.457 8.09661 0.01 1 98 0
1321 307.385 8.15537 0.01 1 72 0
1360 309.022 7.92142 0.01 1 72 0
1382 301.749 7.63806 0.01 1 36 0
1391 315.457 8.09661 0.01 1 98 0
1412 308.496 8.26272 0.01 1 72 0
1440 309.395 8.36769 0.01 1 72 0
1464 315.457 8.09661 0.01 1 98 0
1491 315.457 8.09661 0.01 1 97 0
1594 317.014 8.12697 0.01 1 96 0
1636 308.272 8.33889 0.01 1 72 0
1665 309.118 8.48411 0.01 1 72 0
1685 309.716 7.96388 0.01 1 72 0
1704 315.457 8.09661 0.01 1 97 0
1709 302.246 7.48239 0.01 1 38 0
1718 306.852 8.18024 0.01 1 72 0
1784 309.022 7.92142 0.01 1 72 0
1879 309.333 7.62033 0.01 1 72 0
1919 309.083 8.24839 0.01 1 72 0
1966 315.457 8.09661 0.01 1 96 0
1977 302.246 7.48239 0.01 1 38 0
2010 309.716 7.96388 0.01 1 72 0
2013 315.457 8.09661 0.01 1 96 0
2027 315.522 7.7798 0.01 1 96 0
2040 310.779 8.11263 0.01 1 72 0
2048 315.457 8.12697 0.01 1 96 0
2051 315.457 8.09661 0.01 1 96 0
2063 314.732 8.09795 0.01 1 97 0
2072 308.79 8.47992 0.01 1 72 0
2093 314.732 8.09795 0.01 1 98 0
2122 303.801 7.63806 0.01 1 37 0
2204 304.715 7.53809 0.01 1 38 0
2218 315.265 8.09345 0.01 1 97 0
2219 309.013 7.88563 0.01 1 72 0
2231 303.189 7.63806 0.01 1 38 0
2295 306.092 8.53866 0.01 1 72 0
2417 314.543 7.90949 0.01 1 96 0
2509 308.426 7.87814 0.01 1 72 0
2541 301.749 7.63806 0.01 1 38 0
2609 308.272 8.36769 0.01 1 72 0
2648 314.732 8.03598 0.01 1 98 -0.000825703
2664 310.383 8.31783 0.01 1 72 0
2708 301.749 7.63806 0.01 1 37 0
2724 303.801 7.63806 0.01 1 38 0
2773 308.305 7.71296 0.01 1 72 0
2789 315.457 8.09661 0.01 1 98 0
2793 311.245 8.35747 0.01 1 72 0
2811 309.333 7.51858 0.01 1 72 0
2847 304.715 7.62193 0.01 1 37 0
2866 308.589 7.97884 0.01 1 72 0
2877 315.457 8.12697 0.01 1 96 0
2912 304.313 7.60231 0.01 1 38 0
2923 315.457 8.21266 0.01 1 96 0
3013 301.749 7.63806 0.01 1 38 0
3017 308.305 7.7252 0.01 1 72 0
3035 309.172 8.24839 0.01 1 72 0
3073 310.088 7.51858 0.01 1 72 -0.00187492
3097 301.749 7.63806 0.01 1 38 0
3119 301.749 7.71112 0.01 1 36 0.00139157
3142 307.864 7.96044 0.01 1 72 0
3148 301.749 7.63806 0.01 1 38 0
3179 303.801 7.63806 0.01 1 37 0
3220 301.749 7.63806 0.01 1 38 0
3291 315.457 8.17588 0.01 1 96 0.000712395
3295 315.713 7.92815 0.01 1 96 0
3500 315.713 7.92815 0.01 1 96 0
3534 315.457 8.09661 0.01 1 97 0
3568 307.321 8.3082 0.01 1 72 0
3645 301.857 7.48239 0.01 1 37 0
3725 308.547 7.92801 0.01 1 72 0
3733 307.864 7.96044 0.01 1 72 0
3773 308.272 8.36769 0.01 1 72 0
3776 308.496 8.26272 0.01 1 72 0
3779 308.672 8.09322 0.01 1 72 0
3869 311.245 8.35747 0.01 1 72 0
3905 309.333 7.62033 0.01 1 72 0
3914 315.265 8.09653 0.01 1 96 0
3930 304.715 7.62193 0.01 1 38 0
4017 315.457 8.09661 0.01 1 97 0
4149 315.457 8.09661 0.01 1 97 0
4176 304.715 7.53809 0.01 1 37 0
4219 302.246 7.48239 0.01 1 38 0
4228 303.801 7.63806 0.01 1 37 0
4270 309.716 7.96388 0.01 1 72 0
4274 314.732 8.09795 0.01 1 98 0
4299 315.457 8.09661 0.01 1 97 0
4306 307.879 7.72047 0.01 1 72 0
4312 306.651 7.86176 0.01 1 72 0
4363 308.305 7.71296 0.01 1 72 0
4468 301.749 7.63806 0.01 1 38 0
4478 315.457 8.09661 0.01 1 97 0
4483 315.255 7.91034 0.01 1 96 0
4499 309.083 8.24839 0.01 1 72 0
4510 315.457 8.09661 0.01 1 96 0
4519 309.716 7.96388 0.01 1 72 0
4538 308.556 7.97884 0.01 1 72 0
4577 308.272 8.33889 0.01 1 72 0
4616 306.852 8.3226 0.01 1 72 0
4634 316.649 8.09661 0.01 1 96 0
4657 301.749 7.54576 0.01 1 38 -0.00174675
4666 314.696 8.09661 0.01 1 97 0
4678 315.17 8.09661 0.01 1 96 0
4710 315.457 7.99352 0.01 1 97 -0.00108352
4739 309.083 8.55976 0.01 1 72 0
4747 309.333 7.62033 0.01 1 72 0
4768 308.116 7.87814 0.01 1 72 0
4774 309.045 8.00463 0.01 1 72 0
4781 315.457 8.09661 0.01 1 96 0
4817 315.457 8.09661 0.01 1 97 0
4827 315.265 8.09653 0.01 1 96 0
4828 315.457 8.12697 0.01 1 96 0
4844 309.172 8.24839 0.01 1 72 0
4866 315.457 8.21266 0.01 1 96 0
5021 315.457 8.22895 0.01 1 96 0
5033 309.52 7.93695 0.01 1 72 0
5044 315.457 8.09661 0.01 1 97 0
5061 308.547 7.80899 0.01 1 72 0
5080 309.045 8.00463 0.01 1 72 0
5158 315.457 8.09661 0.01 1 97 0
5180 316.322 8.09661 0.01 1 96 0
5206 308.426 7.87814 0.01 1 72 0
5209 315.457 8.09661 0.01 1 97 0
5299 301.749 7.63806 0.01 1 38 0
5320 316.62 8.09345 0.01 1 97 0
5323 310.521 8.16774 0.01 1 72 0
5340 315.457 8.21266 0.01 1 96 0
5373 305.018 7.62193 0.01 1 38 0
5396 316.62 8.09345 0.01 1 97 0
5418 315.457 8.2302 0.01 1 96 1.09226e-05
5436 315.457 8.09661 0.01 1 97 0
5472 302.246 7.48239 0.01 1 38 0
5477 315.265 8.09653 0.01 1 96 0
5487 301.749 7.63806 0.01 1 38 0
5519 303.189 7.63806 0.01 1 37 0
5530 315.457 8.21266 0.01 1 96 0
5539 309.395 8.36769 0.01 1 72 0
5554 315.457 8.09661 0.01 1 97 0
5570 309.267 8.16706 0.01 1 72 0
5595 306.092 8.53866 0.01 1 72 0
5596 316.322 8.09661 0.01 1 96 0
5609 309.333 7.62033 0.01 1 72 0
5613 304.715 7.53809 0.01 1 37 0
5618 309.013 7.88563 0.01 1 72 0
5629 309.395 8.36769 0.01 1 72 0
5631 309.874 7.73341 0.01 1 72 0
5673 306.852 8.18024 0.01 1 72 0
5803 307.864 7.96044 0.01 1 72 0
5836 315.457 8.09661 0.01 1 98 0
5841 315.457 8.09661 0.01 1 97 0
5890 315.457 8.22895 0.01 1 96 0
5898 309.874 7.73341 0.01 1 72 0
5929 314.543 7.90949 0.01 1 96 0
5933 303.189 7.63806 0.01 1 38 0
5939 303.189 7.63806 0.01 1 38 0
5990 310.755 7.77725 0.01 1 72 0
6039 308.786 7.62033 0.01 1 72 0
6043 309.716 7.96388 0.01 1 72 0
6098 308.272 8.33889 0.01 1 72 0
6152 307.864 7.96044 0.01 1 72 0
6154 308.305 7.71296 0.01 1 72 0
6199 310.891 8.16774 0.01 1 72 0
6299 304.715 7.53809 0.01 1 37 0
6301 317.014 8.16534 0.01 1 96 0.000198767
6398 307.864 7.96044 0.01 1 72 0
6404 311.245 8.35747 0.01 1 72 0.000199765
6410 310.779 8.11263 0.01 1 72 0
6475 309.083 8.24839 0.01 1 72 0
6480 315.851 7.93203 0.01 1 96 0
6512 309.022 7.92142 0.01 1 72 0
6531 315.457 8.09661 0.01 1 97 0
6537 308.496 8.26272 0.01 1 72 0
6555 315.457 8.09661 0.01 1 98 0
6565 315.457 8.22895 0.01 1 96 0
6568 315.457 8.09661 0.01 1 97 0
6576 306.089 8.06213 0.01 1 72 0
6585 310.891 8.38229 0.01 1 72 0
6611 309.045 8.00463 0.01 1 72 0
6615 309.333 7.62033 0.01 1 72 0
6616 315.457 8.12697 0.01 1 97 0
6632 306.852 8.18024 0.01 1 72 0
6633 314.418 7.92815 0.01 1 96 0
6673 302.246 7.48239 0.01 1 38 0
6704 308.496 8.3158 0.01 1 72 0
6774 308.556 7.97884 0.01 1 72 0
6791 317.014 8.12697 0.01 1 96 0
6833 308.786 7.62033 0.01 1 72 0
6890 309.083 8.24839 0.01 1 72 0
6984 303.801 7.63806 0.01 1 38 0
6985 301.749 7.63806 0.01 1 38 0
6999 303.189 7.63806 0.01 1 37 0
7010 301.749 7.63806 0.01 1 38 0
7014 309.333 7.60388 0.01 1 72 -8.19564e-07
7045 302.246 7.48239 0.01 1 38 0
7076 309.333 7.62033 0.01 1 72 0
7101 315.713 7.92815 0.01 1 96 0
7120 304.715 7.62193 0.01 1 38 0
7145 308.116 7.87814 0.01 1 72 0
7174 315.457 8.12697 0.01 1 96 0
7242 315.457 8.12697 0.01 1 98 0
7245 308.305 7.7252 0.01 1 72 0
7275 310.779 8.11263 0.01 1 72 0
7280 310.755 7.77725 0.01 1 72 0
7315 304.715 7.53809 0.01 1 38 0
7317 315.457 8.09661 0.01 1 98 0
7324 308.533 7.63396 0.01 1 72 0
7384 303.801 7.63806 0.01 1 38 0
7386 316.824 8.12767 0.01 1 96 0
7408 307.879 7.72047 0.01 1 72 0
7416 314.732 8.09795 0.01 1 98 0
7434 303.189 7.63806 0.01 1 38 0
7468 315.457 8.09661 0.01 1 98 0
7499 309.172 8.24839 0.01 1 72 0
7552 308.426 7.87814 0.01 1 72 0
7568 315.457 8.09661 0.01 1 97 0
7590 315.457 8.09661 0.01 1 97 0
7599 307.527 7.89342 0.01 1 72 0
7634 307.166 7.80078 0.01 1 72 0
7637 314.732 8.03598 0.01 1 98 0
7729 308.272 8.33889 0.01 1 72 0
7756 309.333 7.62033 0.01 1 72 0
7786 309.107 8.39985 0.01 1 72 0
7828 301.749 7.63806 0.01 1 36 0
7891 314.732 8.09795 0.01 1 98 0
7898 309.267 8.16706 0.01 1 72 0
7954 315.457 8.09661 0.01 1 97 0
7961 307.198 8.00057 0.01 1 72 0
8005 307.395 8.15525 0.01 1 72 0
8054 308.272 8.36769 0.01 1 72 0
8060 302.246 7.48239 0.01 1 38 0
8065 308.305 7.7252 0.01 1 72 0
8069 315.074 8.09795 0.01 1 96 0
8085 302.246 7.48239 0.01 1 38 0
8095 307.879 7.7252 0.01 1 72 0
8143 308.786 7.62033 0.01 1 72 0
8190 315.457 8.09661 0.01 1 98 0
8240 309.543 7.59646 0.01 1 72 0
8254 303.375 7.86903 0.01 1 38 0
8256 308.305 7.7252 0.01 1 72 0
8293 315.457 8.21266 0.01 1 96 0
8344 315.457 8.18287 0.01 1 97 0
8355 315.457 8.22895 0.01 1 96 0
8378 305.018 7.62193 0.01 1 38 0
8385 310.783 7.66502 0.01 1 72 0
8398 316.649 8.09661 0.01 1 97 0
8430 310.891 8.38229 0.01 1 72 0.000262231
8432 303.189 7.63806 0.01 1 38 0
8468 315.457 8.12697 0.01 1 96 0
8487 314.732 8.09795 0.01 1 98 0
8533 309.336 7.71975 0.01 1 72 0
8547 301.749 7.63806 0.01 1 37 0
8549 303.801 7.66107 0.01 1 38 0
8553 313.377 8.01228 0.01 1 97 0
8593 301.749 7.63806 0.01 1 38 0
8650 315.457 8.09661 0.01 1 97 0
8704 305.018 7.62193 0.01 1 38 0
8713 309.333 7.62033 0.01 1 72 0
8728 302.246 7.48239 0.01 1 38 0
8758 303.801 7.63806 0.01 1 37 0
8759 315.457 8.21266 0.01 1 97 0
8883 302.246 7.48239 0.01 1 38 0
8906 308.305 7.7252 0.01 1 72 0
8907 302.246 7.48239 0.01 1 38 0
8998 315.75 8.09661 0.01 1 96 0
9078 315.457 8.12697 0.01 1 96 0
9110 310.779 8.11263 0.01 1 72 0
9160 307.527 7.89342 0.01 1 72 0
9181 317.284 8.18287 0.01 1 97 0
9197 315.457 8.12697 0.01 1 96 0
9238 307.879 7.72047 0.01 1 72 0
9267 308.007 7.87814 0.01 1 72 0
9289 314.732 8.09795 0.01 1 98 0
9296 306.651 7.86176 0.01 1 72 0
9316 315.457 8.12697 0.01 1 97 0
9351 303.189 7.67302 0.01 1 38 0
9366 306.089 8.06213 0.01 1 72 0
9369 307.864 7.96044 0.01 1 72 0
9384 314.732 8.09795 0.01 1 98 0
9389 315.457 8.12697 0.01 1 97 0
9423 309.022 7.92142 0.01 1 72 0
9451 310.521 8.16774 0.01 1 72 0
9524 307.553 7.80078 0.01 1 72 0
9536 314.696 8.09661 0.01 1 97 0
9569 309.083 8.24839 0.01 1 72 0
9591 302.246 7.48239 0.01 1 38 0
9600 313.377 8.01228 0.01 1 98 0
9702 309.118 8.48445 0.01 1 72 0
9711 309.333 7.62033 0.01 1 72 0
9734 309.083 8.24839 0.01 1 72 0
9836 315.457 8.09661 0.01 1 97 0
9844 303.801 7.63806 0.01 1 37 0
9851 317.014 8.12697 0.01 1 96 0
9853 315.457 8.09661 0.01 1 98 0
9870 316.649 8.09661 0.01 1 96 0
9931 315.457 8.09661 0.01 1 97 0
9958 307.879 7.7252 0.01 1 72 0
10007 301.749 7.63806 0.01 1 38 0
10034 315.457 8.09661 0.01 1 97 0
10047 307.879 7.7252 0.01 1 72 0
10066 315.457 8.09661 0.01 1 97 0
10081 310.168 7.62033 0.01 1 72 0
10091 301.749 7.63806 0.01 1 36 0
10098 308.305 7.71296 0.01 1 72 0
10112 315.457 8.21266 0.01 1 96 0
10140 315.457 8.09661 0.01 1 97 0
10198 308.272 8.36769 0.01 1 72 0
10229 309.874 7.73341 0.01 1 72 0
10258 314.732 8.09795 0.01 1 96 0
10259 315.457 8.12697 0.01 1 98 0
10274 315.457 8.21266 0.01 1 96 0
10275 308.539 8.29791 0.01 1 72 0
10347 302.246 7.48239 0.01 1 37 0
10352 315.265 8.09345 0.01 1 97 0
10356 307.9 8.25915 0.01 1 72 0
10429 309.083 8.23637 0.01 1 72 0
10498 307.553 7.63345 0.01 1 72 0
10548 309.333 7.62033 0.01 1 72 0
10580 316.649 8.09661 0.01 1 97 0
10615 310.779 8.11263 0.01 1 72 0
10648 313.181 8.01228 0.01 1 96 0
10664 316.322 8.09661 0.01 1 96 0
10668 315.457 8.09661 0.01 1 97 0
10694 309.045 8.00463 0.01 1 72 0
10715 315.457 8.21266 0.01 1 96 0
10717 308.305 7.71296 0.01 1 72 0
10718 315.457 8.21266 0.01 1 96 0
10740 315.457 8.09661 0.01 1 96 0
10760 308.547 7.80899 0.01 1 72 0
10783 315.265 8.09345 0.01 1 96 0
10793 306.364 7.86176 0.01 1 72 0
10824 313.377 8.01228 0.01 1 97 0
10846 309.083 8.55976 0.01 1 72 0
10849 303.189 7.63806 0.01 1 37 0
10876 301.749 7.63806 0.01 1 38 0
10888 309.333 7.62033 0.01 1 72 0
10898 316.649 8.09661 0.01 1 97 0
10906 309.022 7.92142 0.01 1 72 0
10930 316.322 8.09661 0.01 1 96 0
10990 315.457 8.12697 0.01 1 96 0
11015 314.732 8.09795 0.01 1 98 0
11041 302.432 7.63806 0.01 1 38 0
11047 309.874 7.73341 0.01 1 72 0
11064 309.333 7.51858 0.01 1 72 0
11067 307.385 8.15537 0.01 1 72 0
11076 307.527 7.89342 0.01 1 72 0
11084 308.116 7.87814 0.01 1 72 0
11135 315.265 8.09653 0.01 1 96 0
11203 307.9 8.25915 0.01 1 72 0.00230883
11228 303.189 7.63806 0.01 1 38 0
11260 315.457 8.12697 0.01 1 97 0
11267 315.457 8.22895 0.01 1 96 0
11284 315.457 8.09661 0.01 1 97 0
11290 308.786 7.62033 0.01 1 72 0
11339 315.851 7.92815 0.01 1 96 0
11364 315.76 8.09345 0.01 1 97 0
11399 315.457 8.21266 0.01 1 96 0
11401 302.246 7.48239 0.01 1 38 0
11431 315.457 8.17586 0.01 1 97 0
11463 306.852 8.3226 0.01 1 72 0.000224605
11539 303.801 7.63806 0.01 1 37 0
11547 315.457 8.09661 0.01 1 98 0
11561 309.716 7.96388 0.01 1 72 0
11593 314.732 8.09795 0.01 1 96 0
11594 315.457 8.09661 0.01 1 98 0
11614 304.715 7.53809 0.01 1 38 0
11628 313.377 8.01228 0.01 1 96 0
11631 309.716 7.96388 0.01 1 72 0
11708 314.732 8.14312 0.01 1 96 0
11718 315.457 7.8865 0.01 1 97 0
11769 317.014 8.12697 0.01 1 96 0
11793 309.671 7.70255 0.01 1 72 0
11817 309.716 7.96388 0.01 1 72 0
11901 302.246 7.48239 0.01 1 38 0
11910 307.299 8.3082 0.01 1 72 -0.000104696
11914 315.457 8.09661 0.01 1 97 0
11925 313.377 8.01228 0.01 1 96 0
11981 308.426 7.90916 0.01 1 72 4.12762e-06
12029 304.715 7.62734 0.01 1 38 0
12041 316.649 8.09661 0.01 1 96 0
12190 315.851 7.93203 0.01 1 96 0
12268 314.696 8.09661 0.01 1 97 0
12292 303.801 7.63806 0.01 1 38 0
12304 307.527 7.89342 0.01 1 72 0
12343 301.749 7.71112 0.01 1 36 0
12395 315.457 8.09661 0.01 1 97 0
12403 312.418 8.11263 0.01 1 72 0
12423 307.733 7.90664 0.01 1 72 0
12425 315.457 7.8865 0.01 1 97 0
12430 314.696 8.09661 0.01 1 97 0
12444 315.265 8.09345 0.01 1 96 0
12445 315.457 8.12697 0.01 1 97 0
12467 309.022 7.92142 0.01 1 72 0
12660 308.272 8.36769 0.01 1 72 0
12671 307.553 7.68555 0.01 1 72 0
12768 302.246 7.48239 0.01 1 36 0
12838 303.189 7.63806 0.01 1 38 0
12854 303.189 7.63806 0.01 1 38 0
12865 315.457 8.12697 0.01 1 98 0
12900 315.457 8.09661 0.01 1 97 0
12904 316.649 8.09661 0.01 1 97 0
12952 309.835 8.31783 0.01 1 72 0.00173055
13021 309.083 8.24839 0.01 1 72 0
13041 315.457 8.17586 0.01 1 97 0
13069 302.246 7.48239 0.01 1 38 0
13078 314.732 8.03598 0.01 1 98 0
13146 315.457 8.21266 0.01 1 97 0
13153 315.265 8.09345 0.01 1 97 0
13178 306.962 7.87814 0.01 1 72 -0.00529265
13229 314.837 8.12697 0.01 1 96 -0.00841951
13275 315.457 8.12697 0.01 1 98 0
13284 306.092 8.53866 0.01 1 72 0
13329 308.426 7.87814 0.01 1 72 0
13335 303.801 7.63806 0.01 1 37 0
13351 308.533 7.63396 0.01 1 72 0
13372 304.715 7.62734 0.01 1 38 0
13451 302.246 7.48239 0.01 1 38 0
13490 308.305 7.7252 0.01 1 72 0
13497 307.553 7.64463 0.01 1 72 0
13502 315.457 8.09661 0.01 1 98 0
13510 309.336 7.64268 0.01 1 72 -3.8147e-06
13534 307.395 8.15525 0.01 1 72 0
13539 315.17 8.09661 0.01 1 96 0
13556 309.045 8.00463 0.01 1 72 0
13564 315.457 8.12697 0.01 1 97 0
13575 306.089 8.06213 0.01 1 72 0
13648 308.272 8.33889 0.01 1 72 0
13692 309.083 8.55976 0.01 1 72 0
13718 307.864 7.96044 0.01 1 72 0
13761 308.426 7.87814 0.01 1 72 0
13788 303.431 7.63806 0.01 1 38 0
13812 309.336 7.71975 0.01 1 72 0
13815 308.305 7.71296 0.01 1 72 0
13877 317.014 8.12697 0.01 1 96 0
14024 309.045 8.00463 0.01 1 72 0
14030 301.749 7.63806 0.01 1 38 0
14035 307.578 7.70934 0.01 1 72 0
14085 315.457 8.12697 0.01 1 98 0
14095 309.045 8.00463 0.01 1 72 0
14146 301.749 7.63806 0.01 1 38 0
14149 309.118 8.48445 0.01 1 72 0
14169 303.189 7.63806 0.01 1 38 0
14275 308.426 7.87814 0.01 1 72 0
14314 308.305 7.71296 0.01 1 72 0
14322 309.52 7.93695 0.01 1 72 0
14342 310.168 7.62033 0.01 1 72 -0.00213264
14347 315.457 8.09661 0.01 1 98 0
14351 315.457 8.21266 0.01 1 96 0
14356 311.245 8.35747 0.01 1 72 0
14429 308.116 7.87814 0.01 1 72 0
14469 303.189 7.63806 0.01 1 38 0
14505 311.337 7.77725 0.01 1 72 0
14543 315.758 8.01228 0.01 1 96 0
14546 303.189 7.63806 0.01 1 38 0
14562 314.228 8.12697 0.01 1 97 0
14575 308.116 7.87814 0.01 1 72 0
14576 307.864 7.96044 0.01 1 72 0
14591 308.426 7.87814 0.01 1 72 0
14821 315.294 8.21266 0.01 1 96 0
14892 315.457 8.21266 0.01 1 97 0
14945 302.839 7.63806 0.01 1 38 -0.0154005
14987 315.457 8.09661 0.01 1 98 0
15006 311.199 8.09701 0.01 1 72 0
15021 315.457 8.12697 0.01 1 97 0
15043 308.305 7.7252 0.01 1 72 0
15045 308.786 7.62033 0.01 1 72 0
15066 302.246 7.48239 0.01 1 38 0
15073 305.255 7.60231 0.01 1 38 -0.0107768
15100 315.713 7.92815 0.01 1 96 0
15104 315.294 8.21266 0.01 1 96 -0.00214669
15113 314.418 7.92815 0.01 1 96 0
15144 307.578 7.84648 0.01 1 72 0
15159 316.649 8.09661 0.01 1 96 0
15178 310.891 8.16774 0.01 1 72 0
15187 308.657 7.87814 0.01 1 72 0
15189 315.457 8.09661 0.01 1 97 0
15199 315.457 8.12697 0.01 1 96 0
15221 315.457 8.09661 0.01 1 96 0
15234 315.457 8.09661 0.01 1 98 0
15308 315.713 7.92815 0.01 1 96 0
15311 309.022 7.92142 0.01 1 72 0
15328 309.013 7.88563 0.01 1 72 0
15365 309.013 8.07428 0.01 1 72 0
15372 309.333 7.62033 0.01 1 72 0
15392 306.364 7.86176 0.01 1 72 0
15426 310.383 8.31783 0.01 1 72 0
15434 306.651 7.86176 0.01 1 72 0
15439 308.589 7.97884 0.01 1 72 0
15495 314.732 8.09795 0.01 1 98 0
15558 315.522 7.7798 0.01 1 96 0
15573 315.17 8.09661 0.01 1 96 0
15596 314.732 8.03598 0.01 1 98 0
15610 310.783 7.66502 0.01 1 72 0
15611 303.189 7.63806 0.01 1 38 0
15625 309.716 7.96388 0.01 1 72 0
15651 309.118 8.48411 0.01 1 72 0
15682 308.547 7.92801 0.01 1 72 0
15711 314.732 8.03598 0.01 1 98 0
15792 310.168 7.62033 0.01 1 72 0
15835 307.864 7.96044 0.01 1 72 0
15843 308.909 7.92801 0.01 1 72 0
15864 301.749 7.63806 0.01 1 38 0
15880 304.715 7.62193 0.01 1 38 0
15901 309.543 7.62008 0.01 1 72 0
15904 302.246 7.48239 0.01 1 38 0
15991 315.457 8.22895 0.01 1 96 0
16076 301.749 7.63806 0.01 1 38 0
16079 309.013 7.88563 0.01 1 72 0
16127 308.116 7.87814 0.01 1 72 0
16129 308.305 7.71296 0.01 1 72 0
16153 310.779 8.11263 0.01 1 72 0
16160 301.749 7.63806 0.01 1 38 0
16202 317.284 8.18287 0.01 1 97 0.0227199
16221 315.457 8.09661 0.01 1 97 0
16223 310.779 8.11263 0.01 1 72 0
16280 311.022 7.59528 0.01 1 72 0
16290 314.543 7.90949 0.01 1 96 0
16293 315.457 8.09661 0.01 1 97 0
16362 301.749 7.63806 0.01 1 38 0
16364 307.395 8.15525 0.01 1 72 0
16435 301.749 7.63806 0.01 1 36 0
16494 315.76 8.09345 0.01 1 97 0
16566 308.496 8.26272 0.01 1 72 0
16606 309.083 8.23637 0.01 1 72 0
16640 308.305 7.71296 0.01 1 72 0
16675 302.246 7.48239 0.01 1 37 0
16676 309.874 7.73341 0.01 1 72 0
16679 308.786 7.62033 0.01 1 72 0
16689 308.305 7.71296 0.01 1 72 0
16693 315.713 7.92815 0.01 1 97 0
16702 302.246 7.48239 0.01 1 38 0
16725 308.992 8.39985 0.01 1 72 1.60635e-05
16727 303.189 7.63806 0.01 1 38 0
16728 311.337 7.77725 0.01 1 72 0
16760 311.337 7.77725 0.01 1 72 0
16811 307.864 7.96044 0.01 1 72 0
16853 315.457 8.12697 0.01 1 97 0
16854 303.969 7.86903 0.01 1 38 0
16868 315.457 8.09661 0.01 1 98 0
16915 303.189 7.67302 0.01 1 38 0
16954 302.246 7.48239 0.01 1 38 0
16963 308.116 7.87814 0.01 1 72 0
16973 303.801 7.63806 0.01 1 37 0
17004 310.891 8.01238 0.01 1 72 0
17024 309.336 7.71975 0.01 1 72 0
17063 309.333 7.62033 0.01 1 72 0
17122 303.189 7.63806 0.01 1 38 0
17125 307.879 7.7252 0.01 1 72 0
17129 309.083 8.55976 0.01 1 72 0
17143 308.272 8.33889 0.01 1 72 0
17215 301.749 7.63806 0.01 1 36 0
17236 309.716 7.96388 0.01 1 72 0
17285 307.864 7.96044 0.01 1 72 0
17299 303.189 7.63806 0.01 1 38 0
17350 303.189 7.63806 0.01 1 38 0
17361 301.749 7.63806 0.01 1 38 0
17435 308.116 7.87814 0.01 1 72 0
17436 313.377 8.01228 0.01 1 97 0
17450 302.246 7.48239 0.01 1 38 0
17515 310.891 8.16774 0.01 1 72 0
17536 307.553 7.80078 0.01 1 72 0
17564 316.322 8.09661 0.01 1 96 0
17569 316.422 8.12697 0.01 1 98 0.0133008
17573 306.651 7.86176 0.01 1 72 0
17579 317.014 8.12697 0.01 1 96 0
17583 315.457 8.09661 0.01 1 98 0
17591 315.713 7.92815 0.01 1 96 0
17596 315.851 7.92815 0.01 1 96 0
17633 315.457 8.12697 0.01 1 97 0
17681 304.715 7.53809 0.01 1 38 0
17699 303.189 7.63806 0.01 1 38 0
17734 314.732 8.09795 0.01 1 98 0
17766 306.651 7.86176 0.01 1 72 0
17793 315.457 8.09661 0.01 1 97 0
17815 307.527 7.89342 0.01 1 72 0
17818 315.457 8.12791 0.01 1 98 1.08033e-05
17850 309.874 7.73341 0.01 1 72 0
17867 310.891 8.16774 0.01 1 72 0
17910 303.801 7.66107 0.01 1 38 0.00043273
17949 303.189 7.63806 0.01 1 38 0
18018 307.934 8.28129 0.01 1 72 0
18138 315.457 8.09661 0.01 1 96 0
18171 308.539 8.29791 0.01 1 72 0
18231 306.092 8.53866 0.01 1 72 0
18294 301.749 7.63806 0.01 1 36 0
18296 307.864 7.96044 0.01 1 72 0
18298 316.326 8.09661 0.01 1 96 0
18316 307.527 7.89342 0.01 1 72 0
18332 310.783 7.64235 0.01 1 72 0
18429 302.246 7.48239 0.01 1 38 0
18438 301.749 7.63806 0.01 1 38 0
18488 309.874 7.73341 0.01 1 72 0
18533 309.333 7.62033 0.01 1 72 0
18538 307.864 7.96044 0.01 1 72 0
18622 307.864 7.96044 0.01 1 72 0
18634 317.014 8.12697 0.01 1 96 0
18638 315.457 8.09661 0.01 1 96 0
18644 314.732 8.09795 0.01 1 97 0
18655 301.749 7.63806 0.01 1 38 0
18711 307.97 7.95685 0.01 1 72 0
18715 315.457 8.09661 0.01 1 97 0
18726 304.715 7.53809 0.01 1 38 0
18841 308.589 7.97884 0.01 1 72 0
18856 315.713 7.92815 0.01 1 96 0
18858 315.457 8.09661 0.01 1 96 0
18878 316.322 8.09661 0.01 1 96 0
18944 307.592 8.33889 0.01 1 72 0
18974 307.733 7.90664 0.01 1 72 0
18985 308.116 7.87814 0.01 1 72 0
19001 315.457 8.09661 0.01 1 98 0
19006 304.715 7.53809 0.01 1 38 0
19020 315.457 8.09661 0.01 1 98 0
19074 314.732 8.09795 0.01 1 97 0
19079 315.457 8.09661 0.01 1 97 0
19091 315.457 8.09661 0.01 1 97 0
19106 315.457 8.09661 0.01 1 98 0
19164 309.022 7.92142 0.01 1 72 0
19184 307.602 7.97945 0.01 1 72 0
19227 301.749 7.63806 0.01 1 38 0
19262 314.732 8.09795 0.01 1 98 0
19303 317.014 8.12697 0.01 1 96 0
19322 303.074 7.67302 0.01 1 38 0
19365 304.715 7.62193 0.01 1 37 0
19390 307.527 7.89342 0.01 1 72 0
19396 310.383 8.31783 0.01 1 72 0
19426 309.333 7.62033 0.01 1 72 0
19453 303.189 7.63806 0.01 1 37 0
19480 315.457 8.22895 0.01 1 96 0
19481 313.377 8.01228 0.01 1 97 0
19498 315.457 8.09661 0.01 1 98 0
19503 310.383 8.31783 0.01 1 72 0
19524 308.496 8.3158 0.01 1 72 0
19543 307.864 7.96044 0.01 1 72 0
19696 308.272 8.33889 0.01 1 72 0
19701 310.779 8.11263 0.01 1 72 0
19754 303.189 7.63806 0.01 1 36 0
19805 307.864 7.96044 0.01 1 72 0
19836 309.333 7.62033 0.01 1 72 0
19956 311.337 7.77725 0.01 1 72 0
20041 301.749 7.63806 0.01 1 38 0
20044 301.749 7.63806 0.01 1 38 0
20055 315.457 8.09661 0.01 1 97 0
20070 309.716 7.96388 0.01 1 72 0
20110 315.457 8.09661 0.01 1 97 0
20117 309.005 8.33938 0.01 1 72 0
20128 315.851 7.9288 0.01 1 96 0
20203 311.199 8.09701 0.01 1 72 0
20237 308.272 8.33889 0.01 1 72 0
20250 309.083 8.23637 0.01 1 72 0
20254 315.457 8.21266 0.01 1 96 0
20268 301.749 7.63806 0.01 1 38 0
20291 303.189 7.63806 0.01 1 38 0
20345 307.553 7.64463 0.01 1 72 0
20355 315.457 8.09661 0.01 1 97 0
20374 307.553 7.80078 0.01 1 72 0
20376 307.879 7.72047 0.01 1 72 0
20389 315.457 8.21266 0.01 1 96 0
20438 314.732 8.03598 0.01 1 98 0
20504 301.749 7.63806 0.01 1 38 0
20510 301.749 7.63806 0.01 1 38 0
20539 302.246 7.48239 0.01 1 38 0
20640 307.385 8.15537 0.01 1 72 0
20677 303.801 7.63806 0.01 1 38 0
20697 314.732 8.09795 0.01 1 96 0
20706 308.305 7.71296 0.01 1 72 0
20741 302.246 7.48239 0.01 1 38 0
20758 308.589 7.97884 0.01 1 72 0
20767 316.649 8.09661 0.01 1 96 0
20784 303.189 7.63806 0.01 1 38 0
20787 314.732 8.09795 0.01 1 98 0
20795 315.294 8.21266 0.01 1 96 0
20844 309.716 7.96388 0.01 1 72 0
20975 314.732 8.09795 0.01 1 97 0
20985 315.457 8.15805 0.01 1 97 0
21014 310.383 8.31783 0.01 1 72 0
21050 307.864 7.96044 0.01 1 72 0
21077 315.457 8.12697 0.01 1 97 0
21118 308.539 8.29791 0.01 1 72 0
21120 316.649 8.09661 0.01 1 97 0
21177 316.649 8.09661 0.01 1 97 0
21249 315.457 8.09661 0.01 1 97 0
21333 310.469 8.30846 0.01 1 72 -3.02494e-06
21379 309.083 8.0441 0.01 1 72 -5.06639e-07
21387 315.457 8.09661 0.01 1 96 0
21487 314.732 8.09795 0.01 1 98 0
21497 307.859 7.71296 0.01 1 72 -0.00135513
21554 315.457 8.09661 0.01 1 98 0
21575 315.265 8.09653 0.01 1 96 0
21578 310.383 8.31783 0.01 1 72 0
21608 304.313 7.60231 0.01 1 38 0
21624 310.645 8.33889 0.01 1 72 0
21708 307.385 8.15537 0.01 1 72 0
21716 315.457 8.18287 0.01 1 97 0
21777 308.305 7.71296 0.01 1 72 0
21815 307.553 7.80078 0.01 1 72 0
21830 309.716 7.96388 0.01 1 72 0
21883 314.732 8.09795 0.01 1 98 0
21889 308.011 7.8655 0.01 1 72 0
21917 303.189 7.63806 0.01 1 37 0
21959 308.426 7.87814 0.01 1 72 0
21977 310.521 8.16774 0.01 1 72 0
21980 314.837 8.12697 0.01 1 96 0
22003 307.602 7.97945 0.01 1 72 0
22024 309.118 8.48411 0.01 1 72 0
22026 308.496 8.26272 0.01 1 72 0
22040 315.457 8.09661 0.01 1 97 0
22068 308.944 7.84648 0.01 1 72 0
22084 307.385 8.15537 0.01 1 72 0
22137 302.246 7.48239 0.01 1 38 0
22154 315.457 8.09661 0.01 1 97 0
22174 304.715 7.62193 0.01 1 37 0
22202 308.116 7.87814 0.01 1 72 0
22274 301.749 7.63806 0.01 1 38 0
22277 303.189 7.63806 0.01 1 38 0
22296 308.426 7.98998 0.01 1 72 0
22345 315.457 8.09661 0.01 1 98 0
22364 303.189 7.63806 0.01 1 38 0
22408 314.961 7.7798 0.01 1 96 -0.00726256
22453 307.602 7.92697 0.01 1 72 0
22573 307.864 7.96044 0.01 1 72 0
22576 315.457 8.12697 0.01 1 97 0
22600 309.716 7.96388 0.01 1 72 0
22749 309.045 8.00463 0.01 1 72 0
22751 307.602 7.97945 0.01 1 72 0
22757 309.375 8.24839 0.01 1 72 -0.00016202
22758 314.732 8.09795 0.01 1 97 0
22774 315.457 8.12697 0.01 1 98 0
22782 310.891 8.20812 0.01 1 72 5.08875e-05
22803 308.145 7.72047 0.01 1 72 0.000868782
22814 308.116 7.87814 0.01 1 72 0
22854 315.457 8.09661 0.01 1 97 0
22985 314.732 8.09795 0.01 1 98 0
22996 301.749 7.63806 0.01 1 38 0
23007 307.864 7.96044 0.01 1 72 0
23014 309.083 8.55976 0.01 1 72 0
23015 307.879 7.7252 0.01 1 72 0
23022 303.801 7.7812 0.01 1 38 0
23046 310.891 8.16774 0.01 1 72 0
23060 309.083 8.24839 0.01 1 72 0
23064 308.716 8.16321 0.01 1 72 0
23066 307.934 8.16321 0.01 1 72 0
23208 315.457 8.09661 0.01 1 97 0
23229 301.749 7.67338 0.01 1 38 0.000660777
23245 307.879 7.7252 0.01 1 72 0
23354 315.457 8.17586 0.01 1 97 0.00049758
23369 307.864 7.96044 0.01 1 72 0
23403 315.457 8.22895 0.01 1 96 0
23433 309.118 8.48445 0.01 1 72 0
23460 301.749 7.63806 0.01 1 37 0
23511 309.716 7.96388 0.01 1 72 0
23524 303.189 7.63806 0.01 1 37 0
23535 316.649 8.09661 0.01 1 97 0
23685 309.118 8.48411 0.01 1 72 0
23695 315.457 8.21266 0.01 1 96 0
23708 302.246 7.48239 0.01 1 38 0
23725 315.457 8.09661 0.01 1 96 0
23741 303.431 7.63806 0.01 1 38 0
23751 317.014 8.12697 0.01 1 96 0
23757 307.864 7.96044 0.01 1 72 0
23789 315.457 8.09661 0.01 1 98 0
23825 315.457 8.09661 0.01 1 97 0
23842 309.716 7.96388 0.01 1 72 0
23857 307.321 8.3082 0.01 1 72 0
23869 308.786 7.62033 0.01 1 72 0
23874 315.457 8.09661 0.01 1 96 0
23880 308.716 8.16321 0.01 1 72 0
23894 309.062 7.92142 0.01 1 72 -5.26011e-06
23924 301.749 7.63806 0.01 1 38 0
23929 304.715 7.53809 0.01 1 38 0
23954 308.533 7.63396 0.01 1 72 0
23955 308.305 7.71296 0.01 1 72 0
23991 315.76 8.09345 0.01 1 97 0
24053 302.246 7.48239 0.01 1 38 0
24063 308.716 8.16321 0.01 1 72 0
24066 308.589 7.97884 0.01 1 72 0
24078 309.543 7.62008 0.01 1 72 0
24082 301.749 7.63806 0.01 1 36 0
24188 315.17 8.09661 0.01 1 96 0
24197 315.457 8.22895 0.01 1 96 0
24228 303.969 7.86903 0.01 1 38 0
24240 303.801 7.63806 0.01 1 38 0
24251 315.265 8.09653 0.01 1 96 2.95341e-05
24252 311.419 8.04741 0.01 1 72 0
24261 316.649 8.09661 0.01 1 96 0
24353 307.733 7.90664 0.01 1 72 0
24361 315.265 8.09345 0.01 1 96 0
24375 309.083 8.24839 0.01 1 72 0
24386 314.732 8.03598 0.01 1 98 0
24398 314.732 8.09795 0.01 1 97 0
24479 315.457 8.09661 0.01 1 97 0
24491 307.879 7.72047 0.01 1 72 0
24506 314.961 7.7798 0.01 1 96 0
24515 308.496 8.33938 0.01 1 72 0
24559 307.864 7.96044 0.01 1 72 0
24564 309.333 7.62033 0.01 1 72 0
24568 303.189 7.63806 0.01 1 38 0
24623 309.333 7.62033 0.01 1 72 0
24675 310.891 8.20812 0.01 1 72 0
24712 304.715 7.53809 0.01 1 37 0
24713 310.891 8.16774 0.01 1 72 0
24736 310.891 8.38229 0.01 1 72 0
24742 308.589 7.97884 0.01 1 72 0
24778 309.333 7.62033 0.01 1 72 0
24799 315.457 8.21266 0.01 1 96 0
24819 315.713 7.92815 0.01 1 96 0
24889 307.527 7.89342 0.01 1 72 0
24941 308.539 8.29791 0.01 1 72 0
24950 309.267 8.23478 0.01 1 72 0
24957 315.76 8.09345 0.01 1 96 0
24958 307.395 8.15525 0.01 1 72 0
24994 309.52 7.93695 0.01 1 72 0
25028 315.457 8.09661 0.01 1 97 0
25035 304.715 7.53809 0.01 1 38 0
25044 314.732 8.09795 0.01 1 98 0
25047 315.713 7.92815 0.01 1 96 0
25080 315.457 8.09661 0.01 1 97 0
25082 311.199 8.09701 0.01 1 72 0
25085 315.713 7.92815 0.01 1 96 0
25145 309.267 8.16706 0.01 1 72 0
25156 310.891 8.28992 0.01 1 72 0.000151783
25170 303.801 7.63806 0.01 1 38 0
25194 315.457 8.12697 0.01 1 96 0
25206 314.732 8.09795 0.01 1 98 0
25284 302.246 7.48239 0.01 1 38 0
25363 303.189 7.63806 0.01 1 38 0
25374 303.189 7.63806 0.01 1 38 0
25410 307.879 7.7252 0.01 1 72 0
25415 303.189 7.63806 0.01 1 38 0
25461 315.457 8.09661 0.01 1 97 0
25486 312.338 8.18058 0.01 1 72 0
25565 309.083 8.24839 0.01 1 72 0
25598 313.377 8.01228 0.01 1 98 0
25601 315.457 8.17588 0.01 1 96 0
25662 315.457 8.09661 0.01 1 97 0
25673 315.457 8.09661 0.01 1 97 0
25680 308.426 7.87814 0.01 1 72 0
25723 315.265 8.09653 0.01 1 96 0
25731 316.649 8.09661 0.01 1 97 0
