max_pf 101 min_pf 29
individual T0 sigma disp_rate r0 patch_no mut_eff
18 300.999 8.16183 0.01 1 31 0
47 309.692 8.26354 0.01 1 72 0
52 316.133 8.15383 0.01 1 100 0
166 314.774 8.15383 0.01 1 99 0
186 308.615 8.11149 0.01 1 72 0
236 316.324 8.37767 0.01 1 100 0
290 308.846 8.17924 0.01 1 72 0
395 316.324 8.37767 0.01 1 100 0
432 301.103 8.04663 0.01 1 31 0
443 317.124 8.37767 0.01 1 99 0
467 309.141 8.18924 0.01 1 72 -8.04663e-07
522 314.101 8.33395 0.01 1 99 0
558 301.143 8.04663 0.01 1 30 0
585 309.064 8.05361 0.01 1 72 0
596 301.103 8.04663 0.01 1 30 0
685 317.124 8.37767 0.01 1 99 0
805 316.324 8.25362 0.01 1 100 0
821 301.103 8.06384 0.01 1 30 0
826 309.265 8.01211 0.01 1 72 0
841 300.682 8.04663 0.01 1 31 0
847 308.384 7.62375 0.01 1 72 0
866 306.97 8.12042 0.01 1 72 0
883 316.133 8.29459 0.01 1 99 0.00151071
898 301.103 8.06384 0.01 1 31 0
960 319.155 8.37767 0.01 1 99 0.021754
968 317.124 8.39062 0.01 1 99 0
991 308.846 8.17924 0.01 1 72 0
1015 301.681 8.04663 0.01 1 30 0
1042 300.661 8.04663 0.01 1 30 0
1067 316.324 8.37767 0.01 1 100 0
1151 309 7.74976 0.01 1 72 0
1198 308.418 8.10055 0.01 1 72 0
1236 308.712 7.81065 0.01 1 72 0
1258 308.141 8.18467 0.01 1 72 0
1323 301.681 8.08867 0.01 1 31 0
1376 310.285 7.91957 0.01 1 72 0
1377 302.279 8.04663 0.01 1 31 0
1398 300.682 8.04663 0.01 1 31 0
1406 309 7.74976 0.01 1 72 0
1467 309.645 8.05948 0.01 1 72 0
1520 309.104 8.12649 0.01 1 72 0
1575 301.962 8.04663 0.01 1 31 0
1586 319.008 8.37767 0.01 1 99 0
1605 309.064 8.05361 0.01 1 72 0
1632 309.278 7.97143 0.01 1 72 0
1646 317.124 8.37767 0.01 1 99 0
1648 308.712 7.75724 0.01 1 72 0
1658 307.933 7.90522 0.01 1 72 0
1667 309.706 8.22566 0.01 1 72 0
1683 309.265 8.01152 0.01 1 72 0
1700 315.765 8.35266 0.01 1 99 0
1727 312.416 8.21137 0.01 1 72 0
1767 300.415 8.04663 0.01 1 31 0
1780 300.682 8.04663 0.01 1 30 0
1833 316.324 8.37767 0.01 1 100 0
1835 317.124 8.37767 0.01 1 100 0
1858 317.124 8.39062 0.01 1 99 0
1923 310.206 7.89845 0.01 1 72 0
1936 307.229 8.1768 0.01 1 72 0
2018 300.682 8.04663 0.01 1 30 0
2048 308.384 7.62375 0.01 1 72 0
2089 303.6 7.97412 0.01 1 31 0
2144 301.962 8.04663 0.01 1 31 0
2157 308.506 8.27441 0.01 1 72 0
2179 301.681 8.08867 0.01 1 30 0
2201 301.143 8.04663 0.01 1 30 0
2211 300.415 8.04663 0.01 1 31 0
2238 301.962 8.04663 0.01 1 31 0
2253 308.384 7.80964 0.01 1 72 0
2278 309.706 8.22566 0.01 1 72 0
2319 301.962 8.04663 0.01 1 30 0
2457 301.103 8.04663 0.01 1 31 0
2468 309.278 7.97143 0.01 1 72 0
2470 315.433 8.15383 0.01 1 101 0
2505 308.183 7.95877 0.01 1 72 0
2520 315.765 8.35266 0.01 1 99 0
2543 314.774 8.15383 0.01 1 101 0
2550 301.681 8.10995 0.01 1 30 0
2557 308.913 7.66391 0.01 1 72 0
2635 309.265 8.0738 0.01 1 72 0
2650 309 7.74976 0.01 1 72 0
2704 309.767 7.77523 0.01 1 72 0
2734 301.962 8.04663 0.01 1 31 0
2752 308.013 7.96593 0.01 1 72 0
2778 301.962 8.10575 0.01 1 31 0
2798 309.362 8.17924 0.01 1 72 -0.00015907
2853 306.478 7.94057 0.01 1 72 0
2855 309.278 7.97143 0.01 1 72 0
2940 301.506 8.04663 0.01 1 31 0
2984 310.463 7.78145 0.01 1 72 0
3020 308.141 8.18467 0.01 1 72 0
3067 307.039 8.25126 0.01 1 72 0
3145 301.681 8.08867 0.01 1 30 0
3361 310.373 8.22566 0.01 1 72 0
3377 308.384 7.80964 0.01 1 72 0
3414 316.133 8.29459 0.01 1 99 0
3420 300.415 8.04663 0.01 1 31 0
3444 309.767 7.77523 0.01 1 72 0
3499 308.384 7.62375 0.01 1 72 0
3501 307.039 8.27001 0.01 1 72 0
3514 309.106 8.12042 0.01 1 72 0
3553 308.506 8.27441 0.01 1 72 0
3558 301.103 8.06384 0.01 1 31 0
3607 301.962 8.04663 0.01 1 30 0
3652 300.415 8.03421 0.01 1 31 -0.000224926
3657 301.962 8.04663 0.01 1 30 0
3677 301.962 8.04663 0.01 1 31 0
3782 300.415 8.04663 0.01 1 31 0
3883 309.141 8.18924 0.01 1 72 0
3884 301.962 8.04663 0.01 1 30 0
3886 309.645 8.05948 0.01 1 72 0
4039 301.103 8.04663 0.01 1 31 0
4042 301.103 8.04663 0.01 1 31 0
4101 309.064 8.05361 0.01 1 72 0
4103 301.962 8.04663 0.01 1 31 0
4107 308.336 7.97143 0.01 1 72 0
4115 316.324 8.37767 0.01 1 100 0
4127 317.124 8.37767 0.01 1 99 0
4164 309.117 8.12992 0.01 1 72 0
4168 309.645 8.05948 0.01 1 72 0
4259 308.013 7.96593 0.01 1 72 0
4278 301.962 8.04663 0.01 1 31 0
4332 308.786 8.25191 0.01 1 72 0
4350 309.265 8.0738 0.01 1 72 0
4367 299.427 8.04663 0.01 1 30 0
4373 300.999 8.16183 0.01 1 31 0
4627 315.104 8.15383 0.01 1 100 0
4637 309.265 8.01211 0.01 1 72 0
4702 301.962 8.04663 0.01 1 31 0
4765 308.013 7.96593 0.01 1 72 0
4878 310.206 7.89845 0.01 1 72 0
4883 317.124 8.37767 0.01 1 99 0
4948 308.786 8.25191 0.01 1 72 0
4994 302.279 8.04663 0.01 1 31 0
5028 301.962 8.04663 0.01 1 29 0
5039 309.645 8.05948 0.01 1 72 0
5115 314.774 8.15383 0.01 1 99 0
5174 302.603 8.04663 0.01 1 31 -0.0155016
5188 301.103 8.04663 0.01 1 31 0
5327 301.962 8.04663 0.01 1 30 0
5334 300.415 8.04663 0.01 1 31 0
5336 309.265 8.01211 0.01 1 72 0
5352 301.962 7.92576 0.01 1 31 0
5379 301.681 8.04663 0.01 1 31 0
5393 308.408 8.11149 0.01 1 72 0
5394 317.124 8.37767 0.01 1 99 0
5403 301.681 8.04663 0.01 1 31 0
5500 314.774 8.15383 0.01 1 100 0
5515 317.124 8.37767 0.01 1 99 0
5519 314.101 8.33395 0.01 1 99 0
5537 307.933 7.90522 0.01 1 72 0
5580 308.141 8.12946 0.01 1 72 0
5652 309.106 8.11695 0.01 1 72 0
5672 300.3 8.04663 0.01 1 31 0
5677 308.013 7.96593 0.01 1 72 0
5699 308.712 7.75724 0.01 1 72 0
5749 300.661 8.04663 0.01 1 30 0
5784 301.592 8.04663 0.01 1 31 0
5813 315.148 8.25362 0.01 1 100 0
5880 301.962 8.04663 0.01 1 31 0
5895 310.285 7.91957 0.01 1 72 0
5918 317.576 8.37767 0.01 1 99 0.00544767
5925 314.774 8.15383 0.01 1 101 0
5933 317.124 8.37767 0.01 1 99 0
5943 315.765 8.35266 0.01 1 99 0
5944 309 7.74976 0.01 1 72 0
5976 301.962 8.04663 0.01 1 30 0
6018 301.143 8.04663 0.01 1 30 0
6024 317.124 8.37767 0.01 1 99 0
6064 306.407 8.25191 0.01 1 72 -0.00950642
6146 317.124 8.37767 0.01 1 100 0
6159 311.025 7.79607 0.01 1 72 0
6203 309.645 8.05948 0.01 1 72 0
6254 301.681 8.04663 0.01 1 31 0
6291 310.209 8.09105 0.01 1 72 0
6292 309.106 8.11695 0.01 1 72 0
6310 316.324 8.37767 0.01 1 100 0
6427 309 8.30557 0.01 1 72 0
6460 314.774 8.15383 0.01 1 99 0
6475 317.124 8.37767 0.01 1 99 0
6529 308.141 8.18467 0.01 1 72 0
6554 315.104 8.15383 0.01 1 100 0
6581 309 8.30557 0.01 1 72 0
6583 301.681 8.08867 0.01 1 29 0
6663 300.415 8.04663 0.01 1 30 0
6680 306.97 8.12042 0.01 1 72 0
6794 308.513 7.62375 0.01 1 72 0
6805 318.528 8.37767 0.01 1 100 0.0158537
6830 308.786 8.25191 0.01 1 72 0
6847 310.121 8.0392 0.01 1 72 0
6887 310.843 8.12649 0.01 1 72 0
6923 301.962 8.04663 0.01 1 30 0
6971 315.194 8.33395 0.01 1 100 0
6982 317.124 8.37767 0.01 1 100 0
6992 300.415 8.04663 0.01 1 31 0
7017 301.825 8.04663 0.01 1 31 0
7053 301.681 8.04663 0.01 1 31 0
7073 317.124 8.37767 0.01 1 99 0
7084 302.059 8.04663 0.01 1 30 0
7098 317.124 8.37767 0.01 1 99 0
7176 302.059 8.04663 0.01 1 31 0
7184 309.767 7.77523 0.01 1 72 0
7191 309.278 7.97143 0.01 1 72 0
7201 314.774 8.15383 0.01 1 99 0
7226 307.933 7.90522 0.01 1 72 0
7283 309.767 7.77523 0.01 1 72 0
7302 319.155 8.37767 0.01 1 99 0
7321 307.474 7.90944 0.01 1 72 0
7344 316.324 8.37767 0.01 1 100 0
7364 310.503 7.75066 0.01 1 72 0
7387 309.645 8.05948 0.01 1 72 0
7421 308.923 8.35528 0.01 1 72 0
7422 301.103 8.04663 0.01 1 31 0
7428 301.681 8.08867 0.01 1 31 0
7489 316.324 8.3969 0.01 1 101 0
7508 301.962 8.04663 0.01 1 31 0
7533 308.408 8.11149 0.01 1 72 0
7537 316.452 8.37767 0.01 1 99 -0.00861314
7557 310.206 7.89845 0.01 1 72 0
7562 314.774 8.15383 0.01 1 101 0
7576 300.415 8.04663 0.01 1 31 0
7582 315.148 8.25362 0.01 1 100 0
7622 308.418 8.16055 0.01 1 72 0
7758 309.106 8.11695 0.01 1 72 0
7759 301.103 8.04663 0.01 1 31 0
7788 309.645 8.08717 0.01 1 72 0
7829 316.324 8.37767 0.01 1 100 0
7880 307.039 8.27001 0.01 1 72 0
7893 310.206 7.89845 0.01 1 72 0
7921 308.572 7.94349 0.01 1 72 0
7940 312.61 7.86355 0.01 1 72 0
7953 306.88 7.80964 0.01 1 72 -0.00557451
7977 301.681 8.08867 0.01 1 31 0
7981 309.117 8.12992 0.01 1 72 0
8096 300.694 8.04663 0.01 1 31 0
8166 315.148 8.25362 0.01 1 100 0
8191 310.373 8.22566 0.01 1 72 0
8212 310.676 8.11695 0.01 1 72 0
8244 309.141 8.30234 0.01 1 72 0
8276 302.059 8.04663 0.01 1 31 0
8277 317.124 8.37767 0.01 1 100 0
8296 309 8.25191 0.01 1 72 0
8302 310.373 8.22566 0.01 1 72 0
8350 301.962 8.04663 0.01 1 31 0
8396 301.592 8.04663 0.01 1 31 0
8400 301.681 8.08867 0.01 1 29 0
8547 301.962 8.04663 0.01 1 30 0
8590 308.786 8.25191 0.01 1 72 0
8591 308.141 8.18467 0.01 1 72 0
8666 302.121 8.04663 0.01 1 31 0
8785 300.661 8.04663 0.01 1 30 0
8820 317.124 8.37767 0.01 1 99 0
8857 317.124 8.37767 0.01 1 99 0
8900 301.962 8.04663 0.01 1 30 0
8906 309.645 8.05948 0.01 1 72 0
8976 309.265 8.0738 0.01 1 72 0
8978 302.279 8.04663 0.01 1 31 0
9013 301.962 7.92576 0.01 1 31 -0.00206409
9042 315.433 8.15383 0.01 1 101 0
9043 309.212 8.22688 0.01 1 72 0
9127 317.124 8.37767 0.01 1 99 0
9154 301.681 8.10995 0.01 1 31 0
9172 300.682 8.04663 0.01 1 31 0
9311 314.774 8.15383 0.01 1 100 0
9343 308.141 8.18467 0.01 1 72 0
9364 308.141 8.28214 0.01 1 72 2.54363e-05
9391 300.3 8.04663 0.01 1 31 0
9397 309.117 8.12992 0.01 1 72 0
9424 308.197 7.85357 0.01 1 72 0
9450 316.324 8.37767 0.01 1 100 0
9456 307.483 8.30557 0.01 1 72 0
9499 308.384 7.62375 0.01 1 72 0
9549 313.487 8.10819 0.01 1 101 -0.000792466
9556 309.929 8.30234 0.01 1 72 0
9647 301.681 8.10995 0.01 1 31 0
9708 301.143 8.03625 0.01 1 31 0
9740 306.67 7.99654 0.01 1 72 0
9749 309.106 8.11695 0.01 1 72 0
9802 308.923 8.35528 0.01 1 72 -8.6084e-05
9803 301.681 8.08867 0.01 1 31 0
9843 309.064 8.05361 0.01 1 72 0
9900 301.103 8.04663 0.01 1 31 0
9901 314.774 8.15383 0.01 1 100 0
9994 300.415 8.04663 0.01 1 31 0
10026 309.106 8.11695 0.01 1 72 0
10073 300.415 8.04663 0.01 1 31 0
10090 302.121 8.04663 0.01 1 31 0
10187 309.265 8.0738 0.01 1 72 0
10221 308.923 8.38878 0.01 1 72 2.01166e-06
10237 315.104 8.15383 0.01 1 100 0
10253 308.418 8.12992 0.01 1 72 0
10300 301.962 8.04663 0.01 1 30 0
10322 309.265 8.01211 0.01 1 72 0
10323 301.962 8.04663 0.01 1 30 0
10339 309.767 7.77523 0.01 1 72 0
10355 307.933 7.96353 0.01 1 72 0
10411 301.681 8.04663 0.01 1 31 0
10453 318.631 7.68687 0.01 1 99 0
10523 301.681 8.10995 0.01 1 30 0
10524 301.681 8.04663 0.01 1 31 0
10569 300.415 8.04663 0.01 1 31 0
10570 317.124 8.37767 0.01 1 99 0
10610 300.415 8.04663 0.01 1 31 0
10627 302.279 8.04663 0.01 1 30 0
10739 308.506 8.27441 0.01 1 72 0
10801 300.415 8.04663 0.01 1 31 0
10846 308.384 7.62375 0.01 1 72 0
10848 300.682 8.04663 0.01 1 31 0
10884 300.415 8.04663 0.01 1 31 0
10892 308.408 8.11149 0.01 1 72 -0.00030607
10893 300.721 8.04663 0.01 1 31 0
10896 303.6 7.97412 0.01 1 31 0
10912 301.962 8.04663 0.01 1 31 0
10942 299.427 8.04663 0.01 1 30 0
10976 309.064 8.05361 0.01 1 72 0
10979 317.124 8.37767 0.01 1 99 0
10991 310.078 8.09105 0.01 1 72 0
11001 309.106 8.11695 0.01 1 72 0
11033 316.324 8.25362 0.01 1 100 0
11093 301.962 8.04663 0.01 1 30 0
11171 309 7.74976 0.01 1 72 0
11250 301.962 7.98263 0.01 1 31 0
11256 308.384 7.62375 0.01 1 72 0
11442 309 8.30557 0.01 1 72 0
11473 300.682 8.04663 0.01 1 31 0
11483 309.141 8.30234 0.01 1 72 0
11491 314.774 8.15383 0.01 1 100 0
11511 300.682 8.04663 0.01 1 31 0
11537 300.682 8.04663 0.01 1 31 0
11544 301.962 8.04663 0.01 1 31 0
11604 314.774 8.15383 0.01 1 100 0
11606 310.206 7.89845 0.01 1 72 0
11614 309 8.30557 0.01 1 72 0
11692 308.923 8.35528 0.01 1 72 0
11737 308.013 7.96593 0.01 1 72 0
11756 306.97 8.12042 0.01 1 72 0
11791 317.124 8.39062 0.01 1 99 0
11824 308.013 7.96593 0.01 1 72 0
11837 300.999 8.16183 0.01 1 31 0
11849 308.384 7.52737 0.01 1 72 -1.66446e-05
11876 315.148 8.25362 0.01 1 100 -0.0168862
11926 307.933 7.90522 0.01 1 72 0
11936 300.415 8.04663 0.01 1 31 0
11937 308.698 8.16963 0.01 1 72 0
11938 317.124 8.37767 0.01 1 99 0
11955 314.774 8.15383 0.01 1 101 0
11970 301.143 8.04663 0.01 1 31 0
12011 309.645 8.05948 0.01 1 72 0
12051 300.415 8.04663 0.01 1 30 0
12067 314.774 8.15383 0.01 1 100 0
12104 309.106 8.06357 0.01 1 72 0
12130 317.124 8.37767 0.01 1 99 0
12144 301.103 8.06384 0.01 1 31 0
12158 301.103 8.04663 0.01 1 31 0
12191 300.415 8.04663 0.01 1 31 0
12200 302.059 7.8057 0.01 1 31 -0.00409127
12378 306.97 8.12042 0.01 1 72 0
12440 307.039 8.25126 0.01 1 72 0
12508 314.774 8.15383 0.01 1 99 0
12587 301.962 8.04663 0.01 1 31 0
12606 314.774 8.15383 0.01 1 101 0
12696 300.415 8.04663 0.01 1 31 0
12717 309.141 8.30234 0.01 1 72 0
12738 303.6 7.97412 0.01 1 31 0
12813 300.682 8.02022 0.01 1 30 -0.000475861
12830 310.676 8.11695 0.01 1 72 0
12872 317.124 8.37767 0.01 1 99 0
12876 301.681 8.08867 0.01 1 31 0
12877 316.324 8.37767 0.01 1 100 0
12907 300.661 8.04663 0.01 1 30 0
12955 316.324 8.37767 0.01 1 100 0
12958 301.962 8.04663 0.01 1 29 0
13071 301.962 8.04663 0.01 1 29 0
13084 309.265 8.01211 0.01 1 72 0
13100 316.133 8.15383 0.01 1 99 0
13140 301.962 8.04663 0.01 1 31 0
13141 309.645 8.05948 0.01 1 72 0
13170 309 8.30557 0.01 1 72 0
13177 300.694 8.04663 0.01 1 31 0
13183 308.013 7.96593 0.01 1 72 0
13196 308.786 8.25191 0.01 1 72 0
13280 309.759 7.79607 0.01 1 72 0
13291 301.962 8.04663 0.01 1 30 0
13311 315.433 8.15383 0.01 1 100 0
13339 300.415 8.09047 0.01 1 31 0
13341 308.786 8.25191 0.01 1 72 0
13384 301.681 7.98293 0.01 1 31 0
13448 310.121 8.0392 0.01 1 72 0
13458 306.97 8.12042 0.01 1 72 0
13469 309.645 8.05948 0.01 1 72 0
13518 301.103 8.04663 0.01 1 31 0
13538 307.599 8.46853 0.01 1 72 0
13575 310.503 7.75066 0.01 1 72 0
13589 309.645 8.05948 0.01 1 72 0
13774 316.324 8.37767 0.01 1 100 0
13840 301.681 8.04663 0.01 1 31 0
13843 301.962 8.04663 0.01 1 31 0
13854 301.962 8.04663 0.01 1 31 0
13877 309.141 8.30234 0.01 1 72 0
13922 308.384 7.80964 0.01 1 72 0
13947 309.692 8.26354 0.01 1 72 0
13968 311.025 7.79607 0.01 1 72 0
13975 301.681 8.10995 0.01 1 30 0
13998 301.681 8.04663 0.01 1 29 0
14030 301.962 8.04663 0.01 1 31 0
14032 301.597 8.04663 0.01 1 31 0
14083 300.415 7.98497 0.01 1 31 0
14104 310.078 8.09105 0.01 1 72 0
14130 308.418 8.16055 0.01 1 72 0
14177 308.197 7.85357 0.01 1 72 0
14202 309.106 8.11695 0.01 1 72 0
14215 308.197 7.85357 0.01 1 72 0
14252 301.103 8.04663 0.01 1 31 0
14327 301.962 8.04663 0.01 1 31 0
14356 301.962 8.04663 0.01 1 30 0
14454 301.962 8.04663 0.01 1 30 0
14479 308.141 8.12946 0.01 1 72 0
14487 308.506 8.27441 0.01 1 72 0
14526 300.415 8.04663 0.01 1 31 0
14592 309 7.74976 0.01 1 72 0
14598 307.483 8.30557 0.01 1 72 0
14670 301.103 8.06384 0.01 1 31 0
14671 308.615 8.11149 0.01 1 72 0
14813 300.682 8.04663 0.01 1 31 0
14830 317.124 8.37767 0.01 1 99 0
14856 309 8.25191 0.01 1 72 0
15005 308.336 7.97143 0.01 1 72 0
15046 301.597 8.04663 0.01 1 31 0.00381563
15050 301.103 8.04663 0.01 1 31 0
15062 317.124 8.37767 0.01 1 99 0
15074 300.415 8.04663 0.01 1 31 0
15093 309.767 7.77523 0.01 1 72 0
15155 300.415 8.04663 0.01 1 31 0
15170 309.767 7.77523 0.01 1 72 0
15190 314.774 8.15383 0.01 1 99 0
15233 306.974 7.96593 0.01 1 72 0
15241 317.124 8.37767 0.01 1 99 0
15254 301.681 8.04663 0.01 1 30 0
15258 301.825 8.04663 0.01 1 31 0
15303 301.962 8.04663 0.01 1 29 0
15355 309.645 8.05948 0.01 1 72 0
15380 309.106 8.11695 0.01 1 72 0
15401 316.324 8.37767 0.01 1 99 0
15409 310.206 7.89845 0.01 1 72 0
15458 315.765 8.37767 0.01 1 99 0
15466 317.124 8.37767 0.01 1 99 0
15478 301.962 8.04663 0.01 1 31 0
15491 301.962 8.04663 0.01 1 30 0
15527 301.506 8.04663 0.01 1 31 0
15544 301.681 8.04134 0.01 1 31 0
15578 314.774 8.15383 0.01 1 101 0
15579 300.721 8.04663 0.01 1 31 0
15600 317.124 8.37767 0.01 1 100 0
15621 316.324 8.37767 0.01 1 100 0
15622 314.774 8.11318 0.01 1 100 0
15648 301.103 8.06384 0.01 1 31 0
15679 308.698 8.16963 0.01 1 72 0
15696 310.843 8.12649 0.01 1 72 0
15738 301.962 8.04663 0.01 1 31 0
15742 308.418 8.12992 0.01 1 72 0
15908 300.93 8.04663 0.01 1 31 -0.00579518
15936 301.962 8.04663 0.01 1 29 0
15950 309.692 8.26354 0.01 1 72 0
15973 300.415 8.04663 0.01 1 30 0
16048 308.384 7.62375 0.01 1 72 0
16074 308.572 7.94349 0.01 1 72 0
16091 308.506 8.27441 0.01 1 72 0
16106 308.506 8.27441 0.01 1 72 0
16149 301.681 8.08867 0.01 1 30 0
16187 309.645 8.05948 0.01 1 72 0
16193 309.278 7.97143 0.01 1 72 0
16228 308.615 8.11149 0.01 1 72 0
16338 300.661 8.04663 0.01 1 30 0
16372 308.712 7.75724 0.01 1 72 0
16387 319.008 8.37767 0.01 1 99 0
16411 309.265 8.01211 0.01 1 72 0
16477 306.97 8.12042 0.01 1 72 0
16532 300.661 8.04663 0.01 1 30 0
16549 309.579 8.22566 0.01 1 72 0
16558 310.676 8.11695 0.01 1 72 0
16592 308.846 8.17924 0.01 1 72 0
16662 309.106 8.06357 0.01 1 72 0
16689 301.681 8.08867 0.01 1 31 0
16744 314.774 8.15383 0.01 1 99 0
16757 308.506 8.27441 0.01 1 72 0
16836 300.415 8.04663 0.01 1 31 0
16902 308.141 8.12946 0.01 1 72 0
16919 307.483 8.30557 0.01 1 72 0
16969 310.206 7.89845 0.01 1 72 0
17090 310.373 8.22566 0.01 1 72 0
17124 315.765 8.37767 0.01 1 100 0
17170 301.962 8.04663 0.01 1 30 0
17215 315.194 8.33395 0.01 1 99 0
17267 308.712 7.74669 0.01 1 72 0
17355 301.962 8.04663 0.01 1 30 0
17370 300.682 8.04663 0.01 1 31 0
17380 307.584 7.78056 0.01 1 72 0
17401 310.209 8.09105 0.01 1 72 0
17408 311.093 7.97463 0.01 1 72 0.0133624
17409 308.712 7.75724 0.01 1 72 0
17434 300.3 8.04663 0.01 1 31 0
17457 300.138 8.04663 0.01 1 31 0.00342512
17468 301.103 7.98194 0.01 1 31 -0.00115206
17491 303.185 8.11828 0.01 1 29 0
17498 308.712 7.44871 0.01 1 72 -3.9041e-06
17518 300.415 7.98497 0.01 1 31 0
17525 308.141 8.18467 0.01 1 72 0
17562 300.682 8.04663 0.01 1 31 0
17600 314.774 8.15383 0.01 1 100 0
17646 316.324 8.37767 0.01 1 100 0
17653 301.962 8.04663 0.01 1 31 0
17674 307.992 7.59059 0.01 1 72 0
17678 316.324 8.25362 0.01 1 100 0
17706 316.324 8.37767 0.01 1 100 0
17716 316.324 8.37767 0.01 1 101 0
17780 300.661 8.04663 0.01 1 30 0
17784 309 8.25191 0.01 1 72 0
17803 308.384 7.80964 0.01 1 72 0
17808 308.506 8.27441 0.01 1 72 0
17826 316.324 8.37767 0.01 1 99 0
17838 319.155 8.37767 0.01 1 99 0
17895 300.682 8.04663 0.01 1 31 0
17903 307.039 8.25126 0.01 1 72 0
17905 317.124 8.39062 0.01 1 99 0
17966 309 8.25191 0.01 1 72 0
18004 309.212 8.22688 0.01 1 72 0
18009 314.774 8.15383 0.01 1 100 0
18015 315.104 8.15383 0.01 1 100 0
18077 314.774 8.15383 0.01 1 101 0
18121 301.962 8.04663 0.01 1 31 0
18151 307.933 7.96353 0.01 1 72 0
18169 303.285 8.04663 0.01 1 31 0
18170 301.103 8.04663 0.01 1 31 0
18203 301.962 8.04663 0.01 1 30 0
18286 309 8.30557 0.01 1 72 0
18294 307.039 8.25008 0.01 1 72 -1.54972e-06
18297 316.133 8.15383 0.01 1 99 0
18322 315.104 8.15383 0.01 1 100 0
18330 301.681 8.04663 0.01 1 31 0
18367 301.681 8.08867 0.01 1 30 0
18444 317.124 8.37767 0.01 1 100 0
18483 302.279 8.04663 0.01 1 31 0
18509 310.206 7.89845 0.01 1 72 0
18537 308.141 8.18467 0.01 1 72 0
18538 301.681 8.04663 0.01 1 31 0
18571 301.962 8.04663 0.01 1 30 0
18603 314.254 8.37767 0.01 1 99 -0.0393173
18617 317.124 8.37767 0.01 1 100 0
18620 301.962 8.04663 0.01 1 31 0
18630 317.124 8.37767 0.01 1 100 0
18652 300.661 8.04663 0.01 1 31 0
18675 308.846 8.17924 0.01 1 72 0
18689 316.185 8.37767 0.01 1 99 0
18727 300.999 8.16183 0.01 1 31 -0.00695055
18740 308.384 7.62375 0.01 1 72 0
18769 309.706 8.22566 0.01 1 72 0
18778 301.103 8.04663 0.01 1 31 0
18806 302.279 8.04663 0.01 1 31 0
18831 308.141 8.12946 0.01 1 72 0
18835 301.681 8.04663 0.01 1 30 0
18844 308.786 8.25191 0.01 1 72 0
18853 300.415 8.04663 0.01 1 31 0
18862 300.415 7.90815 0.01 1 31 -0.00252235
18997 316.324 8.37767 0.01 1 100 0
19037 309.706 8.22566 0.01 1 72 0
19059 308.804 8.09532 0.01 1 72 0
19097 306.145 8.09532 0.01 1 72 0
19123 308.384 7.80964 0.01 1 72 0
19147 301.962 8.04663 0.01 1 30 0
19155 314.774 8.15383 0.01 1 101 0
19162 301.962 8.04663 0.01 1 29 0
19175 317.124 8.37767 0.01 1 99 0
19186 310.463 7.78145 0.01 1 72 0
19225 301.506 8.04663 0.01 1 31 0
19231 308.506 8.27441 0.01 1 72 0
19250 317.124 8.37767 0.01 1 99 0
19255 301.962 8.04663 0.01 1 30 0
19263 301.681 8.04663 0.01 1 31 0
19320 301.681 8.04663 0.01 1 30 0
19324 315.104 8.15383 0.01 1 100 0
19364 301.681 8.04663 0.01 1 29 0
19386 308.013 7.96593 0.01 1 72 0
19422 316.133 8.15383 0.01 1 99 0
19461 308.408 8.11149 0.01 1 72 0
19517 310.209 8.09105 0.01 1 72 0
19525 317.124 8.37767 0.01 1 99 0
19542 308.786 8.13148 0.01 1 72 0
19557 314.774 8.15383 0.01 1 101 0
19568 302.121 8.04663 0.01 1 31 -0.000619497
19591 309.767 7.77523 0.01 1 72 0
19607 301.962 8.04663 0.01 1 30 0
19669 315.765 8.37767 0.01 1 99 0
19673 300.415 8.04663 0.01 1 31 0
19730 300.682 8.04663 0.01 1 31 0
19732 314.774 8.15383 0.01 1 99 0
19779 308.913 7.66391 0.01 1 72 0
19810 308.786 8.13148 0.01 1 72 0
19811 300.661 8.04663 0.01 1 29 0
20039 316.324 8.37767 0.01 1 101 0
20106 307.483 8.30557 0.01 1 72 -0.00328599
20108 300.682 8.04663 0.01 1 30 0
20109 301.103 8.04663 0.01 1 31 0
20116 315.104 8.15383 0.01 1 100 0
20140 309 8.25191 0.01 1 72 0
20200 315.433 8.15383 0.01 1 101 0
20230 300.999 8.16183 0.01 1 31 0
20321 309.692 8.26354 0.01 1 72 0
20323 309.265 8.01152 0.01 1 72 0
20332 301.506 8.04663 0.01 1 31 0
20409 308.384 7.80964 0.01 1 72 0
20442 310.373 8.22566 0.01 1 72 0
20459 308.384 7.80964 0.01 1 72 0
20502 308.384 7.62375 0.01 1 72 0
20527 309.104 8.12649 0.01 1 72 0
20541 309.106 8.11695 0.01 1 72 0
20548 300.415 8.04663 0.01 1 31 0
20573 309.929 8.30234 0.01 1 72 0
20609 308.572 7.94349 0.01 1 72 0
20668 301.681 8.04663 0.01 1 31 0
20695 301.681 8.04663 0.01 1 31 0
20735 306.97 8.22265 0.01 1 72 0.000148788
20785 309.759 7.79607 0.01 1 72 0
20816 317.124 8.37767 0.01 1 99 0
20818 301.962 8.04663 0.01 1 31 0
20819 317.124 8.37767 0.01 1 99 0
20830 318.887 8.33257 0.01 1 99 0
20838 317.124 8.37767 0.01 1 99 0
20846 306.67 7.99654 0.01 1 72 0
20861 308.786 8.25191 0.01 1 72 0
20864 309.767 7.77523 0.01 1 72 0
20897 314.774 8.15383 0.01 1 99 0
20953 317.124 8.37767 0.01 1 99 0
20986 314.774 8.15383 0.01 1 101 0
20998 300.415 8.04663 0.01 1 31 0
21056 300.415 8.04663 0.01 1 31 0
21119 307.039 8.25126 0.01 1 72 0
21187 301.962 8.04663 0.01 1 31 0
21198 308.384 7.62375 0.01 1 72 0
21254 312.316 8.15383 0.01 1 101 -0.0345048
21277 302.059 8.04663 0.01 1 29 0
21283 301.103 8.06384 0.01 1 31 0
21301 307.992 7.59059 0.01 1 72 0
21310 301.052 8.05253 0.01 1 31 0
21362 300.682 8.04663 0.01 1 31 0
21428 317.124 8.39062 0.01 1 99 0
21461 300.415 8.04663 0.01 1 31 0
21466 309 8.30557 0.01 1 72 0
21579 312.416 8.21137 0.01 1 72 0
21597 310.373 8.22566 0.01 1 72 0
21631 309.645 8.05948 0.01 1 72 0
21634 302.059 8.04663 0.01 1 31 0
21674 301.681 8.08867 0.01 1 31 0
21677 301.681 8.04663 0.01 1 31 0
21680 300.694 8.04663 0.01 1 31 0
21779 300.415 8.04663 0.01 1 31 0
21814 310.206 7.89845 0.01 1 72 0
21821 309.645 8.05948 0.01 1 72 0
21838 301.962 8.04663 0.01 1 31 0
21851 306.97 8.12042 0.01 1 72 0
21855 309.141 8.30234 0.01 1 72 0
21907 300.415 8.04663 0.01 1 31 0
21928 309.706 8.22566 0.01 1 72 0
21952 315.194 8.33395 0.01 1 100 0
21962 316.324 8.37767 0.01 1 100 0
21982 314.774 8.15383 0.01 1 99 0
22005 314.774 8.15383 0.01 1 100 0
22012 301.052 8.05253 0.01 1 31 0
22045 309.106 8.17516 0.01 1 72 0
22075 316.324 8.3969 0.01 1 101 0
22119 301.962 8.04663 0.01 1 31 0
22160 310.206 7.89845 0.01 1 72 0
22171 317.124 8.37767 0.01 1 99 0
22180 314.774 8.15383 0.01 1 101 0
22201 307.039 8.25126 0.01 1 72 0
22203 315.194 8.33395 0.01 1 100 0
22205 300.415 8.04663 0.01 1 30 0
22222 317.124 8.37767 0.01 1 99 0
22258 301.143 8.03031 0.01 1 30 -0.000105575
22265 314.774 8.15383 0.01 1 99 0
22298 309.064 8.05361 0.01 1 72 0
22437 301.681 8.04663 0.01 1 31 0
22449 317.124 8.37767 0.01 1 99 0
22563 300.682 8.04663 0.01 1 30 0
22606 314.774 8.11318 0.01 1 100 0
22621 308.384 7.62375 0.01 1 72 0
22657 312.416 8.21137 0.01 1 72 0
22685 308.384 7.62375 0.01 1 72 0
22720 308.141 8.18467 0.01 1 72 0
22730 308.513 7.62375 0.01 1 72 0
22737 309.645 7.75724 0.01 1 72 -0.000547856
22794 306.97 8.12042 0.01 1 72 0
22828 300.415 8.04663 0.01 1 31 0
22839 318.631 7.78493 0.01 1 99 0
22843 308.846 8.17924 0.01 1 72 0
22853 300.659 8.04663 0.01 1 31 0
22901 317.124 8.37767 0.01 1 99 0
22913 310.206 7.89845 0.01 1 72 0
22931 309.064 8.05361 0.01 1 72 0
22983 308.615 8.11149 0.01 1 72 0
22988 316.324 8.26435 0.01 1 100 0
22993 300.682 8.04663 0.01 1 30 0
23062 308.183 7.95877 0.01 1 72 0
23074 300.661 8.04663 0.01 1 30 0
23079 301.681 8.04663 0.01 1 31 0
23158 317.124 8.39062 0.01 1 99 0
23164 309 8.30557 0.01 1 72 0
23228 301.681 8.13788 0.01 1 31 0.00157765
23241 301.962 8.04663 0.01 1 29 0
23275 308.384 7.80964 0.01 1 72 0
23330 302.307 8.10995 0.01 1 30 -0.00596969
23388 301.391 7.97412 0.01 1 31 0
23416 308.712 7.81065 0.01 1 72 0
23568 310.373 8.22566 0.01 1 72 0
23589 300.415 8.04663 0.01 1 31 0
23623 315.662 8.37767 0.01 1 99 0
23654 317.124 8.37767 0.01 1 99 0
23677 307.584 7.78056 0.01 1 72 0
23699 316.324 8.3969 0.01 1 101 0
23739 300.659 8.04663 0.01 1 31 0
23804 301.962 8.10575 0.01 1 31 0.00100742
23807 308.183 7.95877 0.01 1 72 0
23815 317.124 8.37767 0.01 1 99 0
23818 309.226 7.89845 0.01 1 72 0.000672162
23826 300.682 8.04663 0.01 1 31 0
23849 301.143 8.04663 0.01 1 31 0
23873 308.846 8.17924 0.01 1 72 0
23882 309.117 8.12992 0.01 1 72 0
23927 300.415 8.09047 0.01 1 31 0
23949 299.427 8.04663 0.01 1 30 0
23976 308.384 7.62375 0.01 1 72 0
23985 309.106 8.11695 0.01 1 72 0
24016 300.661 8.04663 0.01 1 30 0
24036 312.316 8.15383 0.01 1 101 0
24062 314.774 8.15383 0.01 1 100 0
24078 317.124 8.37767 0.01 1 99 0
24083 318.631 7.68687 0.01 1 99 0
24142 306.407 8.25191 0.01 1 72 0
24177 316.324 8.37767 0.01 1 100 0
24201 309 7.74976 0.01 1 72 0
24222 307.039 8.27001 0.01 1 72 0
24304 301.681 8.04663 0.01 1 31 0
24312 314.774 8.15383 0.01 1 99 0
24337 310.206 7.89845 0.01 1 72 0
24366 301.962 8.04663 0.01 1 30 0
24370 317.124 8.37767 0.01 1 99 0
24397 314.774 8.15383 0.01 1 99 0
24407 301.681 8.04663 0.01 1 31 0
24409 301.681 8.04663 0.01 1 30 0
24471 300.661 8.04663 0.01 1 29 0
24485 310.206 7.92318 0.01 1 72 4.93228e-06
24540 301.681 7.98293 0.01 1 31 -0.00110479
24573 314.774 8.11318 0.01 1 100 0
24576 315.765 8.37767 0.01 1 100 0
24609 309.212 8.22688 0.01 1 72 0
24611 308.141 8.12946 0.01 1 72 0
24616 300.682 8.04663 0.01 1 31 0
24639 308.786 8.25191 0.01 1 72 0
24723 309.236 8.09532 0.01 1 72 0
24739 301.962 8.04663 0.01 1 31 0
24785 316.324 8.25362 0.01 1 100 0
24863 309 8.30557 0.01 1 72 0
24875 308.572 7.94349 0.01 1 72 0
24927 301.143 8.03625 0.01 1 31 -0.000184257
24995 314.774 8.15383 0.01 1 100 0
25019 301.681 8.08867 0.01 1 31 0
25031 308.923 8.35528 0.01 1 72 0
25034 301.681 8.08867 0.01 1 30 0
25036 316.133 8.15383 0.01 1 100 0
25066 314.774 8.15383 0.01 1 101 0
25078 314.774 8.15383 0.01 1 101 0
25098 309.265 8.0738 0.01 1 72 0
25147 309 7.74976 0.01 1 72 0
25158 300.415 8.16183 0.01 1 31 0.00207188
25233 309 7.74976 0.01 1 72 0
25240 301.962 8.04663 0.01 1 30 0
25295 317.124 8.37767 0.01 1 99 0
25385 301.962 7.92576 0.01 1 31 0
25417 307.684 8.27441 0.01 1 72 -0.0021459
25418 301.962 7.97069 0.01 1 31 -0.0013322
25442 316.324 8.37767 0.01 1 99 0
25450 310.676 8.11695 0.01 1 72 0
25627 303.6 7.97412 0.01 1 30 0
25665 301.681 8.08867 0.01 1 31 0
25671 301.681 8.04663 0.01 1 31 0
25722 314.774 8.15383 0.01 1 99 0
25735 310.463 7.78145 0.01 1 72 0
25790 315.104 8.15383 0.01 1 100 0
25823 301.962 8.04663 0.01 1 31 0
25876 300.415 8.04663 0.01 1 31 0
25924 301.681 8.08867 0.01 1 31 0.000727542
25949 315.194 8.33395 0.01 1 100 0
25958 301.962 8.04663 0.01 1 31 0
25992 310.463 7.78145 0.01 1 72 0
26017 308.384 7.78086 0.01 1 72 -4.57466e-06
26075 308.013 7.96593 0.01 1 72 0
26189 299.427 8.04663 0.01 1 30 0
26195 317.124 8.37767 0.01 1 100 0
26199 308.384 7.62375 0.01 1 72 0
26206 301.962 8.04663 0.01 1 30 0
26219 310.676 8.11695 0.01 1 72 0
26223 306.97 8.12042 0.01 1 72 0
26316 301.047 8.04663 0.01 1 31 0
26346 300.682 8.04663 0.01 1 31 0
26355 306.97 8.12042 0.01 1 72 0
26363 314.774 8.15383 0.01 1 101 0
26366 309.645 8.05948 0.01 1 72 0
26369 302.059 8.04663 0.01 1 30 0
26387 307.039 8.27001 0.01 1 72 0
26393 309.645 8.05948 0.01 1 72 0
26420 303.036 7.98293 0.01 1 31 -0.0129716
26448 317.124 8.37767 0.01 1 100 0
26490 314.774 8.15383 0.01 1 99 0
26595 300.415 8.04663 0.01 1 30 0
26597 309.692 8.26354 0.01 1 72 0
26644 300.415 8.04663 0.01 1 31 0
26665 316.324 8.37767 0.01 1 100 0
26730 317.124 8.37767 0.01 1 99 0
26739 301.962 8.04663 0.01 1 31 0
26813 310.373 8.22566 0.01 1 72 0
26876 302.279 8.04663 0.01 1 31 0
26888 300.415 8.04663 0.01 1 31 0
26962 315.194 8.33395 0.01 1 99 0
27003 315.104 8.15383 0.01 1 100 0
27054 309 7.7606 0.01 1 72 0
27137 301.962 8.04663 0.01 1 31 0
27150 300.415 8.04663 0.01 1 31 0
27177 314.774 8.15383 0.01 1 99 0
27178 306.407 8.25191 0.01 1 72 0
27202 309.106 8.17516 0.01 1 72 0
27225 301.681 8.04663 0.01 1 30 0
27256 308.712 7.75724 0.01 1 72 0
27260 319.008 8.37767 0.01 1 99 0
27320 306.478 7.94057 0.01 1 72 0
27364 300.661 8.04663 0.01 1 30 0
27404 310.206 7.89845 0.01 1 72 0
27467 315.104 8.15383 0.01 1 100 0
27484 311.198 8.21137 0.01 1 72 0
27505 311.139 7.80503 0.01 1 72 0
27610 306.974 7.96593 0.01 1 72 0
27622 308.786 8.25191 0.01 1 72 0
27625 315.765 8.35266 0.01 1 99 0
27652 301.143 8.03625 0.01 1 31 0
27655 317.124 8.37767 0.01 1 99 0
27691 319.155 8.37767 0.01 1 99 0
27695 301.681 8.08867 0.01 1 31 0
27808 314.774 8.15383 0.01 1 99 0
27819 310.373 8.22566 0.01 1 72 0
27826 308.003 7.80964 0.01 1 72 0
27841 300.682 8.04663 0.01 1 31 0
27848 301.681 8.10995 0.01 1 30 0
27879 301.962 8.04663 0.01 1 31 0
27938 310.463 7.78145 0.01 1 72 0
27944 306.97 8.12042 0.01 1 72 0
27953 308.846 8.17924 0.01 1 72 0
27985 301.103 8.04663 0.01 1 31 0
27995 315.194 8.33395 0.01 1 100 0
27998 316.324 8.3969 0.01 1 101 0
28031 317.124 8.37767 0.01 1 99 0
28037 309.579 8.18398 0.01 1 72 -5.02169e-06
28050 308.141 8.18467 0.01 1 72 0
28057 300.415 8.04663 0.01 1 31 0
28064 317.124 8.37767 0.01 1 99 0
28080 309 7.74976 0.01 1 72 0
28128 319.008 8.37767 0.01 1 99 0
28143 308.712 7.74669 0.01 1 72 0
28216 315.194 8.33395 0.01 1 100 0
28227 308.712 7.63742 0.01 1 72 0
28230 300.682 8.04663 0.01 1 31 0
28235 315.433 8.15383 0.01 1 101 0
28244 301.962 8.04663 0.01 1 31 0
28364 306.145 8.24799 0.01 1 72 0.000426501
28384 307.039 8.27001 0.01 1 72 0
28417 317.124 8.37767 0.01 1 99 0
28437 308.384 7.80964 0.01 1 72 0
28461 301.103 8.04663 0.01 1 31 0
28474 317.124 8.37767 0.01 1 99 0
28480 300.118 8.31021 0.01 1 31 0
28506 317.124 8.37767 0.01 1 100 0
28518 301.681 8.04663 0.01 1 31 0
28519 306.97 8.12042 0.01 1 72 0
28611 300.415 8.04663 0.01 1 31 0
28619 300.415 8.04663 0.01 1 31 0
28673 301.962 8.04663 0.01 1 31 0
28679 314.774 8.15383 0.01 1 99 0
28684 301.962 8.04663 0.01 1 30 0
28718 309.265 8.01152 0.01 1 72 0
28722 308.141 8.12946 0.01 1 72 0
28729 308.02 8.27001 0.01 1 72 0
28753 309.706 8.22566 0.01 1 72 0
28759 300.415 8.04663 0.01 1 30 0
28787 309.551 8.21544 0.01 1 72 0
28839 309.265 8.0723 0.01 1 72 1.60933e-06
28848 301.681 8.08867 0.01 1 29 0
28903 300.415 8.04663 0.01 1 31 0
28950 308.232 8.34805 0.01 1 72 0
28971 301.143 8.04663 0.01 1 30 0
28996 308.384 7.62375 0.01 1 72 0
28997 300.415 8.04663 0.01 1 30 0
28998 302.059 7.8057 0.01 1 31 0
29018 308.36 8.17924 0.01 1 72 0
29063 308.141 8.12946 0.01 1 72 0
29108 300.415 7.98497 0.01 1 31 -0.00111907
29180 314.774 8.15383 0.01 1 100 0
29257 300.415 8.09047 0.01 1 31 0
29269 307.992 7.59059 0.01 1 72 0
29281 309.692 8.26354 0.01 1 72 0
29296 301.391 7.97412 0.01 1 31 0
29353 301.103 8.04663 0.01 1 31 0
29390 309.265 8.01152 0.01 1 72 0
29492 299.427 8.04663 0.01 1 30 0
29526 308.572 7.94349 0.01 1 72 0
29566 317.124 8.37767 0.01 1 99 0
29597 308.712 7.81065 0.01 1 72 0
29606 309 8.2207 0.01 1 72 0
29644 301.681 8.08867 0.01 1 31 0
29651 309.106 8.12042 0.01 1 72 0
29652 308.712 7.81065 0.01 1 72 0
29666 308.013 8.10645 0.01 1 72 5.20349e-05
29747 309 7.74976 0.01 1 72 0
29779 300.661 8.04663 0.01 1 30 0
29818 316.133 8.15383 0.01 1 99 0
29842 310.206 7.89845 0.01 1 72 0
29846 301.962 8.04663 0.01 1 31 0
29864 311.198 8.21137 0.01 1 72 0
29882 308.751 8.30234 0.01 1 72 0
29888 308.384 7.80964 0.01 1 72 0
29890 309.106 8.17516 0.01 1 72 2.38419e-07
30010 309.645 8.05948 0.01 1 72 0
30030 315.104 8.15383 0.01 1 100 0
30056 301.962 8.04663 0.01 1 31 0
30089 314.774 8.15383 0.01 1 101 0
30093 301.962 8.04663 0.01 1 31 0
30139 301.681 8.08867 0.01 1 29 0
30160 301.681 8.04663 0.01 1 29 0
30174 300.682 8.04663 0.01 1 31 0
30205 299.831 8.04663 0.01 1 31 0.00592139
30253 301.962 8.04663 0.01 1 29 0
30279 301.506 8.04663 0.01 1 31 0
30293 317.124 8.37767 0.01 1 99 0
30297 309 8.25191 0.01 1 72 0
30304 300.682 8.04663 0.01 1 29 0
30326 317.124 8.37767 0.01 1 99 0
30327 306.67 7.99654 0.01 1 72 0
30377 302.279 8.04663 0.01 1 31 0
30393 300.694 8.04663 0.01 1 31 0
30401 309.645 8.05948 0.01 1 72 0
30414 301.681 8.04663 0.01 1 31 0
30418 301.962 8.04663 0.01 1 30 0
30498 301.962 8.04663 0.01 1 31 0
30520 301.681 8.08867 0.01 1 31 0
30575 309.645 8.05948 0.01 1 72 0
30595 307.039 8.25126 0.01 1 72 0
30602 300.415 8.04663 0.01 1 30 0
30630 316.324 8.37767 0.01 1 100 0
30668 300.415 8.04663 0.01 1 31 0
30676 309.706 8.22566 0.01 1 72 0
30713 300.415 8.04663 0.01 1 31 0
30737 316.324 8.37767 0.01 1 100 0
30763 309 8.25191 0.01 1 72 0
30809 316.324 8.37767 0.01 1 100 0
30858 311.461 8.12649 0.01 1 72 0
31033 300.682 8.04663 0.01 1 30 0
31040 301.962 8.04663 0.01 1 30 0
31055 317.124 8.37767 0.01 1 99 0
31102 317.124 8.37767 0.01 1 99 0
31123 300.415 8.04663 0.01 1 31 0
31179 314.774 8.15383 0.01 1 99 0
31233 309.767 7.77523 0.01 1 72 0
31264 308.384 7.80964 0.01 1 72 0
31292 309.645 8.05948 0.01 1 72 0
31303 308.506 8.24803 0.01 1 72 0
31309 310.206 7.89845 0.01 1 72 0
31330 301.103 8.06384 0.01 1 31 0
31339 305.529 7.70435 0.01 1 72 -0.021125
31352 300.415 8.09047 0.01 1 31 0
31430 300.661 8.04663 0.01 1 31 0
31435 307.769 7.90522 0.01 1 72 -0.000593185
31468 310.206 7.86064 0.01 1 72 0
31481 308.013 7.96593 0.01 1 72 0
31585 301.681 8.08867 0.01 1 30 0
31601 301.962 8.04663 0.01 1 31 0
31631 300.682 8.04663 0.01 1 29 0
31654 317.124 8.37767 0.01 1 99 0
31702 301.962 8.04663 0.01 1 31 0
31712 300.694 8.04663 0.01 1 31 0
31794 308.408 8.11149 0.01 1 72 0
31796 301.681 8.10995 0.01 1 30 0
31831 308.347 8.37323 0.01 1 72 0
31863 301.103 8.06384 0.01 1 31 0
31896 300.659 8.04663 0.01 1 31 0
31903 308.384 7.62375 0.01 1 72 0
31928 309.106 8.11695 0.01 1 72 0
31937 301.143 8.04663 0.01 1 31 0
31965 309.645 8.05948 0.01 1 72 0
32002 308.712 7.81065 0.01 1 72 0
32037 301.143 8.04663 0.01 1 30 0
32116 315.194 8.33395 0.01 1 100 0
32129 301.143 8.04663 0.01 1 30 0
32143 308.141 8.18467 0.01 1 72 0
32304 316.133 8.15383 0.01 1 99 0
32337 314.774 8.15383 0.01 1 100 0
32378 309.106 8.12042 0.01 1 72 0
32391 301.962 8.04663 0.01 1 31 0
32409 308.183 7.95877 0.01 1 72 0
32419 316.133 8.15383 0.01 1 100 0
32451 314.774 8.15383 0.01 1 99 0
32473 309.104 8.12649 0.01 1 72 0
32518 309.692 8.26354 0.01 1 72 0
32532 316.324 8.25362 0.01 1 101 0
32549 314.774 8.11318 0.01 1 100 0
32551 300.661 8.04663 0.01 1 30 0
32553 300.682 8.04663 0.01 1 31 0
32595 307.584 7.78056 0.01 1 72 0
32622 300.415 8.04663 0.01 1 31 0
32657 299.427 8.04663 0.01 1 30 0
32686 309.759 7.79607 0.01 1 72 0
32830 301.962 8.04663 0.01 1 31 0
32884 301.962 8.04663 0.01 1 31 0
32922 307.039 8.25126 0.01 1 72 0
32935 308.384 7.80964 0.01 1 72 0
32978 314.774 8.15383 0.01 1 99 0
32982 300.415 8.04663 0.01 1 31 0
33021 315.104 8.15383 0.01 1 100 0
33035 310.206 7.86064 0.01 1 72 0
33047 315.765 8.37767 0.01 1 99 0
33048 309.265 8.01211 0.01 1 72 0
33073 308.846 8.17924 0.01 1 72 0
33079 317.124 8.37767 0.01 1 99 0
33131 308.003 7.80964 0.01 1 72 0
33132 300.415 8.04663 0.01 1 31 0
33175 301.143 8.04663 0.01 1 30 0
33186 314.774 8.15383 0.01 1 99 0
33197 307.933 7.90522 0.01 1 72 0
33215 309.645 8.05948 0.01 1 72 0
33221 302.598 8.16183 0.01 1 31 -0.0168094
33225 301.143 8.04663 0.01 1 30 0
33244 310.373 8.22566 0.01 1 72 0
33266 315.433 8.15383 0.01 1 101 0
33283 301.354 8.04663 0.01 1 31 -0.00279725
33335 316.324 8.37767 0.01 1 99 0
33348 303.6 7.97412 0.01 1 31 0
33356 317.124 8.37767 0.01 1 99 0
33360 317.124 8.37767 0.01 1 99 0
33390 306.715 8.43436 0.01 1 72 0
33399 308.786 8.25191 0.01 1 72 0
33427 300.415 8.04663 0.01 1 31 0
33435 306.67 7.99654 0.01 1 72 0
33471 316.324 8.25362 0.01 1 100 0
33495 300.415 8.04663 0.01 1 31 0
33507 309 8.30557 0.01 1 72 0
33585 310.373 8.22566 0.01 1 72 0
