max_pf 108 min_pf 26
individual T0 sigma disp_rate r0 patch_no mut_eff
23 308.796 8.23108 0.01 1 72 0
36 299.541 8.02891 0.01 1 28 0
41 297.63 8.13429 0.01 1 27 0
160 299.153 8.18156 0.01 1 28 0
176 299.541 8.02292 0.01 1 27 0
217 299.153 8.02292 0.01 1 28 0
251 320.845 7.49658 0.01 1 108 0
252 308.031 7.94575 0.01 1 72 0
268 299.354 8.3161 0.01 1 28 0
291 299.153 8.02292 0.01 1 28 0
348 297.63 8.13429 0.01 1 27 0
379 308.341 8.03536 0.01 1 72 0
445 297.63 8.13429 0.01 1 28 0
447 310.626 8.06655 0.01 1 72 0
463 299.541 8.02891 0.01 1 28 0
475 300.746 8.07623 0.01 1 27 0
489 299.153 8.02292 0.01 1 28 0
553 309.291 7.96688 0.01 1 72 0.000776738
568 308.707 8.1561 0.01 1 72 0
574 301.577 8.07918 0.01 1 27 0
587 298.634 8.02891 0.01 1 28 0
600 309.86 8.04667 0.01 1 72 0
628 299.742 8.02292 0.01 1 27 0
674 299.541 8.02891 0.01 1 28 0
722 308.204 7.91193 0.01 1 72 0.00526054
739 299.153 7.96109 0.01 1 28 0
775 297.63 8.3161 0.01 1 28 0
785 299.153 8.02426 0.01 1 27 0
810 306.975 7.96994 0.01 1 72 0
842 308.522 7.73254 0.01 1 72 0
862 300.436 8.05288 0.01 1 28 0
878 299.153 7.96109 0.01 1 27 0
917 299.153 8.02292 0.01 1 27 0
931 306.603 8.00059 0.01 1 72 0
999 297.63 8.13429 0.01 1 28 0
1002 311.47 7.26681 0.01 1 72 0
1011 307.379 7.90513 0.01 1 72 0
1040 299.541 8.02292 0.01 1 28 0
1056 308.341 8.03536 0.01 1 72 0
1075 320.018 7.4858 0.01 1 107 0
1085 299.153 8.02292 0.01 1 26 0
1116 299.603 8.03193 0.01 1 27 0
1207 299.153 8.02292 0.01 1 28 0
1229 299.541 8.02292 0.01 1 27 0
1253 299.541 8.02292 0.01 1 27 0
1279 298.173 8.15441 0.01 1 27 0
1337 320.074 7.44037 0.01 1 106 0
1340 311.728 8.03359 0.01 1 72 0
1391 307.847 7.92505 0.01 1 72 0.00880986
1402 297.63 8.13429 0.01 1 27 0
1416 322.96 7.51789 0.01 1 107 0
1431 299.153 8.02292 0.01 1 28 0
1439 310.378 7.95549 0.01 1 72 0
1541 299.153 7.96109 0.01 1 27 0
1589 297.63 8.13429 0.01 1 28 0
1609 297.63 8.13429 0.01 1 27 0
1614 309.36 8.19966 0.01 1 72 0
1629 300.746 8.07623 0.01 1 27 0
1767 309.289 8.23108 0.01 1 72 0
1775 301.577 8.03193 0.01 1 26 0
1787 319.779 7.49658 0.01 1 108 0
1792 300.327 8.02891 0.01 1 28 0
1793 299.153 7.96109 0.01 1 28 0
1919 298.731 8.04385 0.01 1 27 0
1986 311.609 8.18633 0.01 1 72 0
1992 319.779 7.49658 0.01 1 107 0
2010 320.116 7.49658 0.01 1 106 0
2037 299.153 8.02426 0.01 1 27 0
2047 301.577 8.03193 0.01 1 26 0
2049 297.63 8.13429 0.01 1 27 0
2058 299.541 8.02891 0.01 1 27 0
2154 299.541 8.02891 0.01 1 27 0
2159 320.845 7.49658 0.01 1 108 0
2168 300.637 8.15441 0.01 1 28 0
2191 299.541 8.02292 0.01 1 28 0
2266 301.07 8.03193 0.01 1 28 0
2284 299.541 8.02891 0.01 1 28 0
2303 297.63 8.02292 0.01 1 28 0
2313 307.225 8.03397 0.01 1 72 -0.00104493
2344 297.63 7.92519 0.01 1 28 0
2380 299.541 8.02292 0.01 1 28 0
2394 307.842 7.85769 0.01 1 72 0
2412 297.63 8.3161 0.01 1 28 0
2428 307.37 8.21179 0.01 1 72 0
2465 299.153 7.96109 0.01 1 26 0
2474 308.341 8.03536 0.01 1 72 0
2484 297.63 8.13429 0.01 1 27 0
2509 299.541 8.02292 0.01 1 26 0
2521 307.37 8.21179 0.01 1 72 0
2553 307.842 7.85769 0.01 1 72 0
2564 319.779 7.49658 0.01 1 106 0
2593 297.63 8.13429 0.01 1 28 0
2630 300.746 8.07623 0.01 1 26 0
2666 309.86 8.08817 0.01 1 72 0
2721 307.379 7.98355 0.01 1 72 0
2841 311.47 7.26681 0.01 1 72 0
2891 297.893 8.21421 0.01 1 28 0
2898 311.27 7.41507 0.01 1 72 0
2931 322.96 7.51789 0.01 1 106 0
2939 307.914 8.21579 0.01 1 72 0
2950 299.541 8.02292 0.01 1 28 0
2959 320.708 7.49658 0.01 1 108 0
2971 320.708 7.49658 0.01 1 108 0
2978 297.63 8.13429 0.01 1 27 0
3053 298.173 8.15441 0.01 1 28 0
3158 310.678 7.87535 0.01 1 72 0
3171 319.779 7.49658 0.01 1 107 0
3182 297.63 8.13429 0.01 1 28 0
3224 311.772 7.41507 0.01 1 72 0
3226 307.37 8.21179 0.01 1 72 0
3243 308.796 8.24447 0.01 1 72 0
3254 311.609 8.03359 0.01 1 72 0
3288 320.018 7.4858 0.01 1 107 0
3345 298.731 8.04385 0.01 1 28 0
3360 297.63 8.13429 0.01 1 28 0
3367 299.541 8.02891 0.01 1 27 0
3382 298.173 8.15441 0.01 1 28 0
3407 297.63 8.13429 0.01 1 26 0
3440 306.975 7.83383 0.01 1 72 0
3445 306.091 8.513 0.01 1 72 0
3464 299.153 7.82831 0.01 1 28 0
3509 299.541 8.02292 0.01 1 28 0
3551 299.153 7.96109 0.01 1 28 0
3559 308.341 8.05297 0.01 1 72 0
3567 299.153 7.96109 0.01 1 27 0
3589 297.63 8.13429 0.01 1 28 0
3615 297.63 8.13429 0.01 1 28 0
3633 301.577 8.11113 0.01 1 28 0.00129606
3636 306.975 8.01537 0.01 1 72 0
3671 298.054 8.15441 0.01 1 28 0
3739 322.96 7.51789 0.01 1 106 0
3752 297.63 8.24971 0.01 1 26 0
3820 299.153 7.96109 0.01 1 28 0
3946 319.779 7.49658 0.01 1 106 0
3971 309.865 7.92217 0.01 1 72 0
3974 310.678 7.85489 0.01 1 72 0
4105 297.63 8.21421 0.01 1 28 0
4108 300.436 8.03193 0.01 1 28 0
4110 309.36 8.14067 0.01 1 72 0
4142 308.793 7.77483 0.01 1 72 0
4229 297.63 8.13429 0.01 1 28 0
4315 299.541 8.02891 0.01 1 28 0
4346 299.153 8.02292 0.01 1 28 0
4376 321.907 7.51789 0.01 1 106 0
4387 307.37 8.21179 0.01 1 72 0
4449 299.541 7.97888 0.01 1 28 0
4536 299.199 8.03193 0.01 1 28 0
4604 299.541 8.02891 0.01 1 28 0
4608 298.731 8.04385 0.01 1 28 0
4613 297.63 8.13429 0.01 1 27 0
4649 307.37 8.21179 0.01 1 72 0
4777 301.577 8.03193 0.01 1 28 0
4783 309.283 8.25503 0.01 1 72 0
4866 299.541 8.02292 0.01 1 28 0
4924 306.112 7.97943 0.01 1 72 0
4961 310.626 8.06655 0.01 1 72 0
4990 297.63 8.13429 0.01 1 26 0
5007 301.623 8.02292 0.01 1 28 -0.0269937
5012 311.609 8.18633 0.01 1 72 0
5014 299.541 8.02292 0.01 1 28 0
5025 306.091 8.513 0.01 1 72 0
5037 322.96 7.51789 0.01 1 106 0
5113 307.97 8.39973 0.01 1 72 0
5136 306.975 7.84388 0.01 1 72 0
5168 299.199 8.03193 0.01 1 28 0
5173 298.874 7.82831 0.01 1 28 0.00334987
5189 306.091 8.513 0.01 1 72 0
5211 320.018 7.4858 0.01 1 107 0
5218 311.609 8.03359 0.01 1 72 0
5252 321.008 7.49658 0.01 1 108 0.00250636
5257 306.603 8.00059 0.01 1 72 0
5383 300.436 8.03193 0.01 1 26 0
5398 299.153 8.02292 0.01 1 27 0
5426 299.541 8.02891 0.01 1 27 0
5441 299.153 8.02292 0.01 1 28 0
5466 319.779 7.49658 0.01 1 108 0
5504 307.379 7.90513 0.01 1 72 0
5567 299.541 8.02292 0.01 1 28 0
5626 299.199 8.03193 0.01 1 28 0
5668 299.153 8.02292 0.01 1 27 0
5688 299.541 8.02891 0.01 1 27 0
5833 299.199 8.03193 0.01 1 28 0
5898 310.378 7.95549 0.01 1 72 0
5943 297.171 8.13429 0.01 1 28 0.00651715
5997 300.327 8.02891 0.01 1 27 -0.0080226
6001 299.541 8.02891 0.01 1 28 0
6051 306.404 7.90513 0.01 1 72 0
6070 319.779 7.49658 0.01 1 106 0
6081 297.63 8.13429 0.01 1 26 0
6116 298.173 8.15441 0.01 1 26 0
6185 320.708 7.49658 0.01 1 108 0
6238 301.577 8.03193 0.01 1 26 0
6269 322.96 7.51789 0.01 1 107 0
6280 319.779 7.49658 0.01 1 107 0
6319 297.63 8.13429 0.01 1 28 0
6323 308.156 8.16588 0.01 1 72 0
6394 312.597 7.68487 0.01 1 72 -0.000383243
6427 297.63 8.13429 0.01 1 27 0
6484 298.173 8.15441 0.01 1 27 0
6492 308.693 8.22614 0.01 1 72 0
6561 306.975 7.83383 0.01 1 72 0
6572 299.541 7.99711 0.01 1 28 0
6592 311.609 8.03359 0.01 1 72 0
6620 308.693 8.22614 0.01 1 72 0
6666 297.63 8.13429 0.01 1 26 0
6694 299.153 8.02292 0.01 1 28 0
6751 301.577 8.07918 0.01 1 27 0
6780 297.63 8.13429 0.01 1 28 0
6816 307.691 8.21179 0.01 1 72 0
6822 311.728 8.03359 0.01 1 72 0
6831 307.847 7.92505 0.01 1 72 0
6833 297.63 8.13429 0.01 1 26 0
6923 299.541 8.02891 0.01 1 26 0
6937 299.541 8.02292 0.01 1 28 0
6941 299.199 8.03193 0.01 1 28 0
6950 307.97 8.39973 0.01 1 72 0
6996 311.609 8.05977 0.01 1 72 0
7007 301.577 8.03193 0.01 1 28 0
7098 297.63 8.13429 0.01 1 28 0
7105 319.779 7.49658 0.01 1 106 0
7106 297.63 8.13429 0.01 1 28 0
7138 299.199 8.03193 0.01 1 28 0
7158 319.779 7.49658 0.01 1 108 0
7218 308.341 8.05297 0.01 1 72 0
7231 299.199 8.03193 0.01 1 28 0
7276 306.585 8.33979 0.01 1 72 0
7319 306.603 8.00059 0.01 1 72 0
7321 310.492 8.23123 0.01 1 72 0
7326 299.153 7.96109 0.01 1 28 0
7353 308.823 8.05297 0.01 1 72 0
7360 320.018 7.4858 0.01 1 106 0
7376 299.153 8.02292 0.01 1 28 0
7382 309.865 7.92217 0.01 1 72 0
7425 297.63 8.24971 0.01 1 26 0
7449 299.153 7.96109 0.01 1 26 0
7480 300.746 8.07623 0.01 1 26 0
7499 307.97 8.39973 0.01 1 72 0
7517 299.541 8.02891 0.01 1 28 0
7588 300.637 8.15441 0.01 1 27 0
7604 297.63 8.13429 0.01 1 28 0
7611 308.031 7.94575 0.01 1 72 0
7658 307.842 7.85769 0.01 1 72 0
7742 310.678 7.85489 0.01 1 72 0
7744 299.153 8.02292 0.01 1 28 0
7751 301.577 8.03193 0.01 1 28 0
7775 297.63 8.21421 0.01 1 28 0
7776 299.541 8.02292 0.01 1 27 0
7781 297.63 8.13429 0.01 1 27 0
7868 307.37 8.21179 0.01 1 72 0
7896 311.27 7.41507 0.01 1 72 0
7939 306.975 7.98951 0.01 1 72 0
7971 320.116 7.49658 0.01 1 106 0
7992 299.541 8.02891 0.01 1 27 0
8089 301.577 8.06477 0.01 1 28 0
8126 300.746 8.07623 0.01 1 26 0
8128 297.63 8.13429 0.01 1 27 0
8171 299.541 8.02891 0.01 1 26 0
8201 299.541 8.02891 0.01 1 26 0
8213 299.541 8.02891 0.01 1 28 0
8219 297.63 8.13429 0.01 1 27 0
8223 320.116 7.49658 0.01 1 106 0
8292 299.199 8.03193 0.01 1 28 0
8312 298.054 8.15441 0.01 1 28 0
8323 299.153 8.20975 0.01 1 27 0
8346 301.577 8.06718 0.01 1 28 0
8353 320.018 7.4858 0.01 1 107 0
8360 299.153 8.02292 0.01 1 27 0
8378 300.637 8.15441 0.01 1 27 0
8405 299.522 8.00717 0.01 1 28 0
8459 306.404 7.90513 0.01 1 72 0
8471 299.153 8.02292 0.01 1 28 0
8487 299.153 8.02292 0.01 1 27 0
8536 306.975 7.83383 0.01 1 72 0
8572 307.842 7.85769 0.01 1 72 0
8574 310.856 8.21542 0.01 1 72 0
8651 300.791 8.03193 0.01 1 27 0
8680 307.842 7.85769 0.01 1 72 0
8710 299.153 8.02426 0.01 1 27 0
8725 299.153 8.02292 0.01 1 28 0
8727 299.153 8.13015 0.01 1 27 0
8758 299.153 8.02292 0.01 1 28 0
8794 300.637 8.15441 0.01 1 28 0
8871 302.953 8.03193 0.01 1 28 -0.0106401
8885 307.847 7.92505 0.01 1 72 0
8917 299.153 8.02292 0.01 1 26 0
8927 308.796 8.23108 0.01 1 72 0
9208 310.626 7.87681 0.01 1 72 0
9235 309.36 8.19966 0.01 1 72 0
9283 299.153 8.02292 0.01 1 28 0
9302 297.63 8.21421 0.01 1 27 0
9338 299.541 8.02292 0.01 1 28 0
9348 310.199 7.33119 0.01 1 72 0
9360 306.975 7.84388 0.01 1 72 0
9407 299.153 8.02292 0.01 1 28 0
9431 299.153 8.02292 0.01 1 27 0
9439 297.63 8.3161 0.01 1 28 0
9444 299.541 8.02891 0.01 1 26 0
9455 299.541 8.02891 0.01 1 28 0
9456 299.278 8.02292 0.01 1 28 0
9465 299.153 8.13015 0.01 1 27 0.00192571
9552 306.603 8.00059 0.01 1 72 0
9559 322.96 7.51789 0.01 1 106 0
9633 299.088 8.02292 0.01 1 28 0
9652 297.63 8.13429 0.01 1 27 0
9782 298.731 8.04385 0.01 1 28 0
9803 322.96 7.51789 0.01 1 106 0
9865 307.37 8.21179 0.01 1 72 0
9876 310.03 8.04513 0.01 1 72 0
9877 320.116 7.49658 0.01 1 106 0
9891 297.63 8.13429 0.01 1 28 0
9901 322.96 7.51789 0.01 1 107 0
9932 311.542 7.91193 0.01 1 72 0
9935 299.153 8.02292 0.01 1 28 0
9963 298.731 8.04385 0.01 1 28 0
9981 298.173 8.15441 0.01 1 28 0
10045 299.153 7.96109 0.01 1 26 0
10065 306.603 8.00059 0.01 1 72 0
10071 308.156 8.1446 0.01 1 72 0
10074 299.541 8.02292 0.01 1 28 0
10077 322.96 7.51789 0.01 1 106 0
10082 299.541 8.02292 0.01 1 28 0
10088 299.541 8.02891 0.01 1 27 0
10099 300.791 8.03193 0.01 1 27 0
10203 299.153 7.99039 0.01 1 28 0
10278 301.577 8.03193 0.01 1 28 0
10285 322.96 7.51789 0.01 1 107 0
10286 306.603 8.00059 0.01 1 72 0
10301 306.091 8.513 0.01 1 72 0
10330 306.091 8.513 0.01 1 72 0
10344 322.96 7.51789 0.01 1 107 0
10378 310.738 8.23457 0.01 1 72 0
10419 310.856 8.21542 0.01 1 72 0
10441 301.577 8.03193 0.01 1 27 0
10482 299.541 8.02891 0.01 1 27 0
10492 306.585 8.23078 0.01 1 72 0
10498 299.153 8.02292 0.01 1 28 0
10515 306.975 8.07344 0.01 1 72 0
10562 299.153 8.02292 0.01 1 27 0
10593 297.63 8.13429 0.01 1 28 0
10609 297.63 8.13429 0.01 1 28 0
10655 306.975 8.07344 0.01 1 72 0
10713 307.842 7.85769 0.01 1 72 0
10725 311.011 8.08247 0.01 1 72 0
10728 308.522 7.80143 0.01 1 72 0
10732 307.691 8.21179 0.01 1 72 0
10770 300.327 8.02891 0.01 1 27 0
10775 309.865 7.92217 0.01 1 72 0
10779 309.244 8.04667 0.01 1 72 0
10791 319.779 7.49658 0.01 1 106 0
10949 312.003 8.23457 0.01 1 72 -0.0110049
10950 306.355 7.90192 0.01 1 72 0
11005 307.847 7.92505 0.01 1 72 0
11053 299.153 8.02292 0.01 1 28 0
11170 310.322 8.06655 0.01 1 72 0
11193 297.63 8.13429 0.01 1 28 0
11203 308.693 8.22614 0.01 1 72 0
11217 310.104 8.23457 0.01 1 72 0
11422 299.153 7.96109 0.01 1 28 0
11442 310.626 8.06655 0.01 1 72 0
11452 299.153 8.02292 0.01 1 28 0
11531 299.541 8.02891 0.01 1 28 0
11578 299.522 8.00717 0.01 1 27 0
11624 309.36 8.19966 0.01 1 72 0
11626 299.153 8.02292 0.01 1 28 0
11667 306.091 8.513 0.01 1 72 0
11707 306.603 8.00059 0.01 1 72 0
11789 299.153 8.18156 0.01 1 28 0
11828 311.609 8.03359 0.01 1 72 0
11919 307.847 7.92505 0.01 1 72 0
11954 300.436 8.03193 0.01 1 28 0
11955 297.63 8.02292 0.01 1 28 0
12007 319.779 7.49658 0.01 1 106 0
12090 299.742 8.02292 0.01 1 26 0
12097 306.975 7.83383 0.01 1 72 0
12172 306.603 8.00059 0.01 1 72 0
12199 308.823 8.05297 0.01 1 72 0
12240 299.541 8.02292 0.01 1 28 0
12250 310.626 8.06655 0.01 1 72 0
12256 299.522 8.00717 0.01 1 28 0
12283 307.847 7.92505 0.01 1 72 0
12284 299.541 8.02891 0.01 1 28 0
12308 306.091 8.513 0.01 1 72 0
12344 307.37 8.32116 0.01 1 72 0
12378 320.116 7.49658 0.01 1 106 0
12385 299.153 8.18156 0.01 1 28 0
12470 298.731 8.03193 0.01 1 28 0
12494 308.341 8.05297 0.01 1 72 0
12497 300.746 8.07623 0.01 1 27 0
12531 309.36 8.19966 0.01 1 72 0
12539 311.609 8.03359 0.01 1 72 0
12574 299.541 7.99711 0.01 1 27 0
12584 299.153 8.02292 0.01 1 28 0
12627 299.541 8.02891 0.01 1 28 0
12665 319.925 7.4858 0.01 1 107 -0.0014669
12798 308.375 7.99019 0.01 1 72 0
12799 310.199 7.33119 0.01 1 72 0
12814 301.577 8.03193 0.01 1 28 0
12818 300.746 8.07623 0.01 1 27 0
12821 322.443 7.45906 0.01 1 106 0
12835 306.603 8.00059 0.01 1 72 0
12892 298.988 8.02891 0.01 1 28 0
12897 299.153 8.02292 0.01 1 28 0
12899 299.153 7.96109 0.01 1 28 0
12986 299.153 8.05909 0.01 1 28 0
12997 299.153 8.02292 0.01 1 28 0
13021 297.63 8.13429 0.01 1 27 0
13032 299.199 8.03193 0.01 1 28 0
13060 297.63 8.13429 0.01 1 27 0
13063 321.907 7.51789 0.01 1 106 0
13071 308.773 7.98792 0.01 1 72 0
13072 297.63 8.13429 0.01 1 27 0
13083 301.577 8.07918 0.01 1 28 0
13098 299.199 8.03193 0.01 1 27 0
13138 299.522 8.00717 0.01 1 28 0
13151 297.63 8.13429 0.01 1 28 0
13158 297.63 8.13429 0.01 1 27 0
13169 308.341 8.00847 0.01 1 72 0
13171 322.96 7.51789 0.01 1 107 0
13177 300.746 8.07623 0.01 1 26 0
13283 301.577 8.03193 0.01 1 27 0
13317 300.746 8.07623 0.01 1 26 0
13344 299.153 8.02292 0.01 1 28 0
13421 299.153 8.02292 0.01 1 28 0
13474 297.63 8.38102 0.01 1 28 0
13482 309.36 8.19966 0.01 1 72 0
13488 311.609 8.03359 0.01 1 72 0
13498 299.153 8.02292 0.01 1 27 0
13529 308.693 8.22614 0.01 1 72 0
13541 299.541 8.02292 0.01 1 28 0
13585 297.63 8.13429 0.01 1 28 0
13592 299.153 8.02426 0.01 1 27 0
13612 308.693 8.22614 0.01 1 72 0
13647 322.96 7.51789 0.01 1 107 0
13653 297.63 8.21421 0.01 1 28 0
13691 297.893 8.21421 0.01 1 28 0
13855 310.041 8.04667 0.01 1 72 0
13892 306.091 8.513 0.01 1 72 0
13904 310.041 8.04667 0.01 1 72 0
13923 297.63 8.13429 0.01 1 26 0
13977 299.541 8.02292 0.01 1 28 0
13999 300.746 8.07623 0.01 1 26 0
14085 306.603 8.00059 0.01 1 72 0
14125 306.355 7.90192 0.01 1 72 0
14132 299.541 8.02292 0.01 1 28 0
14138 299.541 8.02292 0.01 1 27 0
14215 299.153 8.02292 0.01 1 28 0
14245 299.541 8.02292 0.01 1 26 0
14268 299.153 8.02292 0.01 1 28 0
14303 309.36 8.19966 0.01 1 72 0
14340 309.233 8.04513 0.01 1 72 0
14345 299.821 8.04385 0.01 1 28 0
14368 297.63 8.13429 0.01 1 28 0
14418 322.96 7.51789 0.01 1 106 0
14424 311.772 7.39681 0.01 1 72 0
14453 308.156 8.1446 0.01 1 72 0
14480 309.283 8.25503 0.01 1 72 0
14571 299.541 8.02292 0.01 1 28 0
14588 307.842 7.85769 0.01 1 72 0
14617 299.153 8.02292 0.01 1 28 0
14641 297.63 8.35217 0.01 1 28 0
14649 299.541 8.02292 0.01 1 27 0
14650 299.153 7.96109 0.01 1 28 0
14715 297.63 8.13429 0.01 1 27 0
14733 308.823 8.05297 0.01 1 72 0
14745 308.341 8.03536 0.01 1 72 0
14760 297.63 8.13429 0.01 1 27 0
14809 297.63 8.13429 0.01 1 26 0
14833 309.36 8.19966 0.01 1 72 0
14842 299.821 8.04385 0.01 1 28 0
14906 299.541 8.02292 0.01 1 28 0
14920 309.283 8.25503 0.01 1 72 0
14952 299.153 8.02292 0.01 1 28 0
14960 309.736 8.04667 0.01 1 72 0
15021 297.63 8.13429 0.01 1 27 0
15041 299.541 8.02292 0.01 1 27 0
15071 310.199 7.33119 0.01 1 72 0
15081 299.541 8.02891 0.01 1 28 0
15109 310.626 8.06655 0.01 1 72 0
15170 301.577 8.03193 0.01 1 27 0
15201 299.153 8.02292 0.01 1 27 0
15246 299.153 7.96109 0.01 1 28 0
15266 297.63 8.13429 0.01 1 28 0
15372 299.153 8.02292 0.01 1 28 0
15381 297.63 8.13429 0.01 1 28 0
15382 320.018 7.4858 0.01 1 107 0
15518 297.63 8.24971 0.01 1 28 0.000620633
15519 299.541 8.02292 0.01 1 28 0
15543 307.069 8.16588 0.01 1 72 -0.0044179
15554 301.577 8.07918 0.01 1 27 0.000742391
15637 299.541 8.02292 0.01 1 27 0
15649 299.153 8.02292 0.01 1 28 0
15651 299.541 8.02891 0.01 1 27 0
15674 309.52 8.29357 0.01 1 72 0
15699 299.541 8.02292 0.01 1 28 0
15710 311.003 7.91193 0.01 1 72 0
15747 299.153 8.02426 0.01 1 27 0
15767 297.63 8.21421 0.01 1 27 0
15776 299.541 7.99711 0.01 1 28 0
15797 299.153 8.02292 0.01 1 27 0
15803 297.63 8.13429 0.01 1 28 0
15823 301.577 8.03193 0.01 1 27 0
15829 299.153 8.02292 0.01 1 28 0
15840 300.746 8.07623 0.01 1 26 0
15844 309.763 7.96688 0.01 1 72 0
15920 299.153 8.05162 0.01 1 28 0
15921 310.678 7.87535 0.01 1 72 0
15970 309.283 8.25503 0.01 1 72 0
16101 309.52 8.29357 0.01 1 72 0
16131 299.153 7.92032 0.01 1 28 0
16143 307.379 7.98355 0.01 1 72 0
16194 308.341 8.00847 0.01 1 72 0
16278 309.865 7.92217 0.01 1 72 0
16290 297.63 8.13429 0.01 1 28 0
16298 310.03 8.04513 0.01 1 72 0
16303 299.153 8.02292 0.01 1 28 0
16306 297.63 8.13429 0.01 1 28 0
16352 311.609 8.18633 0.01 1 72 0
16364 297.63 8.13429 0.01 1 27 0
16365 301.577 8.04395 0.01 1 28 0
16378 299.541 8.02891 0.01 1 28 0
16453 306.338 7.92505 0.01 1 72 0
16460 301.577 8.03193 0.01 1 27 0
16542 321.267 7.33857 0.01 1 106 0
16578 306.603 8.00059 0.01 1 72 0
16585 297.63 8.21421 0.01 1 28 0
16603 311.011 8.08247 0.01 1 72 0
16666 299.199 7.89512 0.01 1 28 0
16677 299.541 8.02891 0.01 1 28 0
16690 311.772 7.39681 0.01 1 72 0
16732 297.63 8.24971 0.01 1 28 0
16775 319.779 7.49658 0.01 1 107 0
16778 299.153 8.02292 0.01 1 28 0
16791 299.153 8.02292 0.01 1 28 0
16871 310.104 8.23457 0.01 1 72 0
16886 299.742 8.02292 0.01 1 26 0
16898 299.153 8.02292 0.01 1 28 0
16921 320.116 7.49658 0.01 1 106 0
16922 307.989 7.94575 0.01 1 72 -0.000129953
16927 299.199 8.03193 0.01 1 28 0
16942 308.341 8.05297 0.01 1 72 0
16947 306.603 8.00059 0.01 1 72 0
16989 308.156 8.1446 0.01 1 72 0
16993 308.522 7.80143 0.01 1 72 0
17014 299.153 8.02426 0.01 1 26 0
17018 309.991 7.86102 0.01 1 72 0
17131 311.728 8.03359 0.01 1 72 0
17174 308.693 8.22614 0.01 1 72 0
17181 319.779 7.49658 0.01 1 107 0
17200 320.018 7.4858 0.01 1 106 0
17209 299.522 8.00717 0.01 1 28 0
17253 319.779 7.49658 0.01 1 107 0
17286 309.579 7.92217 0.01 1 72 0
17305 299.541 8.02891 0.01 1 27 0
17327 299.541 8.02292 0.01 1 27 0
17375 308.823 8.05297 0.01 1 72 0
17377 307.921 8.10453 0.01 1 72 0
17383 297.63 8.13429 0.01 1 26 0
17569 300.436 8.03193 0.01 1 27 0
17588 322.443 7.45906 0.01 1 106 0
17620 299.541 8.02891 0.01 1 28 0
17679 299.153 8.02292 0.01 1 28 0
17684 301.577 8.03193 0.01 1 28 0
17768 299.153 8.13015 0.01 1 27 0
17778 309.36 8.19966 0.01 1 72 0
17804 299.541 8.08345 0.01 1 28 0
17843 311.609 8.00636 0.01 1 72 0
17859 301.577 8.03193 0.01 1 26 0
17905 309.36 8.19966 0.01 1 72 0
17911 306.355 7.90192 0.01 1 72 0
17970 299.153 8.02292 0.01 1 27 0
17995 299.199 8.03193 0.01 1 28 0
18007 306.585 8.23078 0.01 1 72 0
18027 299.199 8.03193 0.01 1 28 0
18045 299.199 8.03193 0.01 1 28 0
18055 300.746 8.07623 0.01 1 27 0
18056 299.541 8.02292 0.01 1 28 0
18059 320.116 7.49658 0.01 1 106 0
18072 299.541 8.02891 0.01 1 27 0
18143 320.018 7.4858 0.01 1 107 0
18209 297.63 8.13429 0.01 1 28 0
18211 299.153 8.02292 0.01 1 28 0
18225 300.791 8.03193 0.01 1 28 0
18263 299.153 8.02292 0.01 1 28 0
18290 297.63 8.13429 0.01 1 28 0
18302 301.577 8.03193 0.01 1 27 0
18338 322.96 7.51789 0.01 1 106 0
18343 298.731 8.04385 0.01 1 27 0
18374 299.153 7.82831 0.01 1 28 -0.000656269
18449 299.153 8.02292 0.01 1 28 0
18487 319.779 7.49658 0.01 1 106 0
18550 299.541 8.02292 0.01 1 28 0
18554 299.541 8.02292 0.01 1 28 0
18560 299.153 7.96109 0.01 1 27 0
18576 297.63 8.13429 0.01 1 27 0
18611 297.63 8.13429 0.01 1 27 0
18641 300.791 8.03193 0.01 1 27 0
18644 297.63 8.13429 0.01 1 27 0
18658 311.27 7.41507 0.01 1 72 0
18716 299.153 8.02292 0.01 1 27 0
18727 307.989 7.94575 0.01 1 72 0
18728 297.63 8.13429 0.01 1 28 0
18826 307.914 8.21579 0.01 1 72 0
18882 301.577 8.03193 0.01 1 28 0
18888 299.153 7.88566 0.01 1 28 0
18911 307.842 7.85769 0.01 1 72 0
18971 308.031 7.94575 0.01 1 72 0
19022 308.156 8.1446 0.01 1 72 0
19039 297.63 8.13429 0.01 1 28 0
19062 299.541 8.02891 0.01 1 26 0
19113 301.577 8.03193 0.01 1 28 0
19125 297.63 8.13429 0.01 1 28 0
19166 297.63 8.13429 0.01 1 27 0
19197 299.153 8.05162 0.01 1 28 0
19220 297.288 8.13429 0.01 1 28 0
19265 298.173 8.15441 0.01 1 26 0
19281 308.375 7.99019 0.01 1 72 0
19349 299.153 8.02292 0.01 1 28 0
19352 300.436 8.05288 0.01 1 28 0.000357989
19360 322.96 7.51789 0.01 1 108 0
19376 308.156 8.1446 0.01 1 72 0
19407 299.522 8.09647 0.01 1 28 0
19428 297.63 8.13429 0.01 1 27 0
19490 301.577 8.03193 0.01 1 28 0
19552 308.522 7.80143 0.01 1 72 0
19565 297.63 8.13429 0.01 1 28 0
19575 306.091 8.513 0.01 1 72 0
19615 320.116 7.49658 0.01 1 106 0
19643 297.63 8.13429 0.01 1 26 0
19652 299.153 8.02426 0.01 1 27 0
19697 297.63 8.11943 0.01 1 27 -0.000264257
19703 299.199 8.03193 0.01 1 28 0
19976 299.153 7.96109 0.01 1 28 0
20025 311.609 8.18633 0.01 1 72 0
20072 299.541 8.02891 0.01 1 28 0
20073 298.054 8.15441 0.01 1 28 0
20144 300.637 8.15441 0.01 1 27 0
20152 301.577 8.03193 0.01 1 28 0
20153 301.577 8.03193 0.01 1 28 0
20199 300.746 8.07623 0.01 1 27 0
20246 297.63 8.3161 0.01 1 28 0
20268 299.541 8.02292 0.01 1 27 0
20270 310.322 8.06655 0.01 1 72 0
20292 299.153 8.05909 0.01 1 28 0
20378 299.541 8.02292 0.01 1 27 0
20492 309.52 8.29357 0.01 1 72 0
20502 311.609 8.18633 0.01 1 72 0
20510 311.728 8.03359 0.01 1 72 0
20546 308.693 8.22614 0.01 1 72 0
20557 320.116 7.49658 0.01 1 106 0
20585 299.541 8.02891 0.01 1 28 0
20591 297.63 8.02292 0.01 1 28 0
20628 319.779 7.49658 0.01 1 108 0
20665 299.153 7.96109 0.01 1 28 0
20676 307.37 8.21179 0.01 1 72 0
20757 308.341 8.00847 0.01 1 72 -7.39098e-06
20765 299.541 8.02891 0.01 1 28 0
20780 307.379 7.90513 0.01 1 72 0
20796 301.577 8.06477 0.01 1 28 0.000515975
20880 297.63 8.13429 0.01 1 28 0
20888 311.542 7.91193 0.01 1 72 0
20891 297.63 8.02292 0.01 1 28 0
20966 308.796 8.24447 0.01 1 72 0
21232 297.63 8.13429 0.01 1 28 0
21279 300.791 8.03193 0.01 1 28 0
21288 299.153 8.13015 0.01 1 27 0
21379 299.541 8.02891 0.01 1 27 0
21474 299.328 8.02292 0.01 1 28 0
21496 298.173 8.15441 0.01 1 28 0
21545 309.36 8.19966 0.01 1 72 0
21546 297.63 8.13429 0.01 1 27 0
21555 297.63 8.13429 0.01 1 28 0
21577 297.893 8.21421 0.01 1 28 0
21608 311.609 8.00636 0.01 1 72 -6.77407e-05
21614 310.041 8.04667 0.01 1 72 0
21660 297.893 8.21421 0.01 1 27 0
21675 298.731 8.04385 0.01 1 28 0
21771 301.577 8.03193 0.01 1 27 0
21774 299.088 8.02292 0.01 1 28 0
21781 299.153 8.02292 0.01 1 28 0
21852 310.199 7.33119 0.01 1 72 0
21864 297.669 8.02292 0.01 1 28 0
21881 300.436 8.03193 0.01 1 28 0
21902 299.153 8.02292 0.01 1 28 0
21923 299.541 8.02891 0.01 1 26 0
21996 297.63 8.13429 0.01 1 28 0
22027 306.585 8.23078 0.01 1 72 0
22118 299.153 8.02292 0.01 1 28 0
22162 297.63 8.13429 0.01 1 27 0
22177 299.153 7.96109 0.01 1 28 0
22186 300.436 8.03193 0.01 1 28 0
22251 299.541 8.02891 0.01 1 28 0
22288 301.056 8.02891 0.01 1 28 0
22343 301.577 8.03193 0.01 1 27 0
22354 306.585 8.23078 0.01 1 72 0
22435 299.153 8.02292 0.01 1 27 0
22454 308.156 8.1446 0.01 1 72 0
22471 306.091 8.68053 0.01 1 72 0
22480 308.341 8.05297 0.01 1 72 0
22535 306.975 8.01537 0.01 1 72 0
22615 306.338 7.92505 0.01 1 72 0
22658 322.96 7.51789 0.01 1 106 0
22712 311.609 8.03359 0.01 1 72 0
22751 299.541 8.02292 0.01 1 28 0
22815 299.153 8.02292 0.01 1 28 0
22843 300.637 8.15441 0.01 1 27 0
22847 308.796 8.23108 0.01 1 72 0
22851 297.63 8.13429 0.01 1 27 0
22896 308.031 7.94575 0.01 1 72 0
22916 299.541 8.02891 0.01 1 27 0
23007 299.199 8.03193 0.01 1 28 0
23035 299.153 8.02426 0.01 1 26 0
23053 300.746 8.07623 0.01 1 27 0
23055 300.791 8.03193 0.01 1 28 0
23078 299.153 8.02292 0.01 1 28 0
23151 309.36 8.19966 0.01 1 72 0
23152 298.173 8.15441 0.01 1 28 0
23156 297.63 8.13429 0.01 1 28 0
23158 309.763 7.96688 0.01 1 72 -0.00219692
23189 299.541 8.02292 0.01 1 28 0
23245 299.153 7.96109 0.01 1 28 0
23248 299.541 8.02891 0.01 1 28 0
23268 299.37 8.06452 0.01 1 28 0
23332 298.173 8.15441 0.01 1 28 0
23341 309.36 8.19966 0.01 1 72 0
23348 319.779 7.49658 0.01 1 107 0
23361 301.577 8.03193 0.01 1 28 0
23367 301.577 8.03193 0.01 1 26 0
23375 297.288 8.13429 0.01 1 28 0
23386 309.36 8.19966 0.01 1 72 0
23418 307.37 8.21179 0.01 1 72 0
23439 306.975 7.97825 0.01 1 72 0
23468 299.541 8.02292 0.01 1 28 0
23470 299.541 8.03592 0.01 1 27 0
23489 297.63 8.24971 0.01 1 26 0
23514 298.173 8.15441 0.01 1 28 0
23551 306.975 8.07344 0.01 1 72 0
23669 300.791 8.03193 0.01 1 27 0
23802 299.199 8.03193 0.01 1 28 0
23898 297.288 8.13429 0.01 1 28 0
23975 301.577 8.03193 0.01 1 26 0
24076 299.153 7.96109 0.01 1 28 0
24100 308.341 8.03536 0.01 1 72 0
24118 299.541 8.02292 0.01 1 28 0
24131 300.746 8.07623 0.01 1 28 0
24163 310.678 7.85489 0.01 1 72 0
24236 307.842 7.85769 0.01 1 72 0
24243 308.522 7.73254 0.01 1 72 0
24371 307.847 7.92505 0.01 1 72 0
24376 297.63 8.13429 0.01 1 26 0
24379 311.609 8.18633 0.01 1 72 0
24401 307.989 7.94575 0.01 1 72 0
24412 300.791 8.03193 0.01 1 28 0
24442 309.36 8.19966 0.01 1 72 0
24459 299.199 8.03193 0.01 1 28 0
24476 302.999 8.03193 0.01 1 28 0
24495 319.779 7.49658 0.01 1 108 0
24507 311.011 8.08247 0.01 1 72 0
24517 299.541 8.02891 0.01 1 27 0
24523 299.541 7.84625 0.01 1 28 -0.00322133
24525 319.779 7.35388 0.01 1 108 -0.00225099
24537 299.153 8.02292 0.01 1 27 0
24593 299.541 8.02292 0.01 1 28 0
24613 297.63 8.3161 0.01 1 28 0
24624 309.36 8.19966 0.01 1 72 0
24693 300.791 8.03193 0.01 1 27 0
24712 299.153 8.02292 0.01 1 27 0
24740 297.63 8.3161 0.01 1 28 0
24789 299.541 8.02891 0.01 1 26 0
24835 297.63 8.13429 0.01 1 27 0
24876 297.63 8.13429 0.01 1 28 0
24994 306.603 7.97311 0.01 1 72 0
24999 300.746 8.07623 0.01 1 26 0
25018 310.856 8.21542 0.01 1 72 0
25047 311.609 8.03359 0.01 1 72 0
25094 299.821 8.04385 0.01 1 28 -0.0128139
25129 309.283 8.25503 0.01 1 72 0
25135 309.472 7.78777 0.01 1 72 0
25148 297.288 8.13429 0.01 1 28 0
25188 299.153 8.02292 0.01 1 26 0
25264 320.845 7.49658 0.01 1 108 0
25277 299.541 8.02292 0.01 1 26 0
25278 301.577 8.03193 0.01 1 26 0
25298 297.63 8.24971 0.01 1 26 0
25351 306.975 8.07344 0.01 1 72 0
25358 307.37 8.21179 0.01 1 72 0
25384 299.153 7.96109 0.01 1 26 0
25398 322.96 7.51789 0.01 1 106 0
25484 299.199 7.89512 0.01 1 27 0
25491 299.153 8.02292 0.01 1 28 0
25557 299.199 8.03193 0.01 1 28 0
25615 297.63 8.13429 0.01 1 28 0
25625 297.63 8.13429 0.01 1 27 0
25631 297.63 8.13429 0.01 1 28 0
25649 308.341 8.05297 0.01 1 72 0
25665 307.379 7.90513 0.01 1 72 0
25711 297.63 8.24971 0.01 1 28 0
25719 309.36 8.19966 0.01 1 72 0
25810 308.522 7.80143 0.01 1 72 0
25845 310.378 7.95549 0.01 1 72 0
25852 302.386 8.05288 0.01 1 28 -0.0173733
25866 307.691 8.21179 0.01 1 72 0
25872 300.637 8.15441 0.01 1 28 0
25879 307.842 7.85769 0.01 1 72 0
25883 298.963 8.02891 0.01 1 28 0.00681592
25899 297.63 8.13429 0.01 1 27 0
25906 310.378 7.95549 0.01 1 72 0
25912 297.63 8.3161 0.01 1 28 0
25929 301.577 8.06718 0.01 1 28 0
25933 297.63 8.13429 0.01 1 27 0
25991 299.742 8.02292 0.01 1 27 0
26028 298.634 8.02891 0.01 1 28 0
26041 297.63 8.13429 0.01 1 27 0
26042 299.522 8.00717 0.01 1 27 0
26061 309.283 8.25503 0.01 1 72 0
26100 299.199 8.03193 0.01 1 28 0
26113 307.069 8.16588 0.01 1 72 0
26160 297.63 8.13429 0.01 1 27 0
26182 299.153 8.02292 0.01 1 28 0
26202 320.074 7.44037 0.01 1 106 0
26226 310.378 7.95549 0.01 1 72 0
26296 322.96 7.51789 0.01 1 107 0
26316 299.153 8.02292 0.01 1 28 0
26337 299.153 8.02292 0.01 1 28 0
26345 307.989 7.94575 0.01 1 72 0
26397 309.865 7.92217 0.01 1 72 0
26409 300.791 8.03193 0.01 1 27 0
26423 298.731 8.04385 0.01 1 28 0
26451 322.832 7.51789 0.01 1 107 0.00824839
26453 299.153 8.02292 0.01 1 28 0
26485 297.63 8.13429 0.01 1 27 0
26504 299.199 8.03193 0.01 1 28 0
26530 299.153 8.02292 0.01 1 27 0
26680 298.744 8.03193 0.01 1 28 0
26718 306.975 8.07344 0.01 1 72 0
26758 299.541 8.02292 0.01 1 27 0
26769 306.975 8.01537 0.01 1 72 0
26782 297.63 8.13429 0.01 1 28 0
26883 307.97 8.39973 0.01 1 72 0
27091 299.153 8.02292 0.01 1 28 0
27093 307.847 7.92505 0.01 1 72 0
27098 320.708 7.49658 0.01 1 108 0
27100 306.603 8.00059 0.01 1 72 0
27127 299.541 8.02891 0.01 1 27 0
27219 307.842 7.85769 0.01 1 72 0
27229 309.36 8.19966 0.01 1 72 0
27230 309.36 8.19966 0.01 1 72 0
27235 310.727 8.03359 0.01 1 72 0
27300 297.63 8.13429 0.01 1 28 0
27316 298.173 8.15441 0.01 1 28 0
27357 299.541 8.02292 0.01 1 28 0
27416 311.609 8.03359 0.01 1 72 0
27421 299.153 8.02292 0.01 1 28 0
27433 320.074 7.44037 0.01 1 106 0
27447 322.96 7.51789 0.01 1 106 0
27456 299.742 8.02292 0.01 1 27 0
27524 297.63 8.13429 0.01 1 27 0
27551 306.603 7.97311 0.01 1 72 0
27555 306.112 7.97943 0.01 1 72 0
27567 300.791 8.03193 0.01 1 28 0
27620 309.36 8.19643 0.01 1 72 2.6226e-06
27651 299.153 8.02292 0.01 1 27 0
27661 299.153 8.02292 0.01 1 28 0
27702 297.669 8.02292 0.01 1 28 0
27733 299.153 8.05909 0.01 1 28 0
27734 299.153 8.02292 0.01 1 28 0
27756 309.865 7.92217 0.01 1 72 0
27781 300.746 8.07623 0.01 1 27 0
27787 306.091 8.513 0.01 1 72 0
27821 306.975 8.07344 0.01 1 72 0
27859 307.37 8.21179 0.01 1 72 0
27886 299.522 8.00717 0.01 1 28 0
27905 299.153 8.02292 0.01 1 28 0
27911 300.637 8.15441 0.01 1 27 0
27912 309.405 7.90192 0.01 1 72 0
27919 299.153 7.96109 0.01 1 28 0
27955 301.577 8.03193 0.01 1 27 0
27987 308.156 8.1446 0.01 1 72 0
28131 307.97 8.39973 0.01 1 72 0
28132 299.541 7.97888 0.01 1 28 -0.000893585
28151 300.746 8.07623 0.01 1 27 0
28155 308.341 8.05297 0.01 1 72 0
28211 300.791 8.03193 0.01 1 28 0
28264 308.341 8.00847 0.01 1 72 0
28312 297.63 8.13429 0.01 1 27 0
28328 309.865 7.92217 0.01 1 72 0
28335 311.609 8.03359 0.01 1 72 0
28346 310.03 8.04513 0.01 1 72 0
28366 299.153 8.02292 0.01 1 28 0
28394 299.199 8.03193 0.01 1 28 0
28397 297.63 8.24971 0.01 1 28 0
28514 297.63 8.13429 0.01 1 26 0
28559 309.579 7.92217 0.01 1 72 0
28572 310.322 8.06655 0.01 1 72 0
28583 297.63 8.21421 0.01 1 28 0
28670 301.577 8.03193 0.01 1 26 0
28703 307.37 8.32116 0.01 1 72 0
28712 301.577 8.03193 0.01 1 28 0
28715 300.436 8.03193 0.01 1 28 0
28720 299.37 8.06452 0.01 1 28 0
28759 309.865 7.92217 0.01 1 72 0
28763 322.96 7.51789 0.01 1 107 0
28792 297.63 8.13429 0.01 1 27 0
28804 299.153 8.05909 0.01 1 28 0
28861 299.153 8.02292 0.01 1 27 0
28879 310.378 7.95549 0.01 1 72 0
28895 299.199 8.03193 0.01 1 28 0
28933 298.173 8.15441 0.01 1 28 0
28936 297.63 8.13429 0.01 1 27 0
28946 309.283 8.25503 0.01 1 72 0
28958 308.707 8.19706 0.01 1 72 0
28963 297.63 8.13429 0.01 1 27 0
28992 299.819 8.03193 0.01 1 28 0
29022 308.156 8.1446 0.01 1 72 0
29047 299.153 8.05162 0.01 1 28 0
29134 320.018 7.4858 0.01 1 107 0
29140 299.199 8.03193 0.01 1 28 0
29168 309.472 7.78777 0.01 1 72 0
29235 309.283 8.25503 0.01 1 72 0
29240 306.603 8.00059 0.01 1 72 0
29365 299.153 7.96109 0.01 1 28 0
29423 322.157 7.51789 0.01 1 107 0
29433 306.091 8.513 0.01 1 72 0
29475 307.97 8.39973 0.01 1 72 0
29517 306.603 8.00059 0.01 1 72 0
29542 297.63 8.13429 0.01 1 28 0
29564 299.13 8.05162 0.01 1 28 0
29578 299.541 8.02891 0.01 1 27 0
29645 307.847 7.92505 0.01 1 72 0
29647 297.288 8.13429 0.01 1 28 0
29653 298.173 8.15441 0.01 1 27 0
29672 299.522 8.00717 0.01 1 28 0
29692 299.541 8.02891 0.01 1 27 0
29696 308.522 7.80143 0.01 1 72 0
29755 311.628 8.18831 0.01 1 72 0.000391409
29808 299.199 8.03193 0.01 1 27 0
29835 320.708 7.49658 0.01 1 108 0
29939 299.153 8.02292 0.01 1 28 0
29961 299.153 8.02292 0.01 1 28 0
29983 299.153 7.96109 0.01 1 28 0
29992 299.541 7.99711 0.01 1 28 -0.00046077
30038 299.541 7.99711 0.01 1 28 0
30062 298.731 8.04385 0.01 1 28 0
30077 299.153 8.02292 0.01 1 28 0
30206 299.541 8.02891 0.01 1 27 0
30228 312.179 7.91193 0.01 1 72 -0.00914577
30264 299.153 8.02292 0.01 1 27 0
30271 299.541 8.02891 0.01 1 28 0
30283 309.202 8.23826 0.01 1 72 0
30285 309.36 8.19966 0.01 1 72 0
30294 298.731 8.04385 0.01 1 28 0
30295 308.796 8.24447 0.01 1 72 0
30307 308.693 8.22614 0.01 1 72 0
30309 300.436 8.03193 0.01 1 28 0
30322 306.975 8.07344 0.01 1 72 0
30336 300.746 8.07623 0.01 1 27 0
30352 300.791 8.03193 0.01 1 28 0
30395 310.626 8.06655 0.01 1 72 0
30412 311.27 7.41507 0.01 1 72 0
30424 310.322 8.06655 0.01 1 72 0
30447 297.63 8.02292 0.01 1 27 0
30458 299.742 8.02292 0.01 1 27 0
30475 298.963 8.02891 0.01 1 28 0
30506 301.577 8.03193 0.01 1 28 0
30593 297.63 8.13429 0.01 1 26 0
30597 297.63 8.21421 0.01 1 28 0
30690 299.153 8.02292 0.01 1 27 0
30707 301.577 8.04395 0.01 1 28 0.000188805
30734 309.865 7.92217 0.01 1 72 0
30742 309.283 8.25503 0.01 1 72 0
30761 297.63 8.21421 0.01 1 28 0
30789 299.541 8.02292 0.01 1 28 0
30814 298.173 8.15441 0.01 1 28 0
30836 320.708 7.49658 0.01 1 108 0
30845 299.153 8.05909 0.01 1 28 0
30877 311.609 8.18633 0.01 1 72 0
30901 311.772 7.40034 0.01 1 72 -5.16027e-05
30917 297.63 8.3161 0.01 1 28 0
31002 307.842 7.85769 0.01 1 72 0
31015 320.116 7.49658 0.01 1 107 0
31034 298.717 8.02426 0.01 1 28 0
31087 309.36 8.19966 0.01 1 72 0
31108 320.116 7.49658 0.01 1 106 0
31136 319.779 7.49658 0.01 1 108 0
31173 306.975 8.01537 0.01 1 72 0
31223 298.717 8.02426 0.01 1 27 0
31249 319.779 7.49658 0.01 1 108 0
31262 297.63 8.13429 0.01 1 27 0
31312 299.153 8.02292 0.01 1 27 0
31347 306.975 8.07344 0.01 1 72 0
31424 306.091 8.513 0.01 1 72 0
31460 300.637 8.15441 0.01 1 27 0
31501 309.36 8.19966 0.01 1 72 0
31568 299.153 8.02292 0.01 1 28 0
31604 297.893 8.21421 0.01 1 28 0
31713 299.153 8.18156 0.01 1 28 0
31727 306.585 8.23078 0.01 1 72 0
31761 297.63 8.35217 0.01 1 28 0.00380296
31773 299.199 8.03193 0.01 1 28 0
31868 308.341 8.05297 0.01 1 72 0
31888 306.091 8.513 0.01 1 72 0
31897 309.283 8.25503 0.01 1 72 0
31943 297.63 8.3161 0.01 1 28 0
32000 322.443 7.45906 0.01 1 106 0
32032 306.975 7.94149 0.01 1 72 0
32052 310.678 7.85489 0.01 1 72 0
32100 297.63 8.13429 0.01 1 28 0
32126 299.821 8.09072 0.01 1 28 0.000824779
32128 299.199 8.03193 0.01 1 28 0
32131 299.153 7.96109 0.01 1 28 0
32157 299.153 8.02292 0.01 1 28 0
32165 299.153 8.02292 0.01 1 28 0
32178 298.173 8.15441 0.01 1 28 0
32208 299.541 8.02292 0.01 1 28 0
32219 299.153 7.96109 0.01 1 28 0
32243 308.893 7.86744 0.01 1 72 0
32248 297.63 8.13429 0.01 1 27 0
32282 299.541 8.02292 0.01 1 27 0
32304 297.63 8.13429 0.01 1 28 0
32316 308.341 8.05297 0.01 1 72 0
32390 297.63 8.13429 0.01 1 28 0
32418 297.63 8.13429 0.01 1 27 0
32472 311.609 8.03359 0.01 1 72 0
32500 300.637 8.15441 0.01 1 28 0
32554 299.153 7.99039 0.01 1 28 0
32558 301.577 8.03193 0.01 1 28 0
32586 299.153 8.02292 0.01 1 28 0
32599 300.746 8.07623 0.01 1 26 0
32606 311.772 7.41507 0.01 1 72 0
32611 306.091 8.513 0.01 1 72 0
32612 299.13 8.05162 0.01 1 28 0
32692 297.63 8.13429 0.01 1 28 0
32711 309.283 8.25503 0.01 1 72 0
32808 306.975 7.91906 0.01 1 72 0
32848 299.153 8.02292 0.01 1 28 0
32873 322.668 7.51789 0.01 1 106 0
32939 299.199 8.03193 0.01 1 27 0
32978 308.796 8.24447 0.01 1 72 0
32983 309.36 8.14067 0.01 1 72 0
32993 297.63 8.3161 0.01 1 28 0
32997 297.63 8.35217 0.01 1 28 0
33030 297.63 8.13429 0.01 1 28 0
33040 306.585 8.23078 0.01 1 72 0
33057 309.865 7.92217 0.01 1 72 0
33061 298.731 8.04385 0.01 1 27 0
33073 298.731 8.03193 0.01 1 27 0
33078 301.577 8.03193 0.01 1 28 0
33082 308.522 7.80143 0.01 1 72 0
33100 301.577 8.03193 0.01 1 28 0
33102 307.37 8.21179 0.01 1 72 0
33116 299.541 8.03592 0.01 1 27 0
33126 297.63 8.13429 0.01 1 28 0
33142 298.717 8.02426 0.01 1 27 0.00504236
33153 299.199 8.03193 0.01 1 27 0
33170 320.018 7.4858 0.01 1 107 0
33214 297.63 8.13429 0.01 1 28 0
33283 311.27 7.41507 0.01 1 72 0
33337 299.199 8.03193 0.01 1 28 0
33342 309.865 7.92217 0.01 1 72 0
33390 299.153 7.96109 0.01 1 28 0
33396 299.153 8.02292 0.01 1 27 0
33417 309.36 8.19966 0.01 1 72 0
33420 301.577 8.03193 0.01 1 27 0
33487 307.225 8.03397 0.01 1 72 0
33642 300.791 8.03193 0.01 1 28 0
33663 297.63 8.13429 0.01 1 28 0
33705 299.541 8.02292 0.01 1 27 0
33762 297.893 8.21421 0.01 1 28 0
33786 322.443 7.45906 0.01 1 106 0
33852 311.011 8.08247 0.01 1 72 0
33859 300.746 8.07623 0.01 1 26 0
33877 310.856 8.21542 0.01 1 72 0
33890 299.153 7.96109 0.01 1 27 0
33893 299.153 8.05162 0.01 1 28 0
33904 300.436 7.9474 0.01 1 28 -0.00144571
33926 301.577 7.83734 0.01 1 28 0
34040 299.153 7.82831 0.01 1 28 0
34042 322.96 7.51789 0.01 1 106 0
34051 299.153 8.02292 0.01 1 28 0
34100 297.288 8.13429 0.01 1 28 0
34133 309.36 8.19966 0.01 1 72 0
34176 309.865 7.92217 0.01 1 72 0
34199 297.63 8.02292 0.01 1 28 0
34237 299.541 8.02292 0.01 1 27 0
34244 308.341 8.05297 0.01 1 72 0
34267 307.842 7.85769 0.01 1 72 0
34326 308.522 7.73254 0.01 1 72 0
34357 308.341 8.05297 0.01 1 72 0
34415 310.378 7.95549 0.01 1 72 0
34456 297.63 8.13429 0.01 1 28 0
34474 309.579 7.92217 0.01 1 72 0
34485 306.603 8.00059 0.01 1 72 0
34511 309.52 8.29357 0.01 1 72 0
34599 298.988 8.02891 0.01 1 28 0.00650737
34605 307.379 7.90513 0.01 1 72 0
34613 299.328 8.02292 0.01 1 28 0
34749 297.63 8.13429 0.01 1 27 0
34767 311.772 7.40034 0.01 1 72 0
34793 297.669 8.02292 0.01 1 28 0
34882 304.726 7.97311 0.01 1 72 -0.0178114
34932 297.63 8.13429 0.01 1 27 0
34983 320.708 7.49658 0.01 1 108 0
34992 299.153 8.02292 0.01 1 28 0
35026 299.541 8.02891 0.01 1 28 0
35042 299.541 8.02292 0.01 1 28 0
35050 300.436 8.03193 0.01 1 28 0
35077 298.173 8.15441 0.01 1 27 0
35085 299.541 7.84625 0.01 1 28 0
35094 297.63 8.13429 0.01 1 28 0
35249 298.173 8.15441 0.01 1 28 0
35265 309.52 8.29357 0.01 1 72 0
35286 299.153 8.05909 0.01 1 28 0
35296 311.772 7.41507 0.01 1 72 0
35377 299.153 7.86416 0.01 1 28 -0.00176537
35381 310.322 8.06655 0.01 1 72 0
35396 322.96 7.51789 0.01 1 106 0
35417 311.27 7.41507 0.01 1 72 0
35429 300.746 8.07623 0.01 1 27 0
35445 310.03 8.04513 0.01 1 72 0
35495 309.309 7.69765 0.01 1 72 0
35508 301.577 8.03193 0.01 1 26 0
35550 297.63 8.21421 0.01 1 28 0
35551 299.541 8.02292 0.01 1 28 0
35566 299.199 8.03193 0.01 1 28 0
35572 297.63 8.13429 0.01 1 28 0
35576 297.63 8.15516 0.01 1 28 0.000363372
35586 298.173 8.20911 0.01 1 28 0
35588 299.522 8.00717 0.01 1 28 0
35622 309.36 8.19966 0.01 1 72 0
35623 308.031 7.94575 0.01 1 72 0
35624 300.436 8.03193 0.01 1 28 0
35632 311.728 8.03359 0.01 1 72 0
35649 307.914 8.21579 0.01 1 72 0
35739 320.708 7.49658 0.01 1 108 0
35750 300.746 8.07623 0.01 1 27 0
35765 306.975 7.94149 0.01 1 72 0
35768 297.63 8.13429 0.01 1 28 0
35811 297.63 8.38102 0.01 1 28 0.00111384
35813 299.153 8.05909 0.01 1 28 0
35816 297.63 8.13429 0.01 1 27 0
35829 306.603 7.97311 0.01 1 72 0
35848 320.116 7.49658 0.01 1 106 0
35853 322.96 7.51789 0.01 1 106 0
35902 299.199 8.03193 0.01 1 28 0
35909 299.541 8.02292 0.01 1 28 0
35913 299.199 8.03193 0.01 1 27 0
35916 320.018 7.4858 0.01 1 107 0
35962 322.96 7.51789 0.01 1 107 0
35964 299.153 7.96109 0.01 1 28 0
35993 299.541 8.02292 0.01 1 26 0
36004 297.63 8.13429 0.01 1 27 0
36038 307.97 8.39973 0.01 1 72 0
36041 310.104 8.23457 0.01 1 72 0
36082 300.436 8.03193 0.01 1 28 0
36115 308.522 7.80143 0.01 1 72 0
36154 299.153 8.02292 0.01 1 27 0
36181 300.746 8.07623 0.01 1 28 0
36209 298.054 8.15441 0.01 1 28 0
36260 308.522 7.80143 0.01 1 72 0
36264 299.153 8.02292 0.01 1 28 0
36298 310.738 8.23457 0.01 1 72 0
36351 308.156 8.16588 0.01 1 72 0
36386 299.541 7.99711 0.01 1 27 0
36403 310.378 7.93558 0.01 1 72 -1.47521e-05
36477 297.63 8.13429 0.01 1 27 0
36559 297.63 8.3161 0.01 1 28 0
36617 322.668 7.51789 0.01 1 106 0
36627 300.791 8.03193 0.01 1 28 0
36638 299.153 8.02292 0.01 1 28 0
36642 300.746 8.07623 0.01 1 26 0
36672 297.63 8.13429 0.01 1 28 0
36703 308.522 7.73254 0.01 1 72 0
36755 307.921 8.10453 0.01 1 72 0
36842 308.156 8.1446 0.01 1 72 0
36878 320.074 7.44037 0.01 1 106 0
36886 299.541 8.02891 0.01 1 27 0
36896 322.96 7.51789 0.01 1 106 0
36979 319.779 7.49658 0.01 1 108 0
37045 299.742 8.02292 0.01 1 27 0
37082 310.738 8.23457 0.01 1 72 0
37130 300.327 8.02891 0.01 1 26 0
37138 310.856 8.21542 0.01 1 72 0
37174 299.742 8.02292 0.01 1 27 0
37185 299.513 8.02292 0.01 1 28 0
37194 299.13 8.05162 0.01 1 28 0
37228 299.153 8.02292 0.01 1 28 0
37297 301.056 8.02891 0.01 1 28 -0.0167618
37307 306.603 8.00059 0.01 1 72 0
37427 297.63 8.13429 0.01 1 27 0
37428 322.96 7.51789 0.01 1 107 0
37447 306.338 7.92505 0.01 1 72 0
37509 307.37 8.21179 0.01 1 72 0
37512 299.541 8.02292 0.01 1 27 0
37543 299.153 8.05909 0.01 1 28 0
37608 299.153 8.02292 0.01 1 28 0
37623 298.173 8.15441 0.01 1 27 0
37662 298.604 8.02292 0.01 1 27 0.00673328
37669 308.341 8.00847 0.01 1 72 0
37744 311.609 8.08734 0.01 1 72 0
37757 299.153 8.02292 0.01 1 28 0
37800 300.436 8.03193 0.01 1 28 0
37815 312.034 8.53411 0.01 1 72 0
37900 311.772 7.41507 0.01 1 72 0
37903 297.63 8.32818 0.01 1 28 0.000208192
37911 309.283 8.25503 0.01 1 72 0
37924 308.796 8.24447 0.01 1 72 0
37942 306.975 8.07344 0.01 1 72 0
37945 300.791 8.03193 0.01 1 28 0
37992 311.609 8.18633 0.01 1 72 0
38009 299.153 8.02292 0.01 1 27 0
38077 297.63 8.13429 0.01 1 27 0
38078 300.746 8.07623 0.01 1 26 0
38094 310.738 8.23457 0.01 1 72 0
38138 299.199 8.03193 0.01 1 27 0
38139 312.034 8.23826 0.01 1 72 0
38151 309.865 7.92217 0.01 1 72 0
38161 297.63 8.13429 0.01 1 26 0
38186 306.975 7.83383 0.01 1 72 0
38187 298.173 8.15441 0.01 1 28 0
38216 298.634 8.02891 0.01 1 28 0
38219 310.678 7.85489 0.01 1 72 0
38235 311.003 7.91193 0.01 1 72 0
38239 299.541 8.02891 0.01 1 26 0
38271 311.27 7.41507 0.01 1 72 0
38290 307.37 8.21179 0.01 1 72 0
38299 297.893 8.21421 0.01 1 28 0
38399 297.63 8.13429 0.01 1 26 0
38404 297.63 8.13429 0.01 1 27 0
