max_pf 81 min_pf 64
individual T0 sigma disp_rate r0 patch_no mut_eff
0 306.652 8.21912 0.01 1 65 0
2 306.74 8.00793 0.01 1 65 0
6 307.071 8.2202 0.01 1 65 0
7 307.643 7.94317 0.01 1 72 0
9 306.204 8.2202 0.01 1 66 0
15 307.269 8.17215 0.01 1 66 0
19 307.581 8.04024 0.01 1 65 0
21 304.975 7.80842 0.01 1 72 0
27 307.126 7.93242 0.01 1 66 0
33 311.094 8.42749 0.01 1 80 0
35 311.149 8.49373 0.01 1 80 0
37 309.495 7.8871 0.01 1 72 0
40 310.808 8.42342 0.01 1 79 0
43 309.049 8.22801 0.01 1 72 0
45 311.507 7.98275 0.01 1 72 0
58 308.865 7.95481 0.01 1 72 0
61 310.241 7.91721 0.01 1 72 0
62 310.046 7.28956 0.01 1 79 0
71 306.74 8.00793 0.01 1 66 0
73 306.631 8.04268 0.01 1 66 0
81 309.587 7.89964 0.01 1 72 0
84 307.126 7.90528 0.01 1 66 0
85 307.071 8.2202 0.01 1 64 0
97 308.264 8.36855 0.01 1 65 0
105 308.006 8.17215 0.01 1 66 -0.00494461
106 308.865 7.95481 0.01 1 72 0
111 311.094 8.42749 0.01 1 80 0
119 311.094 8.42749 0.01 1 80 0
122 311.094 8.42749 0.01 1 81 0
127 306.652 8.04024 0.01 1 66 0
129 311.094 8.42749 0.01 1 80 0
130 309.284 8.36884 0.01 1 79 0
134 306.652 8.04024 0.01 1 64 0
139 311.094 8.42749 0.01 1 79 0
141 310.241 7.94387 0.01 1 72 0
142 307.602 7.858 0.01 1 66 0
143 313.046 7.49384 0.01 1 80 0
156 307.186 8.17215 0.01 1 65 0
157 308.865 7.90955 0.01 1 72 0
159 309.131 7.93166 0.01 1 79 0
166 309.179 7.99353 0.01 1 72 0
168 308.273 8.19325 0.01 1 72 0
171 307.937 8.04024 0.01 1 65 0
172 309.684 8.61134 0.01 1 79 0
173 310.684 7.93921 0.01 1 72 0
176 304.802 7.86899 0.01 1 66 0
179 308.204 7.63631 0.01 1 72 0
181 307.186 8.17215 0.01 1 65 0
182 310.668 7.99353 0.01 1 72 0
188 307.269 8.17215 0.01 1 66 0
190 306.652 8.04024 0.01 1 66 0
204 307.071 8.2202 0.01 1 65 0
213 312.163 7.49384 0.01 1 79 0
214 307.937 8.04024 0.01 1 65 -0.00237781
216 313.046 7.34436 0.01 1 80 0
230 309.049 8.22801 0.01 1 72 0
238 310.684 7.93921 0.01 1 72 0
241 307.071 8.2202 0.01 1 64 0
248 307.186 8.17215 0.01 1 65 0
251 304.802 7.86899 0.01 1 66 0
252 307.071 8.2202 0.01 1 64 0
255 307.207 8.01127 0.01 1 72 0
256 304.802 7.86899 0.01 1 66 0
257 309.43 7.89964 0.01 1 72 0
258 307.071 8.2202 0.01 1 66 0
267 307.071 8.2202 0.01 1 64 0
284 306.652 8.21912 0.01 1 65 0
285 311.653 7.95345 0.01 1 79 0
288 307.071 8.2202 0.01 1 64 0
289 308.264 8.36855 0.01 1 65 0
290 310.501 8.10804 0.01 1 72 0
296 305.781 8.00793 0.01 1 66 0.000771523
301 307.269 8.17215 0.01 1 66 0
302 307.643 7.94317 0.01 1 72 0
304 306.74 8.00793 0.01 1 65 0
317 309.454 7.96217 0.01 1 72 0
320 304.802 7.86899 0.01 1 66 0
321 310.241 7.91721 0.01 1 72 0
326 305.72 8.44124 0.01 1 66 0
328 306.652 8.0626 0.01 1 65 1.11908e-05
331 308.865 7.90955 0.01 1 72 0
333 307.202 8.04355 0.01 1 72 -0.00320448
336 306.74 8.00793 0.01 1 66 0
339 311.094 8.42749 0.01 1 81 0
343 308.578 7.89964 0.01 1 72 0
345 304.975 7.80842 0.01 1 72 0
349 307.071 8.2202 0.01 1 65 0
353 308.264 8.24681 0.01 1 65 0
358 312.339 7.49384 0.01 1 80 0
359 307.186 8.17215 0.01 1 64 0
361 312.458 7.49384 0.01 1 79 4.27961e-05
363 309.173 8.04355 0.01 1 72 0
365 307.071 8.2202 0.01 1 65 0
367 306.529 8.00793 0.01 1 66 0
373 306.652 8.04024 0.01 1 65 0
375 309.049 8.05788 0.01 1 72 -1.49012e-07
378 312.054 7.95345 0.01 1 80 0
391 309.495 7.71901 0.01 1 72 0
403 306.74 8.00793 0.01 1 66 0
407 306.652 8.00986 0.01 1 66 -4.96209e-06
414 312.339 7.49384 0.01 1 79 0
415 306.652 8.22568 0.01 1 66 0
416 313.046 7.49384 0.01 1 81 0
417 307.602 7.80206 0.01 1 66 0
425 307.126 7.93242 0.01 1 66 0
426 309.049 8.22801 0.01 1 72 0
427 306.198 8.04024 0.01 1 65 0
432 306.204 8.2202 0.01 1 66 0
434 306.652 8.04024 0.01 1 65 0
438 310.046 7.28956 0.01 1 79 -0.000280946
442 309.284 8.36884 0.01 1 79 0
446 304.802 7.86899 0.01 1 66 0
447 306.74 8.00793 0.01 1 65 0
452 307.207 8.31976 0.01 1 65 0
458 312.458 7.49384 0.01 1 79 0
467 310.853 7.38769 0.01 1 79 0
472 307.269 8.17215 0.01 1 66 0
473 307.071 8.2202 0.01 1 64 0
474 313.046 7.49384 0.01 1 81 0
478 309.041 7.70573 0.01 1 72 0
483 307.071 8.2202 0.01 1 64 0
490 308.856 7.67936 0.01 1 72 0
502 313.046 7.49384 0.01 1 80 0
503 312.339 7.49384 0.01 1 80 0
526 306.652 8.04024 0.01 1 65 0
528 306.74 8.00793 0.01 1 66 0
530 306.652 8.04024 0.01 1 65 0
536 310.668 7.8687 0.01 1 72 0
541 306.198 8.04024 0.01 1 64 0
544 310.241 7.94387 0.01 1 72 0
550 304.802 7.86899 0.01 1 66 0
552 308.264 8.22551 0.01 1 72 0
556 312.339 7.49384 0.01 1 79 0
559 309.587 7.89964 0.01 1 72 0
561 308.264 8.24481 0.01 1 66 0
562 306.74 8.00793 0.01 1 65 0
567 311.094 8.42749 0.01 1 81 0
569 306.74 8.00793 0.01 1 66 0
571 307.071 8.2202 0.01 1 65 0
576 306.385 8.2202 0.01 1 64 0
578 309.667 7.92883 0.01 1 72 0
580 307.071 8.2202 0.01 1 65 0
581 307.071 8.27026 0.01 1 65 0
586 307.937 8.04024 0.01 1 65 0
589 312.054 7.95345 0.01 1 80 0
593 306.631 8.04268 0.01 1 66 0
605 311.149 8.49373 0.01 1 79 0
607 311.094 8.42749 0.01 1 80 0
609 310.853 7.38769 0.01 1 79 0
611 310.668 7.99353 0.01 1 72 0
613 310.668 7.88659 0.01 1 72 0
614 311.094 8.42749 0.01 1 81 0
615 309.041 7.70573 0.01 1 72 0
618 311.094 8.42749 0.01 1 79 0
620 307.071 8.2202 0.01 1 66 0
626 311.094 8.42749 0.01 1 80 0
629 311.149 8.49373 0.01 1 81 0
635 313.046 7.49384 0.01 1 80 0
639 307.071 8.2202 0.01 1 66 0
640 310.161 7.92011 0.01 1 72 0
642 311.724 8.42749 0.01 1 81 0
643 306.652 8.04024 0.01 1 66 0
649 307.071 8.2202 0.01 1 65 0
651 307.602 7.75775 0.01 1 66 0
652 308.982 7.96715 0.01 1 66 0
658 313.046 7.45263 0.01 1 80 0
662 310.278 8.6293 0.01 1 72 0
666 307.071 8.2202 0.01 1 66 0
687 309.218 7.88745 0.01 1 72 0
693 311.094 8.42749 0.01 1 80 0
705 308.462 7.84963 0.01 1 72 0
709 307.207 8.31976 0.01 1 65 0
714 306.385 8.2202 0.01 1 64 0.00340742
715 304.802 7.86899 0.01 1 66 0
716 307.071 8.30874 0.01 1 64 0
717 307.581 8.04024 0.01 1 65 0
724 310.808 8.42342 0.01 1 79 0
726 307.071 8.2202 0.01 1 64 0
732 307.186 8.14244 0.01 1 66 0
734 306.198 7.98318 0.01 1 65 -1.0699e-05
738 309.049 8.22801 0.01 1 72 0
739 311.653 7.95345 0.01 1 79 0
741 306.652 8.09612 0.01 1 66 0
742 307.071 8.2202 0.01 1 66 0
745 307.071 8.2202 0.01 1 64 0
748 306.652 8.04024 0.01 1 65 0
753 310.853 7.38769 0.01 1 79 0
764 313.046 7.49384 0.01 1 80 0
767 311.094 8.42749 0.01 1 81 0
785 304.802 7.86899 0.01 1 65 0
796 307.108 8.2202 0.01 1 65 0
799 310.278 8.6293 0.01 1 72 0
800 306.652 8.04024 0.01 1 65 0
807 307.985 7.77288 0.01 1 72 0
808 307.071 8.2202 0.01 1 66 0
809 308.204 7.63631 0.01 1 72 0
810 311.094 8.42749 0.01 1 81 0
816 311.094 8.42749 0.01 1 79 0
820 308.59 8.22984 0.01 1 66 0
828 310.853 7.38769 0.01 1 80 0
830 308.264 8.24681 0.01 1 65 0
831 306.652 8.04024 0.01 1 66 0
841 307.071 8.2202 0.01 1 65 0
842 307.071 8.2202 0.01 1 66 0
847 308.462 7.93093 0.01 1 72 0
850 313.046 7.49384 0.01 1 80 0
852 307.269 8.17215 0.01 1 66 0
854 307.071 8.2202 0.01 1 64 0
855 309.436 7.92011 0.01 1 72 0
858 306.652 8.04024 0.01 1 66 0
865 306.652 8.09612 0.01 1 66 0
866 310.241 7.91721 0.01 1 72 0
869 309.308 8.23823 0.01 1 72 0
871 309.684 8.77592 0.01 1 80 0
873 310.816 8.06154 0.01 1 72 0
874 307.071 8.2202 0.01 1 65 0
877 310.046 7.28956 0.01 1 79 0
878 307.071 8.2202 0.01 1 65 0
883 307.57 8.2202 0.01 1 65 -0.00260346
884 308.462 7.93093 0.01 1 72 0
891 306.652 8.04024 0.01 1 65 0
892 310.853 7.38769 0.01 1 79 0
893 307.071 8.2202 0.01 1 64 0
895 307.071 8.2202 0.01 1 66 0
912 306.652 8.04024 0.01 1 66 0
916 307.071 8.2202 0.01 1 64 0
918 307.071 8.2202 0.01 1 66 0
920 306.652 8.21912 0.01 1 65 0
929 310.214 7.96715 0.01 1 72 0
932 309.684 8.61134 0.01 1 79 0
934 307.207 8.31976 0.01 1 65 0
937 307.071 8.2202 0.01 1 66 0
939 307.071 8.2202 0.01 1 65 0
942 309.041 7.91185 0.01 1 72 0
947 310.139 7.38769 0.01 1 80 -0.00613691
953 308.264 8.24481 0.01 1 66 0
954 309.91 8.01861 0.01 1 72 0
955 307.602 7.858 0.01 1 66 0
962 306.74 8.00793 0.01 1 66 0
964 307.071 8.2202 0.01 1 64 0
965 307.071 8.2202 0.01 1 64 0
973 307.071 8.2202 0.01 1 64 0
987 306.74 8.00793 0.01 1 66 0
995 311.094 8.42749 0.01 1 81 0
1003 309.284 8.36884 0.01 1 79 0
1018 304.802 7.86899 0.01 1 66 0
1020 308.982 7.96715 0.01 1 66 0
1023 306.652 8.04024 0.01 1 66 0
1027 310.816 8.06154 0.01 1 72 0
1030 310.533 7.77797 0.01 1 72 0
1033 308.094 7.858 0.01 1 66 0
1035 307.071 8.2202 0.01 1 65 0
1039 312.013 7.49384 0.01 1 80 -0.000944659
1043 306.652 8.04024 0.01 1 66 0
1052 306.652 8.04024 0.01 1 66 0
1058 309.284 8.36884 0.01 1 80 0
1059 314.061 7.49384 0.01 1 80 -0.00197634
1065 306.74 8.00793 0.01 1 66 0
1068 312.339 7.65463 0.01 1 79 0
1076 307.581 8.04024 0.01 1 65 0
1079 306.652 8.04024 0.01 1 66 0
1082 307.701 8.04024 0.01 1 65 0
1083 307.581 8.04024 0.01 1 65 0
1085 306.652 8.04024 0.01 1 66 0
1091 307.071 8.2202 0.01 1 64 0
1101 307.186 8.17215 0.01 1 65 0
1103 311.094 8.42749 0.01 1 80 0
1106 308.417 8.14244 0.01 1 65 0
1111 307.071 8.2202 0.01 1 66 0
1122 307.071 8.2202 0.01 1 65 0
1125 307.071 8.2202 0.01 1 65 0
1133 308.462 7.84963 0.01 1 72 0
1136 312.339 7.49384 0.01 1 80 0
1138 312.026 8.77592 0.01 1 79 0
1139 311.094 8.42749 0.01 1 80 0
1140 313.046 7.49384 0.01 1 80 0
1143 306.652 8.04024 0.01 1 65 0
1148 307.071 8.2202 0.01 1 64 0
1149 312.176 7.80319 0.01 1 79 0
1150 306.652 8.04024 0.01 1 65 0
1153 307.186 8.17215 0.01 1 65 0
1156 306.652 8.04024 0.01 1 65 0
1161 307.071 8.2202 0.01 1 64 0
1162 307.071 8.2202 0.01 1 65 0
1163 307.186 8.17215 0.01 1 66 0
1169 305.72 8.44124 0.01 1 66 0
1174 306.652 8.04024 0.01 1 65 0
1175 310.241 7.94387 0.01 1 72 0
1177 309.746 7.92011 0.01 1 72 0
1183 312.339 7.49384 0.01 1 80 0
1193 312.339 7.65463 0.01 1 79 0
1196 307.071 8.2202 0.01 1 65 0
1200 313.046 7.49384 0.01 1 81 0
1202 312.339 7.49384 0.01 1 80 0
1207 307.071 8.2202 0.01 1 64 0
1211 312.339 7.49384 0.01 1 80 0
1212 307.071 8.2202 0.01 1 64 0
1214 306.631 8.04268 0.01 1 65 0
1217 307.071 8.2202 0.01 1 66 0
1218 309.666 8.1699 0.01 1 66 0
1219 306.652 8.04024 0.01 1 65 0
1221 306.351 8.36855 0.01 1 65 0.00951985
1238 308.462 7.93093 0.01 1 72 0
1240 310.668 8.01732 0.01 1 72 0
1241 309.43 8.08288 0.01 1 72 0
1246 313.046 7.45263 0.01 1 80 0
1247 312.458 7.49384 0.01 1 79 0
1256 305.469 7.86899 0.01 1 66 0.00183724
1259 306.652 8.04024 0.01 1 65 0
1262 308.052 7.96715 0.01 1 66 0
1266 312.339 7.49384 0.01 1 79 0
1274 312.458 7.49384 0.01 1 79 0
1276 306.652 8.04024 0.01 1 66 0
1279 307.071 8.2202 0.01 1 65 0
1286 304.814 7.84602 0.01 1 72 0
1287 304.802 7.86899 0.01 1 66 0
1290 309.43 8.08288 0.01 1 72 0
1291 306.652 8.04024 0.01 1 64 0
1302 308.578 7.89964 0.01 1 65 0
1306 306.385 8.2202 0.01 1 64 0
1311 309.436 7.92011 0.01 1 72 0
1312 306.655 8.04024 0.01 1 65 0
1313 306.652 8.04024 0.01 1 66 0
1314 307.071 8.2202 0.01 1 64 0
1318 306.652 8.04024 0.01 1 65 0
1323 309.43 7.89964 0.01 1 72 0
1335 307.207 8.31976 0.01 1 65 0
1337 307.643 7.94317 0.01 1 72 0
1341 313.046 7.49384 0.01 1 80 0
1344 307.186 8.17215 0.01 1 65 0
1345 308.462 7.93093 0.01 1 72 0
1350 307.207 8.31976 0.01 1 66 0
1352 307.071 8.2202 0.01 1 64 0
1353 311.797 8.2091 0.01 1 72 0
1357 307.186 8.14244 0.01 1 66 -1.51545e-05
1360 304.802 7.86899 0.01 1 66 0
1370 312.026 8.77592 0.01 1 79 0
1371 306.631 8.04812 0.01 1 66 0
1373 309.43 8.08288 0.01 1 72 0
1375 309.684 8.61134 0.01 1 79 0
1378 307.071 8.2202 0.01 1 64 0
1386 313.046 7.49384 0.01 1 80 0
1387 309.284 8.35704 0.01 1 79 -3.85344e-05
1390 306.74 8.00793 0.01 1 66 0
1392 308.764 8.28167 0.01 1 66 0
1397 312.458 7.49384 0.01 1 79 0
1399 308.462 7.93093 0.01 1 72 0
1411 308.094 7.858 0.01 1 66 0
1414 310.853 7.38769 0.01 1 79 0
1416 311.149 8.49373 0.01 1 79 0
1417 307.071 8.2202 0.01 1 65 0
1419 309.284 8.36884 0.01 1 80 0
1425 309.684 8.50874 0.01 1 79 0
1434 307.947 8.04355 0.01 1 72 0
1440 306.652 8.04024 0.01 1 66 0
1442 309.308 8.2162 0.01 1 72 0
1451 310.853 7.38769 0.01 1 79 0
1458 307.643 7.94317 0.01 1 72 0
1460 306.74 8.00793 0.01 1 66 0
1462 309.316 7.78146 0.01 1 66 0
1476 309.43 7.89964 0.01 1 72 0
1482 307.071 8.2202 0.01 1 65 0
1483 308.462 7.93093 0.01 1 72 0
1493 306.74 8.00793 0.01 1 65 0
1495 307.071 8.2202 0.01 1 65 0
1496 309.316 7.78146 0.01 1 65 0
1498 313.046 7.49384 0.01 1 80 0
1502 311.094 8.42749 0.01 1 80 0
1507 306.652 8.04024 0.01 1 64 0
1515 307.071 8.2202 0.01 1 66 0
1518 309.495 7.91625 0.01 1 72 0
1524 307.071 8.2202 0.01 1 64 0
1526 310.97 8.74588 0.01 1 79 0
1529 304.802 7.86899 0.01 1 66 0
1531 307.071 8.2202 0.01 1 64 0
1534 309.049 8.22801 0.01 1 72 0
1540 312.339 7.49384 0.01 1 80 0
1545 308.006 8.17215 0.01 1 65 0
1548 309.684 8.77592 0.01 1 79 0
1559 305.72 8.44124 0.01 1 66 0
1563 307.071 8.2202 0.01 1 65 0
1566 308.578 7.92897 0.01 1 72 0
1568 308.578 7.89964 0.01 1 72 0
1570 306.529 8.00793 0.01 1 66 0
1583 312.339 7.65463 0.01 1 79 0
1584 313.046 7.49384 0.01 1 80 0
1585 306.198 8.04024 0.01 1 64 0
1588 307.071 8.2202 0.01 1 66 0
1591 308.764 8.28167 0.01 1 66 0
1593 306.74 8.00793 0.01 1 65 0
1594 307.071 8.2202 0.01 1 64 0
1596 307.071 8.2202 0.01 1 64 0
1599 309.495 7.8871 0.01 1 72 0
1605 306.652 8.04024 0.01 1 65 0
1607 308.264 8.24726 0.01 1 72 0
1608 307.071 8.2202 0.01 1 66 0
1621 310.761 8.4088 0.01 1 72 0
1622 308.865 7.95481 0.01 1 72 0
1623 307.186 8.14244 0.01 1 66 0
1627 309.284 8.36884 0.01 1 79 0
1631 309.91 8.01861 0.01 1 72 0
1634 307.269 8.17215 0.01 1 66 0
1636 310.853 7.38769 0.01 1 79 0
1639 307.071 8.2202 0.01 1 64 0
1640 306.896 8.10552 0.01 1 66 0
1644 308.273 8.19325 0.01 1 72 0
1646 306.652 8.04024 0.01 1 65 0
1648 307.071 8.2202 0.01 1 66 0
1649 307.269 8.17215 0.01 1 66 0
1661 306.74 8.00793 0.01 1 65 0
1662 307.071 8.2202 0.01 1 64 0
1664 306.097 8.07491 0.01 1 72 0
1666 311.094 8.42749 0.01 1 80 0
1668 307.071 8.2202 0.01 1 66 0
1670 309.583 7.92011 0.01 1 72 0.0015845
1672 307.071 8.2202 0.01 1 66 0
1674 307.071 8.2202 0.01 1 64 0
1676 307.071 8.2202 0.01 1 64 0
1681 306.74 8.00793 0.01 1 66 0
1682 306.55 8.00793 0.01 1 66 0
1683 309.284 8.36884 0.01 1 79 0
1687 310.241 7.91721 0.01 1 72 0
1693 308.578 7.89964 0.01 1 72 0
1696 306.652 8.04024 0.01 1 65 0
1699 307.071 8.2202 0.01 1 66 0
1706 310.214 7.96715 0.01 1 72 0
1708 307.186 8.17215 0.01 1 65 0
1716 312.054 7.99637 0.01 1 79 0
1720 307.071 8.2202 0.01 1 66 0
1722 307.269 8.17215 0.01 1 66 0
1724 311.094 8.42749 0.01 1 80 0
1727 308.865 8.07944 0.01 1 72 0
1740 308.805 8.04024 0.01 1 66 -0.0110799
1743 307.071 8.2202 0.01 1 65 0
1744 307.643 7.94317 0.01 1 72 0
1745 307.126 7.93242 0.01 1 66 0
1746 307.071 8.2202 0.01 1 66 0
1749 307.071 8.2202 0.01 1 64 0
1758 308.898 8.00333 0.01 1 72 0
1765 307.053 8.17215 0.01 1 65 0
1767 307.186 8.17215 0.01 1 65 0
1769 306.652 8.21912 0.01 1 65 0
1779 311.094 8.42749 0.01 1 79 0
1784 311.094 8.42749 0.01 1 79 0
1785 310.241 7.91721 0.01 1 72 0
1786 311.094 8.42749 0.01 1 80 0
1787 309.308 8.10876 0.01 1 72 0
1790 313.046 7.49384 0.01 1 80 0
1791 309.131 7.93166 0.01 1 79 0
1793 308.578 7.89964 0.01 1 72 0
1801 307.186 8.17215 0.01 1 65 0
1802 307.071 8.2202 0.01 1 65 0
1805 306.652 8.04024 0.01 1 64 0
1810 306.652 8.09612 0.01 1 66 0
1813 306.652 8.21912 0.01 1 65 0
1814 309.684 8.77592 0.01 1 79 0
1816 306.631 8.04268 0.01 1 65 0
1820 307.186 8.17215 0.01 1 65 0
1827 306.652 8.13357 0.01 1 72 0
1829 306.652 8.0626 0.01 1 65 0
1833 311.507 7.9499 0.01 1 72 0
1836 309.495 7.71901 0.01 1 72 0
1837 311.094 8.42749 0.01 1 80 0
1840 309.587 7.89964 0.01 1 72 0
1856 311.653 7.95345 0.01 1 79 0
1857 312.339 7.49384 0.01 1 79 0
1860 307.071 8.2202 0.01 1 64 0
1863 307.602 7.858 0.01 1 66 0
1864 307.186 8.17215 0.01 1 64 0
1868 310.707 8.01861 0.01 1 72 0
1870 313.046 7.45263 0.01 1 80 0
1873 313.046 7.49384 0.01 1 80 0
1874 311.094 8.42749 0.01 1 81 0
1877 312.339 7.49384 0.01 1 79 0
1881 311.094 8.42749 0.01 1 80 0
1887 306.652 8.04024 0.01 1 64 0
1891 312.458 7.49384 0.01 1 79 0
1896 309.495 7.71901 0.01 1 72 0
1899 307.071 8.2202 0.01 1 66 0
1901 306.896 8.10552 0.01 1 66 0
1907 308.264 8.24681 0.01 1 65 0
1910 310.668 7.8687 0.01 1 72 0
1912 307.071 8.2202 0.01 1 64 0
1917 308.865 7.8284 0.01 1 72 0
1924 307.059 8.09825 0.01 1 66 0
1925 306.652 8.09612 0.01 1 66 0
1947 305.72 8.44124 0.01 1 66 0
1949 306.652 8.04024 0.01 1 65 0
1950 308.462 7.93093 0.01 1 72 0
1954 309.495 7.8871 0.01 1 72 0
1955 307.071 8.2202 0.01 1 64 0
1967 307.071 8.2202 0.01 1 64 0
1968 309.495 7.71901 0.01 1 72 0
1974 311.149 8.49373 0.01 1 79 0
1975 307.108 8.2202 0.01 1 65 0
1980 307.071 8.2202 0.01 1 64 0
1982 308.865 7.95481 0.01 1 72 0
1989 307.071 8.2202 0.01 1 65 0
1991 308.955 8.2202 0.01 1 64 -0.0155097
1993 307.071 8.2202 0.01 1 66 0
1995 307.071 8.2202 0.01 1 65 0
2005 306.896 8.10552 0.01 1 66 0
2006 306.74 8.1153 0.01 1 66 2.21878e-05
2009 310.853 7.38769 0.01 1 79 0
2012 308.578 7.89964 0.01 1 65 0
2021 309.131 7.93166 0.01 1 79 0
2023 313.046 7.49384 0.01 1 80 0
2029 306.655 8.04024 0.01 1 65 0
2031 309.308 8.10876 0.01 1 72 0
2034 308.671 8.22801 0.01 1 72 -0.000155464
2045 308.462 7.93093 0.01 1 72 0
2046 312.054 7.99637 0.01 1 79 0
2048 310.046 7.38769 0.01 1 79 -0.00578533
2053 312.339 7.49384 0.01 1 79 0
2065 309.284 8.36884 0.01 1 80 0
2066 307.071 8.2202 0.01 1 64 0
2067 309.454 7.89233 0.01 1 72 -1.93715e-07
2068 307.071 8.2202 0.01 1 64 0
2072 306.652 8.09612 0.01 1 65 0
2074 309.049 8.22801 0.01 1 72 0
2076 308.856 7.67294 0.01 1 72 0
2082 308.865 7.95481 0.01 1 72 0
2093 306.655 8.04024 0.01 1 65 0
2103 306.204 8.13124 0.01 1 65 0
2104 312.054 7.99637 0.01 1 79 0
2105 306.706 8.17215 0.01 1 66 0
2115 309.284 8.36884 0.01 1 79 0
2118 307.071 8.2202 0.01 1 65 0
2121 310.853 7.38769 0.01 1 79 0
2123 306.652 8.21912 0.01 1 66 0
2126 308.462 7.93093 0.01 1 72 0
2128 307.071 8.2202 0.01 1 64 0
2129 304.802 7.86899 0.01 1 66 0
2131 306.205 7.94317 0.01 1 66 0
2136 311.094 8.42749 0.01 1 79 0
2137 308.856 7.89971 0.01 1 72 0
2141 308.462 7.93093 0.01 1 72 0
2145 309.389 7.8003 0.01 1 72 0.0024807
2149 309.43 7.89964 0.01 1 72 0
2152 306.652 8.04024 0.01 1 65 0
2153 313.046 7.49384 0.01 1 80 0
2156 308.865 8.07944 0.01 1 72 0
2165 307.643 7.94317 0.01 1 72 0
2170 308.462 7.84963 0.01 1 72 0
2174 309.284 8.35704 0.01 1 79 0
2175 306.204 8.2202 0.01 1 66 0
2178 308.094 7.858 0.01 1 66 0
2181 309.284 8.36884 0.01 1 79 0
2190 306.652 8.21912 0.01 1 65 0
2197 310.278 8.6293 0.01 1 72 0
2202 307.581 8.04024 0.01 1 65 0
2203 310.853 7.38769 0.01 1 80 0
2206 311.094 8.46104 0.01 1 79 0
2208 310.707 8.01861 0.01 1 72 0
2212 307.071 8.2202 0.01 1 66 0
2232 312.339 7.49384 0.01 1 79 0
2236 308.462 7.93093 0.01 1 72 0
2242 309.43 8.08288 0.01 1 72 0
2249 308.462 7.93093 0.01 1 72 0
2252 306.652 8.04024 0.01 1 66 0
2256 306.74 8.00793 0.01 1 65 0
2258 308.264 8.24726 0.01 1 72 0
2262 306.652 8.04024 0.01 1 66 0
2266 309.43 8.08288 0.01 1 72 0
2276 313.046 7.49384 0.01 1 80 0
2277 311.094 8.42749 0.01 1 81 0
2278 310.761 8.4088 0.01 1 72 0
2281 307.071 8.2202 0.01 1 64 0
2285 306.652 8.04024 0.01 1 66 0
2289 311.094 8.46104 0.01 1 79 0
2292 306.652 8.04024 0.01 1 66 0
2294 306.652 8.04024 0.01 1 65 0
2296 310.853 7.38769 0.01 1 80 0
2297 307.186 8.17215 0.01 1 66 0
2299 309.746 7.92011 0.01 1 72 0
2300 311.474 8.49047 0.01 1 72 0
2302 306.74 8.00793 0.01 1 66 0
2306 307.801 8.17846 0.01 1 72 1.03563e-05
2308 307.071 8.2202 0.01 1 65 0
2310 307.269 8.17215 0.01 1 66 -0.000299588
2315 307.071 8.2202 0.01 1 65 0
2317 307.207 8.31976 0.01 1 66 0
2321 305.349 7.98114 0.01 1 72 0
2331 309.684 8.77592 0.01 1 80 0
2341 310.241 7.91721 0.01 1 72 0
2349 308.982 7.96715 0.01 1 66 0
2350 306.652 8.21912 0.01 1 65 0
2351 307.071 8.2202 0.01 1 66 0
2353 305.72 8.44124 0.01 1 65 0
2354 308.006 8.17215 0.01 1 65 0
2357 306.204 8.2202 0.01 1 66 0
2358 311.094 8.42749 0.01 1 79 0
2361 306.652 8.04024 0.01 1 65 0
2362 306.13 8.04024 0.01 1 66 0
2365 311.724 8.42749 0.01 1 81 0
2378 306.74 8.00793 0.01 1 66 0
2379 307.071 8.2202 0.01 1 65 0
2380 311.094 8.42749 0.01 1 81 0
2386 308.264 8.36855 0.01 1 65 0.000304893
2389 307.071 8.2202 0.01 1 66 0
2391 312.013 7.49384 0.01 1 80 0
2393 309.131 7.93166 0.01 1 79 0
2402 304.975 7.90923 0.01 1 72 7.49379e-05
2417 310.853 7.38769 0.01 1 79 0
2418 311.094 8.46104 0.01 1 79 0
2426 309.91 8.01861 0.01 1 72 0
2432 307.192 8.22984 0.01 1 66 0
2433 309.746 7.94421 0.01 1 72 0
2434 306.631 8.04268 0.01 1 65 0
2437 309.495 7.71901 0.01 1 72 0
2438 313.046 7.34436 0.01 1 81 0
2440 304.975 7.89269 0.01 1 72 0
2443 312.054 7.99637 0.01 1 79 0
2446 308.462 7.84963 0.01 1 72 0
2448 311.094 8.42749 0.01 1 79 0
2449 307.071 8.2202 0.01 1 64 0
2453 304.802 7.86899 0.01 1 66 0
2454 306.652 8.04024 0.01 1 66 0
2457 312.339 7.36445 0.01 1 81 0
2462 306.652 8.04024 0.01 1 65 0
2463 311.094 8.42749 0.01 1 80 0
2467 309.049 8.22801 0.01 1 72 0
2471 307.071 8.2202 0.01 1 65 0
2477 307.581 8.04024 0.01 1 65 0
2490 308.049 8.03326 0.01 1 66 4.95166e-05
2492 306.652 8.04024 0.01 1 66 0
2498 307.071 8.2202 0.01 1 66 0
2501 307.602 7.858 0.01 1 66 0
2505 306.652 8.04024 0.01 1 65 0
2509 309.746 7.92011 0.01 1 72 0
2511 307.071 8.2202 0.01 1 65 0
2512 307.071 8.2202 0.01 1 66 0
2514 306.74 8.00793 0.01 1 66 0
2517 304.802 7.86899 0.01 1 66 0
2519 311.094 8.42749 0.01 1 80 0
2521 311.629 7.65463 0.01 1 72 0
2523 304.975 7.80842 0.01 1 72 0
2527 307.071 8.2202 0.01 1 64 0
2530 308.264 8.22551 0.01 1 72 0
2533 310.241 7.91721 0.01 1 72 0
2542 307.071 8.2202 0.01 1 64 0
2546 307.361 7.70142 0.01 1 66 0
2548 307.071 8.2202 0.01 1 65 0
2553 306.385 8.2202 0.01 1 64 0
2555 308.379 8.08288 0.01 1 72 -0.000304177
2557 312.339 7.51594 0.01 1 80 0
2558 307.186 8.17215 0.01 1 65 0
2560 309.284 8.36884 0.01 1 79 0
2561 307.071 8.2202 0.01 1 66 0
2565 311.094 8.42749 0.01 1 80 0
2566 310.278 8.6293 0.01 1 72 0
2568 307.071 8.2202 0.01 1 64 0
2570 309.316 7.78146 0.01 1 66 0
2572 308.094 7.858 0.01 1 66 0
2578 310.97 8.57434 0.01 1 72 0
2586 307.186 8.17215 0.01 1 66 0
2595 307.643 7.94317 0.01 1 72 0
2597 312.279 8.52733 0.01 1 79 0
2598 313.046 7.49384 0.01 1 81 0
2600 307.361 7.70142 0.01 1 66 0
2612 307.071 8.2202 0.01 1 65 0
2613 310.853 7.38769 0.01 1 79 0
2619 307.602 7.75775 0.01 1 66 0
2622 307.071 8.2202 0.01 1 65 0
2624 307.071 8.2202 0.01 1 64 0
2627 307.071 8.2202 0.01 1 65 0
2628 307.071 8.2202 0.01 1 65 0
2629 306.652 8.1259 0.01 1 72 0
2630 307.053 8.17215 0.01 1 65 0
2631 308.865 7.95481 0.01 1 72 0
2637 307.602 7.858 0.01 1 66 0
2640 309.585 8.00333 0.01 1 72 0
2642 307.186 8.17215 0.01 1 65 0
2645 306.652 8.21912 0.01 1 66 0
2649 308.865 8.07944 0.01 1 72 0
2650 307.071 8.2202 0.01 1 65 0
2651 308.144 7.84963 0.01 1 72 -0.000712454
2652 307.071 8.2202 0.01 1 65 0
2654 310.241 7.91721 0.01 1 72 0
2656 307.602 7.858 0.01 1 66 0
2658 308.578 7.92897 0.01 1 72 9.17912e-06
2660 310.816 8.06154 0.01 1 72 0
2668 311.653 7.99803 0.01 1 72 0
2672 312.054 7.99637 0.01 1 79 0
2675 309.284 8.36884 0.01 1 79 0
2678 310.668 7.99353 0.01 1 72 0
2682 309.91 8.01861 0.01 1 72 0
2685 307.071 8.2202 0.01 1 64 0
2686 307.071 8.2202 0.01 1 66 0
2692 310.668 7.99353 0.01 1 72 0
2695 306.652 8.04024 0.01 1 65 0
2696 307.071 8.2202 0.01 1 65 0
2701 306.74 8.00793 0.01 1 66 0
2706 309.319 7.8871 0.01 1 72 0
2713 307.071 8.31398 0.01 1 66 3.75211e-05
2714 309.284 8.36884 0.01 1 80 0
2720 309.495 7.71901 0.01 1 72 0
2723 308.462 7.93093 0.01 1 72 0
2728 306.74 8.00793 0.01 1 66 0
2733 308.204 7.63631 0.01 1 72 0
2735 306.652 8.09978 0.01 1 66 9.55164e-06
2741 306.652 8.04024 0.01 1 66 0
2742 308.462 7.84963 0.01 1 72 0
2744 308.856 7.86547 0.01 1 72 0
2748 307.602 7.858 0.01 1 66 0
2750 306.529 8.00793 0.01 1 66 0.000412315
2754 309.371 8.49373 0.01 1 79 0
2756 312.339 7.49384 0.01 1 79 0
2757 310.668 7.8687 0.01 1 72 0
2765 306.74 8.00793 0.01 1 66 0
2767 307.071 8.31398 0.01 1 66 0
2768 306.652 8.04024 0.01 1 66 0
2771 306.652 8.04024 0.01 1 66 0
2775 308.578 7.89964 0.01 1 66 0
2786 311.724 8.36989 0.01 1 81 -8.3372e-05
2787 306.652 8.04024 0.01 1 66 0
2793 307.126 7.93242 0.01 1 66 0
2794 307.071 8.2202 0.01 1 65 0
2807 310.241 7.94387 0.01 1 72 0
2824 306.74 8.00793 0.01 1 66 0
2825 306.652 8.21912 0.01 1 65 0
2827 306.652 8.0626 0.01 1 65 0
2829 309.642 7.71901 0.01 1 72 -0.000277698
2831 307.071 8.23884 0.01 1 72 0
2839 306.652 8.04024 0.01 1 66 0
2840 307.207 8.25603 0.01 1 66 0
2844 306.198 8.04024 0.01 1 65 0
2846 311.149 8.49373 0.01 1 79 0
2849 307.186 8.17215 0.01 1 66 0
2850 309.684 8.68518 0.01 1 79 0
2853 308.264 8.22551 0.01 1 72 0
2854 307.875 8.2202 0.01 1 64 -0.00558077
2855 307.071 8.2202 0.01 1 66 0
2856 307.053 8.17215 0.01 1 65 0
2859 310.853 7.38769 0.01 1 79 0
2878 307.186 8.17215 0.01 1 65 0
2879 311.003 7.77797 0.01 1 72 0
2883 307.071 8.2202 0.01 1 64 0
2884 307.071 8.2202 0.01 1 66 0
2887 306.652 8.04024 0.01 1 65 0
2897 310.97 8.74588 0.01 1 79 0
2904 307.207 8.31976 0.01 1 66 0
2907 306.706 8.17215 0.01 1 66 0
2908 307.071 8.2202 0.01 1 64 0
2909 307.071 8.2202 0.01 1 66 0
2910 312.054 7.99637 0.01 1 79 0
2922 307.059 8.09825 0.01 1 66 0
2924 312.339 7.49384 0.01 1 79 0
2929 306.652 8.04024 0.01 1 66 0
2932 307.071 8.2202 0.01 1 64 0
2935 306.097 8.07491 0.01 1 72 0
2936 307.071 8.27026 0.01 1 65 0
2948 309.284 8.36884 0.01 1 80 0
2949 307.207 8.31976 0.01 1 66 0
2950 306.652 8.04024 0.01 1 65 0
2955 306.74 8.00793 0.01 1 66 0
2957 309.495 7.71901 0.01 1 72 0
2963 307.071 8.2202 0.01 1 66 0
2967 310.853 7.38769 0.01 1 79 0
2968 307.207 8.31976 0.01 1 66 0
2971 307.071 8.2202 0.01 1 64 0
2975 309.684 8.68518 0.01 1 79 0
2977 307.071 8.2202 0.01 1 65 0
2984 307.071 8.2202 0.01 1 64 0
2986 311.094 8.42749 0.01 1 79 0
2987 307.071 8.2202 0.01 1 64 0
2989 311.724 8.42749 0.01 1 81 0
3001 308.898 8.00333 0.01 1 72 0
3005 306.74 8.00793 0.01 1 66 0
3011 306.74 8.00793 0.01 1 66 0
3013 309.91 8.01861 0.01 1 72 0
3016 307.071 8.2202 0.01 1 64 0
3022 307.186 8.17215 0.01 1 66 0
3023 313.046 7.45263 0.01 1 80 0
3025 306.652 8.04024 0.01 1 66 0
3030 309.587 7.89964 0.01 1 72 0
3035 307.643 7.94317 0.01 1 72 0
3036 306.652 8.04024 0.01 1 65 0
3041 304.802 7.86899 0.01 1 66 0
3047 311.094 8.42749 0.01 1 81 0
3057 306.652 8.04024 0.01 1 66 0
3060 311.094 8.46104 0.01 1 79 0
3061 307.071 8.2202 0.01 1 64 0
3062 308.982 7.96715 0.01 1 66 0
3063 306.74 8.00793 0.01 1 66 0
3068 306.652 8.04024 0.01 1 66 0
3070 312.026 8.77592 0.01 1 79 0
3073 308.361 7.96083 0.01 1 72 0
3080 307.186 8.17215 0.01 1 64 0
3081 306.652 8.21912 0.01 1 66 0
3095 307.071 8.2202 0.01 1 65 0
3101 307.118 8.17215 0.01 1 66 0
3103 308.264 8.22551 0.01 1 72 0
3104 307.186 8.17215 0.01 1 65 0
3108 306.896 8.10552 0.01 1 66 0
3109 310.707 8.02262 0.01 1 72 4.39584e-06
3110 308.204 7.6944 0.01 1 72 0
3126 312.339 7.65463 0.01 1 79 0
3131 308.865 7.95481 0.01 1 72 0
3142 308.578 7.89964 0.01 1 72 0
3143 308.578 7.89964 0.01 1 72 0
3148 309.495 7.71901 0.01 1 72 0
3153 306.74 8.00793 0.01 1 66 0
3154 310.668 7.99353 0.01 1 72 0
3158 313.046 7.45263 0.01 1 80 0
3160 308.865 7.8284 0.01 1 72 0
3162 310.278 8.6293 0.01 1 72 0
3163 310.668 7.99353 0.01 1 72 0
3165 304.802 7.86899 0.01 1 66 0
3167 310.278 8.6293 0.01 1 72 0
3174 310.668 7.99353 0.01 1 72 0
3175 306.74 8.00793 0.01 1 66 0
3182 309.284 8.36884 0.01 1 79 0
3185 307.602 7.75775 0.01 1 66 0
3187 310.808 8.42342 0.01 1 79 0
3191 310.853 7.38769 0.01 1 79 0
3194 306.652 8.04024 0.01 1 66 0
3196 308.094 7.858 0.01 1 66 0
3205 310.853 7.38769 0.01 1 79 0
3206 307.071 8.2202 0.01 1 66 0
3210 308.264 8.22551 0.01 1 65 0
3214 306.198 8.04024 0.01 1 65 0
3221 310.618 8.01861 0.01 1 72 0.000313014
3225 310.241 7.94387 0.01 1 72 0
3227 306.688 8.2202 0.01 1 65 0.00170371
3231 307.602 7.858 0.01 1 66 0
3232 306.652 8.04024 0.01 1 65 0
3233 311.094 8.42749 0.01 1 81 0
3234 307.537 8.05354 0.01 1 72 0
3237 308.264 8.24681 0.01 1 65 0
3238 310.707 8.01861 0.01 1 72 0
3239 307.053 8.17215 0.01 1 65 0
3240 310.853 7.38769 0.01 1 80 0
3243 313.046 7.49384 0.01 1 81 0
3248 307.071 8.2202 0.01 1 64 0
3251 307.071 8.2202 0.01 1 64 0
3261 307.071 8.2202 0.01 1 66 0
3263 309.308 8.28167 0.01 1 66 0
3265 310.853 7.38769 0.01 1 79 0
3270 306.652 8.04024 0.01 1 66 0
3284 313.085 7.49384 0.01 1 79 0
3286 309.179 7.99353 0.01 1 72 0
3288 307.071 8.2202 0.01 1 64 0
3290 307.071 8.2202 0.01 1 66 0
3297 310.241 7.91721 0.01 1 72 0
3302 306.652 8.04024 0.01 1 66 0
3303 312.339 7.49384 0.01 1 79 0
3304 307.126 7.93242 0.01 1 66 0
3309 309.587 7.89964 0.01 1 72 0
3311 306.652 8.21912 0.01 1 66 0
3312 307.071 8.38738 0.01 1 72 0.00018613
3314 310.808 8.44264 0.01 1 79 1.78665e-05
3315 307.186 8.17215 0.01 1 66 0
3317 308.17 8.36884 0.01 1 80 0
3320 306.204 8.2202 0.01 1 66 0
3323 307.071 8.2202 0.01 1 64 0
3324 307.071 8.2202 0.01 1 64 0
3333 309.495 7.71901 0.01 1 72 0
3335 307.071 8.2202 0.01 1 64 0
3336 307.071 8.2202 0.01 1 64 0
3337 307.207 8.31976 0.01 1 65 0
3340 312.339 7.49384 0.01 1 79 0
3342 309.284 8.36884 0.01 1 79 0
3343 306.652 8.09978 0.01 1 66 0
3344 308.462 7.93093 0.01 1 72 0
3348 309.284 8.36884 0.01 1 80 0
3351 308.898 8.00333 0.01 1 72 0
3352 310.707 8.01861 0.01 1 72 0
3353 306.652 8.04024 0.01 1 66 0
3355 311.653 7.99803 0.01 1 72 0
3360 310.853 7.38769 0.01 1 79 0
3366 306.631 8.04268 0.01 1 66 0
3370 304.802 7.86899 0.01 1 66 0
3371 310.97 8.74588 0.01 1 79 0
3375 306.652 8.21912 0.01 1 65 0
3376 309.308 8.23823 0.01 1 72 0
3377 309.049 8.22801 0.01 1 72 0
3378 307.071 8.2202 0.01 1 64 0
3383 310.808 8.42342 0.01 1 79 0
3386 307.361 7.70142 0.01 1 66 0
3388 310.853 7.38769 0.01 1 79 0
3392 308.578 7.89964 0.01 1 72 0
3406 307.602 7.858 0.01 1 66 0
3408 309.049 8.22801 0.01 1 72 0
3409 307.071 8.2202 0.01 1 65 0
3415 308.168 8.21912 0.01 1 66 -0.00616872
3416 306.896 8.14899 0.01 1 66 1.28299e-05
3421 306.652 8.04024 0.01 1 66 0
3426 309.131 7.93166 0.01 1 79 0
3436 307.186 8.17215 0.01 1 66 0
3438 306.74 8.00793 0.01 1 66 0
3441 307.071 8.2202 0.01 1 65 0
3442 312.455 7.49384 0.01 1 80 -0.000521809
3447 307.071 8.2202 0.01 1 64 0
3449 312.339 7.49384 0.01 1 79 0
3457 310.816 8.06154 0.01 1 72 0
3459 313.046 7.49384 0.01 1 80 0
3461 308.865 7.95481 0.01 1 72 0
3462 310.278 8.6293 0.01 1 72 0
3463 312.339 7.49384 0.01 1 79 0
3473 308.264 8.36855 0.01 1 66 0
3481 310.853 7.38769 0.01 1 79 0
3485 312.339 7.36445 0.01 1 81 0
3487 307.071 8.2202 0.01 1 64 0
3491 309.131 7.93166 0.01 1 79 0
3493 306.652 8.04024 0.01 1 65 0
3498 309.173 8.04355 0.01 1 72 0
3503 307.643 7.94317 0.01 1 72 0
3505 309.284 8.36884 0.01 1 81 0
3506 309.495 7.71901 0.01 1 72 0
3511 307.186 8.17215 0.01 1 65 0
3514 307.071 8.2202 0.01 1 64 0
3517 313.046 7.49384 0.01 1 80 0
3518 307.071 8.2202 0.01 1 64 0
3526 307.071 8.2202 0.01 1 66 0
3530 307.192 8.17178 0.01 1 66 -9.98378e-06
3534 307.071 8.2202 0.01 1 65 0
3536 311.094 8.42749 0.01 1 80 0
3537 313.046 7.34436 0.01 1 80 0
3538 313.046 7.45263 0.01 1 80 0
3541 312.339 7.48896 0.01 1 79 -5.96046e-08
3546 308.865 7.95481 0.01 1 72 0
3550 309.667 7.92883 0.01 1 72 0
3552 307.071 8.2202 0.01 1 66 0
3553 307.502 8.10804 0.01 1 72 -0.000403315
3555 310.241 7.91721 0.01 1 72 0
3557 307.071 8.2202 0.01 1 65 0
3559 307.071 8.2202 0.01 1 66 0
3561 312.458 7.49384 0.01 1 79 0
3562 306.204 8.2202 0.01 1 66 0
3563 307.602 7.858 0.01 1 66 0
3568 307.071 8.2202 0.01 1 64 0
3586 306.652 8.04024 0.01 1 66 0
3587 307.071 8.2202 0.01 1 64 0
3588 312.163 7.49384 0.01 1 79 0
3591 313.046 7.49384 0.01 1 80 0
3597 312.339 7.36445 0.01 1 81 0
3598 307.071 8.2202 0.01 1 66 0
3602 306.652 8.04024 0.01 1 66 0
3604 311.149 8.49373 0.01 1 79 0
3606 309.049 8.22801 0.01 1 72 0
3611 307.071 8.2202 0.01 1 64 0
3622 304.975 7.80842 0.01 1 72 0
3625 306.652 8.04024 0.01 1 65 0
3632 307.186 8.17215 0.01 1 66 0
3633 307.071 8.2202 0.01 1 64 0
3635 304.802 7.86899 0.01 1 66 0
3637 306.652 8.04024 0.01 1 66 0
3639 309.179 7.99353 0.01 1 72 0
3640 307.947 8.04355 0.01 1 72 0
3642 309.495 7.71901 0.01 1 72 0
3644 309.308 8.10876 0.01 1 72 0
3647 312.339 7.49384 0.01 1 80 0
3649 310.668 7.8687 0.01 1 72 0
3651 309.746 7.92011 0.01 1 72 0
3655 307.071 8.2202 0.01 1 64 0
3661 312.339 7.51594 0.01 1 80 4.52995e-06
3667 307.071 8.2202 0.01 1 65 0
3672 306.74 8.00793 0.01 1 66 0
3675 310.668 7.99353 0.01 1 72 0
3695 311.094 8.42749 0.01 1 81 0
3703 313.046 7.49384 0.01 1 81 0
3713 308.865 8.07944 0.01 1 72 0
3714 308.264 8.24481 0.01 1 66 0
3717 308.462 7.93093 0.01 1 72 0
3718 307.071 8.2202 0.01 1 64 0
3719 307.186 8.17215 0.01 1 66 0
3720 307.071 8.2202 0.01 1 66 0
3724 307.071 8.14667 0.01 1 66 -3.03239e-05
3727 310.241 7.91721 0.01 1 72 0
3728 307.071 8.2202 0.01 1 64 0
3729 310.161 7.92011 0.01 1 72 0
3735 306.652 8.13357 0.01 1 72 0
3740 304.975 7.80842 0.01 1 72 0
3743 307.186 8.17215 0.01 1 66 0
3746 313.046 7.49384 0.01 1 80 0
3747 306.652 8.04024 0.01 1 66 0
3749 307.581 8.04024 0.01 1 65 0
3759 306.652 8.13357 0.01 1 72 0
3760 312.339 7.69745 0.01 1 80 1.06096e-05
3764 311.653 7.95345 0.01 1 79 0
3766 311.094 8.42749 0.01 1 80 0
3769 309.746 7.92011 0.01 1 72 0
3776 312.339 7.65463 0.01 1 79 0
3781 306.652 8.04024 0.01 1 65 0
3789 306.652 8.21912 0.01 1 65 0
3791 307.581 8.04024 0.01 1 66 0
3798 309.43 8.08288 0.01 1 72 0
3799 307.071 8.2202 0.01 1 65 0
3810 310.533 7.77797 0.01 1 72 0
3811 309.638 8.22801 0.01 1 72 -0.000592873
3812 313.046 7.49384 0.01 1 80 0
3813 310.241 7.94387 0.01 1 72 0
3814 312.339 7.49384 0.01 1 80 0
3817 307.643 7.94317 0.01 1 72 0
3818 306.652 8.04024 0.01 1 66 0
3825 310.241 7.94387 0.01 1 72 0
3826 306.198 8.04024 0.01 1 65 0
3833 309.91 8.01861 0.01 1 72 0
3840 308.204 7.63631 0.01 1 72 0
3841 313.046 7.49384 0.01 1 80 0
3843 306.74 8.00793 0.01 1 66 0
3852 307.071 8.2202 0.01 1 65 0
3853 309.284 8.36884 0.01 1 80 0
3857 309.684 8.59688 0.01 1 79 0
3858 308.865 7.95481 0.01 1 72 0
3859 313.046 7.49384 0.01 1 81 0
3864 307.071 8.2202 0.01 1 64 0
3867 306.385 8.2202 0.01 1 64 0
3874 306.13 8.04024 0.01 1 66 0
3875 307.207 8.31976 0.01 1 66 0
3880 306.652 8.04024 0.01 1 66 0
3881 306.74 8.00793 0.01 1 66 0
3884 308.865 7.95481 0.01 1 72 0
3888 308.006 8.17215 0.01 1 65 0
3893 310.668 7.99353 0.01 1 72 0
3895 306.652 8.04024 0.01 1 65 0
3896 307.186 8.14331 0.01 1 72 0
3898 309.684 8.61134 0.01 1 79 0
3902 310.853 7.38769 0.01 1 79 0
3905 307.071 8.2202 0.01 1 64 0
3906 310.668 7.99353 0.01 1 72 0
3914 308.462 7.84963 0.01 1 72 0
3918 309.667 7.92883 0.01 1 72 0
3919 306.652 8.04024 0.01 1 65 0
3922 306.652 8.04024 0.01 1 66 0
3926 309.049 8.22801 0.01 1 72 0
3929 313.046 7.49384 0.01 1 81 0
3932 306.652 8.21912 0.01 1 66 0
3933 312.163 7.49384 0.01 1 79 0.000156388
3935 307.071 8.2202 0.01 1 65 0
3937 310.853 7.38769 0.01 1 79 0
3942 306.706 8.17215 0.01 1 66 0
3947 308.578 7.80253 0.01 1 72 0
3949 308.578 7.89964 0.01 1 72 0
3951 307.071 8.2202 0.01 1 65 0
3953 309.218 7.88745 0.01 1 72 0
3954 313.046 7.49384 0.01 1 80 0
3957 307.071 8.30874 0.01 1 64 0.000129566
3959 306.652 8.04024 0.01 1 66 0
3961 313.046 7.49384 0.01 1 80 0
3965 310.808 8.31268 0.01 1 79 -0.000105307
3966 307.071 8.2202 0.01 1 65 0
3967 306.652 8.21912 0.01 1 65 0
3977 311.094 8.42749 0.01 1 79 0
3980 307.071 8.2202 0.01 1 65 0
3984 310.97 8.74588 0.01 1 79 0
3988 307.071 8.2202 0.01 1 64 0
4001 308.264 8.24681 0.01 1 65 0
4008 313.046 7.45263 0.01 1 80 0
4013 308.865 8.07944 0.01 1 72 0
4018 307.071 8.2202 0.01 1 65 0
4021 309.495 7.71901 0.01 1 72 0
4026 307.947 8.04355 0.01 1 72 0
4032 308.094 7.858 0.01 1 66 0
4062 304.802 7.86899 0.01 1 66 0
4063 307.186 8.17215 0.01 1 65 0
4064 308.856 7.89971 0.01 1 72 0
4068 307.071 8.25557 0.01 1 64 5.22584e-05
4071 307.071 8.2202 0.01 1 66 0
4074 306.204 8.2202 0.01 1 66 0
4075 306.652 8.04024 0.01 1 65 0
4076 306.652 8.04024 0.01 1 65 0
4082 307.071 8.2202 0.01 1 64 0
4085 307.126 7.93242 0.01 1 66 0
4090 308.865 7.95481 0.01 1 72 0
4091 306.652 8.04024 0.01 1 65 0
4094 308.049 7.73805 0.01 1 72 0
4100 306.652 8.04024 0.01 1 66 0
4101 309.041 7.70573 0.01 1 72 0
4106 309.284 8.36884 0.01 1 79 0
4109 307.186 8.17215 0.01 1 66 0
4113 310.668 8.01732 0.01 1 72 0
4120 310.668 7.99353 0.01 1 72 0
4124 308.462 7.84963 0.01 1 72 -3.5122e-05
4127 308.865 7.95481 0.01 1 72 0
4130 307.801 8.22221 0.01 1 72 5.26607e-05
4132 310.808 8.42342 0.01 1 80 0
4133 310.668 7.99353 0.01 1 72 0
4140 310.426 7.99353 0.01 1 72 0
4156 310.853 7.38769 0.01 1 79 0
4158 307.071 8.2202 0.01 1 66 0
4159 307.602 7.858 0.01 1 65 0
4161 307.071 8.2202 0.01 1 66 0
4165 310.241 7.94387 0.01 1 72 0
4168 313.046 7.49384 0.01 1 80 0
4170 308.038 8.34477 0.01 1 72 0
4171 309.316 7.78146 0.01 1 66 0
4172 306.652 8.09612 0.01 1 66 0
4173 307.186 8.17215 0.01 1 66 0
4176 309.041 7.70573 0.01 1 72 0
4177 307.071 8.2202 0.01 1 66 0
4178 306.198 8.04024 0.01 1 66 0
4183 312.339 7.49384 0.01 1 79 0
4184 309.746 7.92011 0.01 1 72 0
4185 310.808 8.42342 0.01 1 79 0
4190 313.046 7.49384 0.01 1 80 0
4206 308.204 7.63631 0.01 1 72 0
4210 309.91 8.01861 0.01 1 72 0
4211 313.046 7.45263 0.01 1 80 0
4216 308.462 7.93093 0.01 1 72 0
4218 307.071 8.27026 0.01 1 64 0
4219 307.071 8.2202 0.01 1 66 0
4220 309.746 7.8007 0.01 1 72 -3.23802e-05
4225 308.264 8.22551 0.01 1 72 0
4226 308.578 7.89964 0.01 1 66 0
4229 307.071 8.2202 0.01 1 64 0
4234 307.071 8.2202 0.01 1 65 0
4235 309.43 7.89964 0.01 1 72 0
4239 310.808 8.42342 0.01 1 79 0
4241 306.652 8.04024 0.01 1 66 0
4243 307.071 8.2202 0.01 1 65 0
4244 312.339 7.49384 0.01 1 80 0
4245 312.339 7.65463 0.01 1 79 0
4250 307.071 8.2202 0.01 1 66 0
4255 306.652 8.21912 0.01 1 65 0
4256 310.853 7.38769 0.01 1 80 0
4258 309.43 8.08288 0.01 1 72 0
4261 306.652 8.04024 0.01 1 65 0
4265 306.652 8.04024 0.01 1 66 0
4268 308.462 7.93093 0.01 1 72 0
4278 304.802 7.86899 0.01 1 66 0
4281 306.652 8.04024 0.01 1 66 0
4282 306.652 8.09612 0.01 1 66 0
4283 308.865 7.95481 0.01 1 72 0
4290 307.581 8.04024 0.01 1 65 0
4291 307.071 8.23884 0.01 1 72 0
4292 307.186 8.17215 0.01 1 66 0
4296 307.071 8.2202 0.01 1 64 0
4297 309.308 8.2162 0.01 1 72 0
4305 309.495 7.71901 0.01 1 72 0
4310 307.071 8.2202 0.01 1 64 0
4312 309.684 8.68518 0.01 1 79 0
4313 309.495 7.71901 0.01 1 72 0
4321 305.72 8.44124 0.01 1 65 0
4323 308.982 7.96715 0.01 1 66 0
4333 307.071 8.2202 0.01 1 65 0
4335 308.578 7.89964 0.01 1 72 0
4340 310.853 7.38769 0.01 1 79 0
4342 311.094 8.42749 0.01 1 80 0
4352 307.071 8.2202 0.01 1 66 0
4353 304.802 7.86899 0.01 1 66 0
4355 309.049 8.22801 0.01 1 72 0
4360 309.91 8.01861 0.01 1 72 0
4367 308.17 8.36884 0.01 1 80 0
4371 305.72 8.44124 0.01 1 65 0
4375 312.339 7.49384 0.01 1 79 0
4376 311.507 7.98275 0.01 1 72 0
4379 307.701 8.04024 0.01 1 65 0
4380 309.131 7.93166 0.01 1 79 0
4381 306.74 8.00793 0.01 1 65 0
4382 310.853 7.38769 0.01 1 80 0
4384 307.059 8.09825 0.01 1 66 0
4388 310.853 7.38769 0.01 1 79 0
4395 309.284 8.36884 0.01 1 80 0
4405 310.97 8.74588 0.01 1 80 0
4412 309.308 8.23823 0.01 1 72 0
4413 307.701 8.04024 0.01 1 65 0
4417 308.865 7.95481 0.01 1 72 0
4423 306.74 8.00793 0.01 1 66 0
4432 308.865 8.07944 0.01 1 72 0
4434 310.808 8.42342 0.01 1 79 0
4440 309.587 7.89964 0.01 1 72 0
4442 307.701 8.04024 0.01 1 65 -0.00527599
4443 311.724 8.42749 0.01 1 81 0.00357178
4444 309.684 8.61134 0.01 1 80 0
4445 307.126 7.90528 0.01 1 66 -1.36346e-05
4448 306.385 8.2202 0.01 1 64 0
4451 311.149 8.49373 0.01 1 79 0
4453 306.13 8.04024 0.01 1 66 0.000627413
4457 307.071 8.2202 0.01 1 65 0
4460 306.097 8.07491 0.01 1 72 0
4462 312.339 7.49384 0.01 1 80 0
4467 309.049 8.22801 0.01 1 72 0
4472 306.097 8.07491 0.01 1 72 0
4475 307.186 8.17215 0.01 1 65 0
4490 310.161 7.92011 0.01 1 72 0
4493 306.652 8.04024 0.01 1 66 0
4503 311.474 8.49047 0.01 1 72 0
4506 313.046 7.49384 0.01 1 80 0
4507 308.462 7.93093 0.01 1 72 0
4509 309.746 7.94421 0.01 1 72 0
4511 309.308 8.2162 0.01 1 72 0
4514 307.071 8.2202 0.01 1 64 0
4523 306.896 8.10552 0.01 1 66 0
4524 307.071 8.2202 0.01 1 65 0
4528 308.264 8.24726 0.01 1 72 0
4533 307.071 8.2202 0.01 1 65 0
4535 306.652 8.04024 0.01 1 66 0
4538 313.046 7.49384 0.01 1 81 0
4540 306.896 8.10552 0.01 1 66 0
4543 308.865 7.95481 0.01 1 72 0
4547 307.071 8.2202 0.01 1 64 0
4557 306.652 8.04024 0.01 1 66 0
4561 307.602 7.858 0.01 1 66 0
4563 307.186 8.17215 0.01 1 65 0
4565 307.071 8.2202 0.01 1 64 0
4567 307.643 7.94317 0.01 1 72 0
4569 307.071 8.2202 0.01 1 64 0
4570 306.55 8.00793 0.01 1 66 0
4574 306.204 8.2202 0.01 1 66 0
4575 307.071 8.2202 0.01 1 64 0
4581 309.284 8.36884 0.01 1 80 0
4585 308.578 7.89964 0.01 1 72 0
4587 310.808 8.42342 0.01 1 79 0
4589 307.643 7.94317 0.01 1 72 0
4604 312.458 7.49384 0.01 1 79 0
4605 304.802 7.86899 0.01 1 66 0
4608 310.12 8.49373 0.01 1 79 -0.00515024
4609 310.853 7.38769 0.01 1 80 0
4610 305.72 8.44124 0.01 1 65 0
4611 310.241 7.91721 0.01 1 72 0
4618 309.43 8.08288 0.01 1 72 0
4620 307.071 8.2202 0.01 1 66 0
4628 307.947 8.04355 0.01 1 72 0
4632 306.429 8.31976 0.01 1 66 0.00181554
4633 307.207 8.31976 0.01 1 66 0
4638 306.198 8.04024 0.01 1 65 0
4639 313.046 7.49384 0.01 1 80 0
4641 308.865 7.95481 0.01 1 72 0
4650 307.071 8.2202 0.01 1 65 0
4663 306.631 8.04268 0.01 1 65 0
4664 309.684 8.50874 0.01 1 79 0
4668 309.371 8.49373 0.01 1 79 0
4670 307.615 8.2202 0.01 1 64 -0.00359643
4673 309.131 7.93166 0.01 1 80 0
4675 307.071 8.2202 0.01 1 64 0
4681 310.97 8.74588 0.01 1 79 0
4685 309.43 8.08288 0.01 1 72 0
4687 310.97 8.74588 0.01 1 79 0
4688 307.071 8.2202 0.01 1 65 0
4689 307.071 8.2202 0.01 1 64 0
4698 309.684 8.50874 0.01 1 79 0
4703 311.094 8.42749 0.01 1 80 0
4706 307.126 7.93242 0.01 1 66 0
4709 307.537 8.07055 0.01 1 72 0
4710 310.668 7.99353 0.01 1 72 0
4712 310.97 8.74588 0.01 1 79 0
4719 309.684 8.68518 0.01 1 79 -0.000203982
4726 307.071 8.23884 0.01 1 72 0
4729 313.046 7.49384 0.01 1 81 0
4734 310.668 7.99353 0.01 1 72 0
4741 309.684 8.50874 0.01 1 79 0
4742 307.071 8.2202 0.01 1 65 0
4744 307.071 8.2202 0.01 1 64 0
4746 307.602 7.858 0.01 1 66 0
4747 308.462 7.93093 0.01 1 72 0
4751 307.071 8.2202 0.01 1 66 0
4757 307.071 8.2202 0.01 1 66 0
4763 307.581 8.04024 0.01 1 65 0
4770 308.09 8.02628 0.01 1 72 0
4771 306.652 8.04024 0.01 1 65 0
4777 308.982 7.96715 0.01 1 66 0
4778 307.186 8.17215 0.01 1 66 0
4779 306.896 8.14899 0.01 1 66 0
4789 308.578 7.89964 0.01 1 72 0
4790 311.094 8.42749 0.01 1 80 0
4791 307.071 8.2202 0.01 1 66 0
4794 308.094 7.858 0.01 1 66 0
4801 306.652 8.21912 0.01 1 65 0
4802 308.865 7.95481 0.01 1 72 0
4809 313.046 7.49384 0.01 1 81 0
4810 309.495 7.71901 0.01 1 72 0
4812 307.071 8.2202 0.01 1 65 0
4813 308.578 7.89964 0.01 1 66 0
4824 308.767 8.31268 0.01 1 79 -0.0149832
4825 309.667 7.92883 0.01 1 72 0
4832 304.802 7.86899 0.01 1 66 0
4833 310.853 7.38769 0.01 1 79 0
4834 312.339 7.49384 0.01 1 80 0
4835 307.071 8.2202 0.01 1 64 0
4836 307.071 8.2202 0.01 1 64 0
4840 309.91 8.01861 0.01 1 72 0
4844 312.339 7.49384 0.01 1 79 0
4846 311.094 8.42749 0.01 1 80 0
4850 309.91 8.01861 0.01 1 72 0
4851 313.046 7.45263 0.01 1 80 0
4852 308.548 8.01953 0.01 1 72 0
4855 311.724 8.45075 0.01 1 81 2.37226e-05
4856 307.186 8.17215 0.01 1 65 0
4861 308.898 8.00333 0.01 1 72 0
4868 307.071 8.2202 0.01 1 66 0
4870 307.071 8.2202 0.01 1 64 0
4873 309.587 7.89964 0.01 1 72 0
4880 305.72 8.44124 0.01 1 66 0
4882 312.339 7.49384 0.01 1 80 0
4883 309.495 7.71901 0.01 1 72 0
4888 308.264 8.24681 0.01 1 65 0
4890 312.339 7.49384 0.01 1 79 0
4891 307.071 8.2202 0.01 1 66 0
4893 309.284 8.36884 0.01 1 80 0
4895 311.094 8.46104 0.01 1 79 0
4898 310.241 7.94387 0.01 1 72 0
4906 308.264 8.24481 0.01 1 66 0
4908 308.767 8.31268 0.01 1 79 0
4910 307.602 7.75775 0.01 1 66 0
4918 306.74 8.00793 0.01 1 66 0
4924 309.284 8.36884 0.01 1 80 0
4925 307.071 8.2202 0.01 1 65 0
4927 306.652 8.04024 0.01 1 66 0
4929 307.071 8.2202 0.01 1 64 0
4932 306.652 8.04024 0.01 1 66 0
4935 312.458 7.49384 0.01 1 79 0
4938 306.878 8.04024 0.01 1 65 -0.00086689
4941 304.802 7.86899 0.01 1 66 0
4949 306.652 8.04024 0.01 1 66 0
4954 307.186 8.17215 0.01 1 65 0
4961 310.853 7.38769 0.01 1 80 0
4962 311.653 7.99803 0.01 1 72 0
4965 306.652 8.04024 0.01 1 66 0
4966 309.91 8.01861 0.01 1 72 0
4973 307.071 8.2202 0.01 1 64 0
4976 311.724 8.42749 0.01 1 81 0
4978 310.97 8.74588 0.01 1 79 0
4983 306.652 8.04024 0.01 1 65 0
4986 309.684 8.50874 0.01 1 79 0
4992 309.684 8.77592 0.01 1 79 0
5000 308.898 8.00333 0.01 1 72 0
5002 307.108 8.2202 0.01 1 65 0
5003 311.474 8.49047 0.01 1 72 0
5004 307.186 8.17215 0.01 1 65 0
5005 307.071 8.2202 0.01 1 64 0
5006 306.652 8.04024 0.01 1 65 0
5008 309.049 8.22801 0.01 1 72 0
5009 308.578 7.91733 0.01 1 72 1.2666e-06
5020 307.071 8.2202 0.01 1 64 0
5023 308.578 7.89964 0.01 1 72 0
5027 312.339 7.49384 0.01 1 80 0
5028 310.241 7.94387 0.01 1 72 0
5031 310.853 7.38769 0.01 1 79 0
5034 312.054 7.99637 0.01 1 79 0
5035 307.071 8.2202 0.01 1 64 0
5037 306.55 8.00793 0.01 1 66 0.000377759
5039 307.207 8.31976 0.01 1 65 0
5040 307.581 8.04024 0.01 1 65 0
5042 310.853 7.38769 0.01 1 80 0
5043 307.071 8.2202 0.01 1 65 0
5046 310.241 7.91721 0.01 1 72 0
5049 308.264 8.24681 0.01 1 65 0
5051 307.186 8.14244 0.01 1 66 0
5055 309.495 7.71901 0.01 1 72 0
5057 307.071 8.2202 0.01 1 65 0
5059 311.094 8.42749 0.01 1 80 0
5061 313.046 7.49384 0.01 1 79 0
5067 309.049 8.22801 0.01 1 72 0
5069 307.108 8.2202 0.01 1 65 0
5073 306.652 8.04024 0.01 1 66 0
5075 307.186 8.17215 0.01 1 65 0
5087 308.264 8.24681 0.01 1 65 0
5090 306.652 8.04024 0.01 1 66 0
5093 308.865 8.07944 0.01 1 72 0
5095 308.865 7.8284 0.01 1 72 0
5097 310.668 7.99353 0.01 1 72 0
5102 310.707 8.01861 0.01 1 72 0
5104 308.094 7.858 0.01 1 66 0
5108 312.339 7.49384 0.01 1 79 0
5111 307.053 8.17215 0.01 1 65 0
5114 306.74 8.00793 0.01 1 66 0
5115 309.131 7.93166 0.01 1 79 0
5122 306.652 8.04024 0.01 1 66 0
5125 307.071 8.2202 0.01 1 64 0
5133 306.652 8.04024 0.01 1 66 0
5134 308.264 8.22551 0.01 1 72 0
5137 308.578 7.89964 0.01 1 72 0
5141 307.126 7.93242 0.01 1 66 0
5146 306.652 8.04024 0.01 1 66 0
5149 307.207 8.31976 0.01 1 66 0
5150 307.071 8.2202 0.01 1 64 0
5155 311.094 8.42749 0.01 1 79 0
5158 309.284 8.36884 0.01 1 80 0
5173 308.094 7.858 0.01 1 66 0
5174 309.43 8.08288 0.01 1 72 0
5180 306.652 8.04024 0.01 1 66 0
5187 311.474 8.49047 0.01 1 72 0
5195 307.071 8.2202 0.01 1 65 0
5202 307.186 8.14244 0.01 1 66 0
5203 307.071 8.2202 0.01 1 66 0
5208 310.808 8.42342 0.01 1 79 0
5216 311.149 8.62502 0.01 1 79 7.50124e-05
5218 312.339 7.49384 0.01 1 80 0
5221 306.652 8.04024 0.01 1 65 0
5224 308.049 7.79575 0.01 1 72 0
5228 306.652 8.04024 0.01 1 66 0
5232 307.108 8.2202 0.01 1 65 0
5242 308.17 8.36884 0.01 1 80 0
5252 306.652 8.09612 0.01 1 66 0
5262 307.071 8.2202 0.01 1 65 0
5266 306.097 8.07491 0.01 1 72 0
5283 309.495 7.91625 0.01 1 72 0
5286 306.74 8.00793 0.01 1 65 0
5289 310.668 7.99353 0.01 1 72 0
5292 306.652 8.04024 0.01 1 65 0
5295 307.071 8.2202 0.01 1 66 0
5297 306.74 8.00793 0.01 1 66 0
5300 307.071 8.2202 0.01 1 66 0
5303 307.186 8.17215 0.01 1 65 0
5313 307.071 8.2202 0.01 1 64 0
5314 307.947 8.04355 0.01 1 72 0
5317 308.094 7.858 0.01 1 66 0
5318 307.126 7.93242 0.01 1 66 0
5320 307.186 8.17215 0.01 1 65 0
5322 308.865 7.90955 0.01 1 72 0
5323 306.198 8.04024 0.01 1 64 0
5325 309.454 7.96217 0.01 1 72 0
5326 307.071 8.2202 0.01 1 66 0
5328 306.652 8.04024 0.01 1 65 0
5333 310.278 8.6293 0.01 1 72 0
5337 309.284 8.36884 0.01 1 80 0
5338 312.163 7.49384 0.01 1 79 0
5345 309.284 8.36884 0.01 1 80 0
5349 307.382 7.89964 0.01 1 72 -0.00383006
5365 307.071 8.2202 0.01 1 64 0
5370 309.284 8.36884 0.01 1 80 0
5371 307.071 8.2202 0.01 1 64 0
5373 306.652 8.04024 0.01 1 65 0
5376 310.668 7.99353 0.01 1 72 0
5377 307.071 8.2202 0.01 1 65 0
5379 308.578 7.89964 0.01 1 72 0
5384 308.578 7.89964 0.01 1 72 0
5387 307.071 8.2202 0.01 1 65 0
5392 307.269 8.17215 0.01 1 66 0
5396 307.186 8.17215 0.01 1 65 0
5397 306.652 8.04024 0.01 1 65 0
5404 306.896 8.10552 0.01 1 66 0
5405 306.652 8.04024 0.01 1 66 0
5407 311.094 8.42749 0.01 1 80 0
5412 308.264 8.24681 0.01 1 65 0
5414 306.652 8.04024 0.01 1 66 0
5415 311.094 8.42749 0.01 1 80 0
5416 310.853 7.38769 0.01 1 79 0
5417 306.74 8.00793 0.01 1 66 0
5420 307.071 8.2202 0.01 1 65 0
5431 307.643 7.94317 0.01 1 72 0
5434 306.74 8.00793 0.01 1 66 0
5454 306.198 8.04024 0.01 1 64 0
5457 308.264 8.22551 0.01 1 72 0
5460 309.284 8.36884 0.01 1 80 0
5465 308.264 8.24481 0.01 1 66 -3.50177e-06
5484 310.853 7.38769 0.01 1 80 0
5489 306.097 8.07491 0.01 1 72 0
5490 309.218 7.88745 0.01 1 72 0
5497 310.853 7.38769 0.01 1 80 0
5498 307.071 8.27026 0.01 1 64 0
5503 308.865 7.90955 0.01 1 72 0
5504 310.853 7.38769 0.01 1 80 0
5507 312.339 7.49384 0.01 1 80 0
5508 307.071 8.2202 0.01 1 66 0
5511 306.652 8.04024 0.01 1 66 0
5514 311.094 8.46104 0.01 1 79 0
5520 306.652 8.04024 0.01 1 66 0
5525 307.207 8.31976 0.01 1 65 0
5531 310.668 7.99353 0.01 1 72 0
5534 308.578 7.89964 0.01 1 66 0
5537 306.74 8.00793 0.01 1 66 0
5539 306.198 8.04024 0.01 1 66 0
5542 307.581 8.04024 0.01 1 65 0
5543 310.853 7.38769 0.01 1 80 0
5551 308.865 8.07944 0.01 1 72 0
5554 306.652 8.09612 0.01 1 66 0
5555 307.186 8.10682 0.01 1 66 0
5557 312.339 7.49384 0.01 1 79 0
5558 309.684 8.50874 0.01 1 79 0
5563 310.808 8.42342 0.01 1 79 0
5566 307.2 8.0919 0.01 1 72 0
5578 309.111 7.90955 0.01 1 72 9.26852e-06
5579 312.026 8.77592 0.01 1 79 0.00968155
5580 307.602 7.858 0.01 1 66 0
5586 310.668 8.01732 0.01 1 72 0
5589 307.071 8.2202 0.01 1 65 0
5595 307.581 8.04024 0.01 1 65 0
5598 307.071 8.2202 0.01 1 64 0
5600 307.361 7.70142 0.01 1 66 0
5601 310.853 7.38769 0.01 1 80 0
5602 307.071 8.2202 0.01 1 64 0
5606 311.094 8.42749 0.01 1 81 0
5607 313.046 7.49384 0.01 1 81 0
5616 309.746 7.8007 0.01 1 72 0
5619 307.207 8.31976 0.01 1 65 0
5620 308.264 8.24481 0.01 1 66 0
5621 309.049 8.22801 0.01 1 72 0
5623 307.071 8.2202 0.01 1 64 0
5624 313.046 7.49384 0.01 1 80 0
5633 306.652 8.04024 0.01 1 65 0
5634 310.853 7.38769 0.01 1 79 0
5639 306.13 8.04024 0.01 1 66 0
5641 308.865 8.07944 0.01 1 72 0
5643 306.74 8.00793 0.01 1 66 0
5644 304.975 7.80842 0.01 1 72 0
5648 307.071 8.2202 0.01 1 66 0
5651 305.781 8.00793 0.01 1 66 0
5652 307.071 8.2202 0.01 1 64 0
5656 307.071 8.2202 0.01 1 65 0
5657 311.094 8.42749 0.01 1 80 0
5660 307.071 8.2202 0.01 1 64 0
5662 307.071 8.2202 0.01 1 66 0
5667 306.652 8.04024 0.01 1 65 0
5668 304.802 7.86899 0.01 1 66 0
5670 308.682 8.04024 0.01 1 65 -0.00604387
5671 304.802 7.86899 0.01 1 66 0
5673 306.652 8.04024 0.01 1 65 0
5675 308.462 7.84963 0.01 1 72 0
5676 306.204 8.2202 0.01 1 66 0
5677 309.495 7.8871 0.01 1 72 0
5680 312.339 7.49384 0.01 1 79 0
5681 307.071 8.2202 0.01 1 64 0
5682 304.802 7.86899 0.01 1 66 0
5684 306.896 8.10552 0.01 1 66 0
5685 309.684 8.50874 0.01 1 79 0
5690 306.74 8.00793 0.01 1 66 0
5691 307.071 8.2202 0.01 1 65 0
5693 308.462 7.93093 0.01 1 72 0
5694 311.094 8.42749 0.01 1 79 0
5697 307.071 8.2202 0.01 1 65 0
5698 306.74 8.00793 0.01 1 66 0
5699 307.192 8.22984 0.01 1 66 0
5705 309.43 8.08288 0.01 1 72 0
5710 313.046 7.49384 0.01 1 80 0
5713 307.071 8.2202 0.01 1 64 0
5717 307.071 8.2202 0.01 1 65 0
5718 308.865 7.95481 0.01 1 72 0
5722 308.462 7.93093 0.01 1 72 0
5723 307.071 8.2202 0.01 1 64 0
5729 308.094 7.858 0.01 1 66 0
5730 308.264 8.24681 0.01 1 65 0
5737 313.046 7.49384 0.01 1 80 0
5738 309.495 7.71901 0.01 1 72 0
5739 306.652 8.04024 0.01 1 66 0
5742 307.071 8.2202 0.01 1 64 0
5747 304.802 7.86899 0.01 1 66 0
5750 309.495 7.71901 0.01 1 72 0
5751 308.094 7.858 0.01 1 66 0
5752 307.071 8.2202 0.01 1 65 0
5759 307.269 8.17215 0.01 1 66 0
5765 307.071 8.2202 0.01 1 64 0
5768 311.094 8.42749 0.01 1 80 0
5773 308.462 7.84963 0.01 1 72 0
5776 307.943 8.17215 0.01 1 65 -0.00450133
5782 307.537 8.07055 0.01 1 72 0
5784 307.643 7.94317 0.01 1 72 0
5786 313.046 7.34436 0.01 1 81 -1.19209e-07
5790 308.856 7.89971 0.01 1 72 0
5795 307.071 8.2202 0.01 1 66 0
5799 305.72 8.44124 0.01 1 66 0
5801 313.046 7.49384 0.01 1 81 0
5806 307.071 8.2202 0.01 1 66 0
5809 306.652 8.09612 0.01 1 66 0
5813 306.652 8.04024 0.01 1 66 0
5819 307.709 7.95991 0.01 1 72 0
5820 309.308 8.2162 0.01 1 72 0
5823 307.071 8.2202 0.01 1 66 0
5825 310.853 7.38769 0.01 1 80 0
5829 307.602 7.858 0.01 1 66 0
5834 307.071 8.2202 0.01 1 65 0
5836 313.046 7.45263 0.01 1 80 0
5842 307.053 8.17215 0.01 1 65 0
5847 307.269 8.17215 0.01 1 66 0
5853 311.094 8.42749 0.01 1 79 0
5856 307.071 8.2202 0.01 1 64 0
5857 306.652 8.04024 0.01 1 64 0
5858 312.054 7.95345 0.01 1 80 0
5860 313.046 7.45263 0.01 1 80 0
5863 310.241 7.94387 0.01 1 72 0
5872 312.054 7.95345 0.01 1 80 0
5873 308.578 7.89964 0.01 1 66 0
5876 309.284 8.36884 0.01 1 80 0
5879 306.097 8.07491 0.01 1 72 0
5882 309.284 8.36884 0.01 1 80 0
5887 306.198 8.04024 0.01 1 65 0
5888 311.094 8.42749 0.01 1 80 0
5893 308.898 8.00333 0.01 1 72 0
5899 309.371 8.49373 0.01 1 79 0
5900 307.269 8.17215 0.01 1 65 0
5901 306.652 8.04024 0.01 1 65 0
5906 305.72 8.44124 0.01 1 65 0
5908 312.054 7.99637 0.01 1 79 0
5910 310.241 7.91721 0.01 1 72 0
5914 307.071 8.2202 0.01 1 65 0
5920 309.495 7.71901 0.01 1 72 0
5921 307.071 8.2202 0.01 1 66 0
5924 308.17 8.36884 0.01 1 80 -0.0118351
5925 310.668 7.99353 0.01 1 72 0
5931 308.865 7.90955 0.01 1 72 0
5932 307.269 8.17215 0.01 1 66 0
5938 312.339 7.51018 0.01 1 80 3.35276e-06
5939 311.149 8.49373 0.01 1 79 0
5940 307.071 8.2202 0.01 1 64 0
5941 313.046 7.49384 0.01 1 81 0
5943 306.204 8.2202 0.01 1 66 0
5945 307.207 8.31976 0.01 1 65 0
5950 307.071 8.2202 0.01 1 64 0
5955 307.071 8.2202 0.01 1 65 0
5957 307.207 8.31976 0.01 1 65 0
5958 308.462 7.93093 0.01 1 72 0
5960 306.652 8.04024 0.01 1 66 0
5964 307.071 8.2202 0.01 1 66 0
5965 306.652 8.04024 0.01 1 66 0
5966 310.853 7.38769 0.01 1 79 0
5967 308.865 8.07944 0.01 1 72 0
5971 309.495 7.71901 0.01 1 72 0
5976 307.071 8.2202 0.01 1 64 0
5977 306.652 8.09978 0.01 1 66 0
5980 307.071 8.2202 0.01 1 65 0
5982 307.071 8.2202 0.01 1 64 0
5983 308.578 7.89964 0.01 1 72 0
5984 308.865 7.8284 0.01 1 72 0
5985 306.74 8.00793 0.01 1 66 0
5987 311.094 8.42749 0.01 1 80 0
5994 308.764 8.28167 0.01 1 66 0
6001 307.071 8.2202 0.01 1 64 0
6003 307.071 8.2202 0.01 1 66 0
6004 306.652 8.04024 0.01 1 66 0
6005 307.071 8.2202 0.01 1 66 0
6008 310.853 7.38769 0.01 1 79 0
6010 306.74 8.00793 0.01 1 65 0
6012 306.706 8.17215 0.01 1 66 0
6014 307.071 8.2202 0.01 1 65 0
