max_pf 92 min_pf 49
individual T0 sigma disp_rate r0 patch_no mut_eff
10 306.804 8.39332 0.01 1 72 0
22 309.445 7.89258 0.01 1 72 0
29 306.416 7.67677 0.01 1 50 0
51 308.265 7.9613 0.01 1 51 0
63 310.646 7.92233 0.01 1 91 0
66 309.68 7.83798 0.01 1 72 0
67 307.108 7.67677 0.01 1 51 0
69 306.416 7.67677 0.01 1 50 0
73 306.416 7.67677 0.01 1 50 0
76 306.205 7.67677 0.01 1 51 0
86 306.416 7.67677 0.01 1 51 0
90 309.843 8.16284 0.01 1 72 2.44081e-05
103 310.646 7.92233 0.01 1 91 0
105 310.646 7.92233 0.01 1 92 0
109 306.205 7.67677 0.01 1 49 0
116 306.205 7.67677 0.01 1 50 0
200 310.646 7.92233 0.01 1 91 0
202 308.265 7.9613 0.01 1 50 0
212 310.284 8.34568 0.01 1 91 0
214 308.265 7.9613 0.01 1 51 0
221 307.108 7.67677 0.01 1 51 0
226 306.833 7.72518 0.01 1 72 -0.00542676
227 308.265 7.9613 0.01 1 50 0
230 311.088 8.07004 0.01 1 72 0
234 311.44 8.09312 0.01 1 90 0
249 306.416 7.67677 0.01 1 50 0
255 308.265 7.9613 0.01 1 51 0
256 306.416 7.67677 0.01 1 50 0
259 307.108 7.67677 0.01 1 51 0
262 307.108 7.67677 0.01 1 51 0
269 305.868 7.67677 0.01 1 49 0
274 310.676 7.94552 0.01 1 90 0
279 306.205 7.67677 0.01 1 50 0
299 312.317 7.94049 0.01 1 72 0
303 310.615 8.09312 0.01 1 90 0
311 306.205 7.67677 0.01 1 51 0
323 310.898 7.99009 0.01 1 91 0
324 309.854 8.23354 0.01 1 72 0
328 306.205 7.67677 0.01 1 51 0
346 309.854 8.23354 0.01 1 72 0
347 308.265 7.9613 0.01 1 51 0
354 310.676 8.03503 0.01 1 90 0
366 307.672 7.9613 0.01 1 49 -0.000503965
367 307.108 7.67677 0.01 1 50 0
371 309.445 7.89258 0.01 1 72 0
382 306.205 7.67677 0.01 1 49 0
387 307.108 7.67677 0.01 1 50 0
398 310.957 8.197 0.01 1 72 0
427 308.265 7.9613 0.01 1 50 0
443 311.671 7.94784 0.01 1 72 0
445 308.792 7.9613 0.01 1 50 -0.00725554
449 308.83 7.89759 0.01 1 72 0
496 308.83 7.89759 0.01 1 72 0
498 312.737 8.03784 0.01 1 90 0
518 306.744 8.07742 0.01 1 72 0
528 310.646 7.92233 0.01 1 92 0
543 310.284 8.34568 0.01 1 92 0
548 307.108 7.60152 0.01 1 51 0
549 307.108 7.68825 0.01 1 50 0
550 306.416 7.8286 0.01 1 51 0
558 307.108 7.67677 0.01 1 51 0
563 311.44 7.97402 0.01 1 90 -0.00140747
568 310.248 7.69067 0.01 1 72 0
572 307.029 7.67677 0.01 1 51 0
579 305.868 7.5549 0.01 1 51 -0.00186392
581 310.406 8.07004 0.01 1 72 0
587 306.421 7.9613 0.01 1 51 0.0182729
595 308.939 7.9613 0.01 1 51 0
610 309.778 7.83798 0.01 1 72 0
616 306.205 7.67677 0.01 1 49 0
635 310.615 8.09312 0.01 1 90 0
644 306.416 7.65112 0.01 1 51 0
699 305.863 7.67677 0.01 1 51 0
703 310.392 8.03503 0.01 1 90 0
714 310.646 7.92233 0.01 1 91 0
731 306.205 7.67677 0.01 1 51 0
741 310.07 7.83798 0.01 1 72 0
744 310.284 8.09312 0.01 1 91 0
754 307.108 7.67677 0.01 1 51 0
762 306.416 7.8286 0.01 1 50 0
797 306.744 8.07742 0.01 1 72 0
825 306.205 7.67677 0.01 1 49 0
894 310.392 8.03503 0.01 1 90 0
899 309.778 7.83798 0.01 1 72 0
901 308.333 7.85715 0.01 1 72 0
909 310.957 8.197 0.01 1 72 0
910 310.284 8.34568 0.01 1 91 0
923 311.44 8.09312 0.01 1 90 0
927 308.023 7.8496 0.01 1 72 0
932 310.248 7.69067 0.01 1 72 0
939 310.898 7.99009 0.01 1 92 0
954 307.108 7.67677 0.01 1 51 0
973 306.205 7.67677 0.01 1 50 0
983 308.265 7.9613 0.01 1 50 0
999 307.637 7.9613 0.01 1 51 0
1007 309.081 8.41244 0.01 1 72 0
1017 306.587 7.67677 0.01 1 51 0
1023 307.637 7.9613 0.01 1 51 0
1028 309.883 8.28426 0.01 1 72 0
1030 310.701 8.34582 0.01 1 72 0
1041 306.587 7.67677 0.01 1 50 0
1055 310.166 8.07004 0.01 1 72 0.0009294
1060 308.118 8.39332 0.01 1 72 0
1064 306.416 7.8286 0.01 1 51 0
1068 309.445 7.89258 0.01 1 72 0
1070 307.877 7.9613 0.01 1 51 0
1071 306.416 7.67677 0.01 1 50 0
1086 308.265 7.98965 0.01 1 51 0
1092 306.205 7.67677 0.01 1 51 0
1123 306.416 7.8286 0.01 1 51 0
1138 311.639 8.34354 0.01 1 72 0
1139 311.088 8.07004 0.01 1 72 0
1145 308.265 7.9613 0.01 1 49 0
1150 310.392 8.03503 0.01 1 90 0
1152 306.416 7.67677 0.01 1 50 0
1162 306.205 7.67677 0.01 1 49 0
1164 309.124 7.78332 0.01 1 72 0
1166 308.023 7.8496 0.01 1 72 0
1174 311.44 8.09312 0.01 1 90 0
1180 308.265 7.9613 0.01 1 50 0
1189 309.843 8.07004 0.01 1 72 0
1210 308.09 8.02643 0.01 1 50 0
1224 310.284 8.34568 0.01 1 91 0
1232 307.097 7.67677 0.01 1 49 0
1248 307.108 7.67677 0.01 1 51 0
1257 306.205 7.67677 0.01 1 51 0
1268 307.215 8.07297 0.01 1 72 0
1272 310.898 7.99009 0.01 1 91 0
1286 310.957 8.197 0.01 1 72 0
1289 313.318 7.95533 0.01 1 90 0
1293 308.265 7.9613 0.01 1 50 0
1308 309.883 8.28426 0.01 1 72 0
1314 307.637 7.76675 0.01 1 51 0
1354 306.205 7.67677 0.01 1 49 0
1357 308.76 7.9613 0.01 1 51 0
1386 311.44 8.09312 0.01 1 90 0
1394 311.44 8.09312 0.01 1 90 0
1398 308.827 7.85419 0.01 1 72 0
1406 312.575 7.97646 0.01 1 90 0
1422 307.637 7.9613 0.01 1 51 0
1430 310.646 7.92233 0.01 1 91 0
1437 308.83 7.89759 0.01 1 72 0
1440 305.868 7.67677 0.01 1 51 0
1459 309.562 8.27674 0.01 1 72 0
1465 310.615 8.09312 0.01 1 90 0
1475 310.646 7.92233 0.01 1 90 0
1476 311.44 8.09312 0.01 1 90 0
1485 306.205 7.67677 0.01 1 51 0
1487 310.676 8.03503 0.01 1 91 0
1489 308.265 7.9613 0.01 1 51 0
1495 306.416 7.67677 0.01 1 50 0
1527 308.265 7.9613 0.01 1 50 0
1530 309.173 7.91705 0.01 1 72 0
1536 306.416 7.8286 0.01 1 51 0
1541 311.671 7.94784 0.01 1 72 0
1542 309.843 8.07004 0.01 1 72 0
1545 306.587 7.69895 0.01 1 50 0
1550 306.416 7.67677 0.01 1 50 0
1608 310.898 7.99009 0.01 1 90 0
1613 308.265 7.9613 0.01 1 50 0
1648 309.843 8.14781 0.01 1 72 2.05189e-05
1649 311.62 8.03784 0.01 1 90 0
1659 310.957 8.197 0.01 1 72 0
1676 308.939 7.9613 0.01 1 51 0
1710 310.646 7.92233 0.01 1 92 0
1758 307.108 7.64716 0.01 1 51 -0.000515625
1769 312.575 7.97646 0.01 1 90 0
1777 310.284 8.09312 0.01 1 91 0
1781 311.44 8.09312 0.01 1 91 0
1790 311.44 8.09312 0.01 1 90 0
1808 310.898 7.99009 0.01 1 90 0
1821 308.76 7.97256 0.01 1 51 0.000203297
1822 307.098 7.67677 0.01 1 49 0
1825 306.205 7.67677 0.01 1 51 0
1849 308.09 8.02643 0.01 1 50 0
1850 307.108 7.86679 0.01 1 51 0
1879 307.695 7.56348 0.01 1 72 0
1883 307.029 7.67677 0.01 1 51 0
1885 309.447 7.93861 0.01 1 72 0
1891 310.676 7.94552 0.01 1 90 0
1896 309.778 7.83798 0.01 1 72 0
1900 305.863 7.67677 0.01 1 51 0
1903 308.09 7.91787 0.01 1 51 0
1908 308.394 7.70238 0.01 1 72 0
1913 311.639 8.34354 0.01 1 72 0
1926 310.646 7.92233 0.01 1 90 0
1940 309.843 8.07004 0.01 1 72 0
1947 307.108 7.67677 0.01 1 51 0
1974 308.265 7.9613 0.01 1 51 0
1981 310.615 8.09312 0.01 1 90 0
1997 311.44 8.09312 0.01 1 90 0
2008 307.766 7.9146 0.01 1 72 0
2022 307.108 7.67677 0.01 1 51 0
2066 307.538 7.65926 0.01 1 51 -0.0174431
2068 306.205 7.67677 0.01 1 51 0
2076 307.029 7.67677 0.01 1 51 0
2094 311.72 7.67353 0.01 1 72 0
2099 310.646 7.92233 0.01 1 91 0
2104 310.646 7.92233 0.01 1 92 0
2108 306.205 7.67677 0.01 1 49 0
2113 309.445 7.89258 0.01 1 72 0
2118 307.637 7.76675 0.01 1 51 0
2136 310.646 7.97646 0.01 1 90 0
2145 310.248 7.61112 0.01 1 72 0
2153 306.205 7.67677 0.01 1 49 0
2155 308.09 7.91787 0.01 1 51 0
2163 308.873 7.9613 0.01 1 51 0
2166 310.646 7.92233 0.01 1 91 0
2180 307.029 7.67677 0.01 1 51 0
2187 310.646 7.92233 0.01 1 92 0
2190 307.108 7.86679 0.01 1 50 0
2204 306.205 7.67677 0.01 1 50 0
2229 310.676 8.03503 0.01 1 91 0
2258 310.284 8.09312 0.01 1 90 0
2271 306.416 7.8286 0.01 1 50 0
2284 307.108 7.67677 0.01 1 51 0
2286 310.284 8.09312 0.01 1 91 0
2305 306.416 7.8286 0.01 1 51 0
2310 307.637 7.76675 0.01 1 51 0
2325 310.646 7.92233 0.01 1 90 0
2429 312.575 7.97646 0.01 1 90 0
2444 307.108 7.67677 0.01 1 51 0
2479 306.416 7.5569 0.01 1 51 0
2480 307.108 7.67677 0.01 1 50 0
2485 308.83 7.89759 0.01 1 72 0
2534 311.44 8.09312 0.01 1 90 0
2541 305.868 7.67677 0.01 1 51 0
2542 311.088 8.07004 0.01 1 72 0
2569 306.328 7.8286 0.01 1 51 0.00135122
2579 307.611 8.39332 0.01 1 72 -0.00160794
2587 310.676 8.03503 0.01 1 91 0
2599 310.615 8.09312 0.01 1 90 0
2614 306.205 7.67677 0.01 1 51 0
2620 307.637 7.9613 0.01 1 51 0
2623 307.108 7.67677 0.01 1 50 0
2647 309.445 7.89258 0.01 1 72 0
2684 306.609 7.81635 0.01 1 50 0
2698 307.108 7.67677 0.01 1 51 0
2699 307.712 8.06488 0.01 1 72 6.63698e-05
2711 308.873 7.9613 0.01 1 50 0
2722 307.108 7.68825 0.01 1 50 0
2723 310.615 8.09312 0.01 1 90 0
2728 308.265 8.08544 0.01 1 51 0
2731 306.416 7.65112 0.01 1 51 0
2733 310.284 8.09312 0.01 1 91 0
2760 310.03 8.15886 0.01 1 90 -0.00375973
2769 312.814 8.34364 0.01 1 72 0
2771 307.695 8.06488 0.01 1 72 0
2777 310.284 8.09312 0.01 1 91 0
2792 306.699 7.66475 0.01 1 51 0
2796 310.676 8.03503 0.01 1 91 0
2816 308.333 7.85715 0.01 1 72 0
2826 307.637 7.76675 0.01 1 51 0
2837 311.088 8.07004 0.01 1 72 0
2845 311.45 8.0971 0.01 1 72 0
2854 306.789 7.67677 0.01 1 51 0.00496467
2870 309.491 7.78802 0.01 1 72 0
2871 310.646 7.92233 0.01 1 92 0
2903 309.081 8.30083 0.01 1 72 0
2916 305.616 7.67677 0.01 1 50 0
2927 306.609 7.81635 0.01 1 51 0
2957 308.265 7.9613 0.01 1 50 0
2963 309.124 7.85781 0.01 1 72 0
3036 308.265 7.9613 0.01 1 49 0
3040 306.205 7.67677 0.01 1 49 0
3052 310.898 7.99009 0.01 1 92 0
3055 311.44 8.09312 0.01 1 90 0
3075 310.957 8.197 0.01 1 72 0
3085 308.265 7.9613 0.01 1 51 0
3095 306.416 7.8286 0.01 1 51 0
3120 309.68 7.81113 0.01 1 72 0
3122 306.205 7.67677 0.01 1 50 0
3135 306.205 7.67677 0.01 1 49 0
3142 310.392 8.03503 0.01 1 90 0
3147 308.265 7.9613 0.01 1 51 0
3162 310.646 7.92233 0.01 1 92 0
3183 311.671 7.94784 0.01 1 72 0
3202 306.205 7.67677 0.01 1 49 0
3214 307.108 7.67677 0.01 1 49 0
3221 308.09 7.9613 0.01 1 50 0
3227 306.205 7.67677 0.01 1 49 0
3237 311.62 8.03784 0.01 1 90 0
3256 310.957 8.37127 0.01 1 72 0.0002269
3263 307.108 7.67677 0.01 1 51 0
3265 309.617 7.73824 0.01 1 72 0
3272 306.416 7.65926 0.01 1 51 0
3281 310.646 7.92233 0.01 1 92 0
3294 310.284 8.03784 0.01 1 91 0
3329 306.205 7.67677 0.01 1 51 0
3334 307.766 7.9146 0.01 1 72 0
3345 306.205 7.67677 0.01 1 51 0
3349 306.205 7.67677 0.01 1 50 0
3394 310.646 7.92233 0.01 1 92 0
3411 306.416 7.8286 0.01 1 51 0
3426 309.124 7.78332 0.01 1 72 0
3433 305.868 7.67677 0.01 1 50 0
3467 309.883 8.24057 0.01 1 72 0
3470 310.392 8.03503 0.01 1 90 0
3471 312.737 7.96648 0.01 1 90 0
3473 310.676 8.03503 0.01 1 91 0
3475 308.265 7.9613 0.01 1 49 0
3478 309.854 8.23354 0.01 1 72 0
3485 306.416 7.67677 0.01 1 49 0
3487 306.416 7.8286 0.01 1 51 0
3493 307.108 7.67677 0.01 1 51 0
3495 309.081 8.41244 0.01 1 72 0
3512 308.023 7.8496 0.01 1 72 0
3517 309.081 8.41244 0.01 1 72 0
3524 308.333 7.85715 0.01 1 72 0
3535 309.883 8.28426 0.01 1 72 0
3552 310.392 8.03503 0.01 1 90 0
3554 308.265 7.9613 0.01 1 50 0
3570 308.44 7.92233 0.01 1 90 -0.0332074
3578 307.108 7.64619 0.01 1 51 0
3582 308.265 7.9613 0.01 1 49 0
3587 310.248 7.69067 0.01 1 72 0
3588 310.898 7.99009 0.01 1 91 0
3594 311.44 8.09312 0.01 1 90 0
3598 307.029 7.67677 0.01 1 51 0
3605 306.416 7.67677 0.01 1 49 0
3613 306.416 7.67677 0.01 1 50 0
3614 305.868 7.67677 0.01 1 50 0
3622 310.646 7.92233 0.01 1 92 0
3662 310.646 7.92233 0.01 1 91 0
3665 306.416 7.67677 0.01 1 50 0
3669 308.265 7.9613 0.01 1 50 0
3679 306.416 7.65926 0.01 1 51 0
3690 307.108 7.68825 0.01 1 51 0
3703 309.124 7.85781 0.01 1 72 0
3715 306.205 7.67677 0.01 1 51 0
3740 310.957 8.06357 0.01 1 72 0
3743 306.416 7.67677 0.01 1 50 0
3746 310.898 7.99009 0.01 1 91 0
3776 309.843 8.07004 0.01 1 72 0
3782 308.265 7.9613 0.01 1 50 0
3800 308.394 7.70238 0.01 1 72 0
3807 311.44 8.09312 0.01 1 90 0
3815 307.108 7.67677 0.01 1 51 0
3853 308.333 7.85715 0.01 1 72 0
3856 310.615 8.09312 0.01 1 90 0
3862 309.445 7.89258 0.01 1 72 0
3865 310.284 8.15886 0.01 1 90 0
3879 307.108 7.67677 0.01 1 51 0
3907 307.108 7.67677 0.01 1 51 0
3914 310.676 8.03503 0.01 1 91 0
3917 308.118 8.32108 0.01 1 72 0
3920 308.265 7.9613 0.01 1 50 0
3925 311.639 8.34354 0.01 1 72 0
3927 306.416 7.67677 0.01 1 49 0
3946 306.416 7.8286 0.01 1 51 0
3961 308.333 7.85715 0.01 1 72 0
3965 307.108 7.67677 0.01 1 51 0
3969 306.17 7.67677 0.01 1 51 0.000549093
3985 308.265 7.9613 0.01 1 50 0
3990 308.265 7.9613 0.01 1 50 0
4004 308.265 7.9613 0.01 1 51 0
4008 306.205 7.67677 0.01 1 51 0
4011 311.44 8.09312 0.01 1 90 0
4015 308.76 7.9613 0.01 1 51 0
4019 309.447 7.93861 0.01 1 72 0
4046 310.646 7.92233 0.01 1 90 0
4055 305.868 7.67677 0.01 1 51 0
4092 307.665 7.93049 0.01 1 72 0
4104 310.676 8.03503 0.01 1 91 0
4177 310.284 8.15886 0.01 1 90 0
4178 308.265 7.9613 0.01 1 50 0
4195 309.124 7.78332 0.01 1 72 0
4211 310.392 8.03503 0.01 1 90 0
4226 309.68 7.81113 0.01 1 72 0
4255 308.265 7.98965 0.01 1 50 0
4263 306.205 7.67677 0.01 1 51 0
4267 310.898 7.99009 0.01 1 91 0
4286 308.83 7.89759 0.01 1 72 0
4293 310.898 8.04333 0.01 1 90 0
4298 307.029 7.64496 0.01 1 49 0
4306 309.68 8.14311 0.01 1 72 0
4307 306.205 7.67677 0.01 1 50 0
4309 310.898 7.99009 0.01 1 91 0
4311 309.081 8.41244 0.01 1 72 0
4321 308.265 7.9613 0.01 1 51 0
4325 306.416 7.65926 0.01 1 51 0
4333 310.392 8.03503 0.01 1 90 0
4337 310.392 8.03503 0.01 1 90 0
4352 309.124 7.80489 0.01 1 72 0
4357 310.898 7.99009 0.01 1 90 0
4365 305.868 7.67677 0.01 1 51 0
4372 310.646 7.97646 0.01 1 90 0
4383 306.416 7.8286 0.01 1 51 0
4409 306.964 7.9613 0.01 1 49 0
4426 310.646 7.92233 0.01 1 91 0
4431 306.205 7.67677 0.01 1 49 0
4433 306.587 7.67677 0.01 1 50 0
4435 307.108 7.67677 0.01 1 51 0
4513 309.445 7.89258 0.01 1 72 0
4523 308.265 7.9613 0.01 1 51 0
4525 310.957 8.06357 0.01 1 72 0
4526 312.575 7.97646 0.01 1 90 0
4529 310.807 8.28552 0.01 1 72 0
4532 310.646 7.92233 0.01 1 91 0
4542 310.825 7.91321 0.01 1 72 0
4546 310.284 8.09312 0.01 1 91 0
4554 308.09 7.91787 0.01 1 51 0
4559 306.205 7.67677 0.01 1 49 0
4572 310.284 8.09312 0.01 1 91 0
4583 310.284 8.09312 0.01 1 91 0
4594 310.646 7.92233 0.01 1 91 0
4619 307.029 7.64496 0.01 1 49 0
4623 312.737 7.95533 0.01 1 90 0
4641 306.416 7.8286 0.01 1 51 0
4660 307.108 7.67677 0.01 1 51 0
4664 310.284 8.34568 0.01 1 91 0
4666 306.205 7.67677 0.01 1 51 0
4691 310.615 8.09312 0.01 1 91 0
4728 310.284 8.09312 0.01 1 91 0
4735 306.416 7.67677 0.01 1 50 0
4745 308.265 7.9613 0.01 1 50 0
4747 308.265 8.08544 0.01 1 51 0
4749 308.265 7.9613 0.01 1 51 0
4756 305.868 7.67677 0.01 1 51 0
4757 307.108 7.67677 0.01 1 49 0
4759 307.411 7.85949 0.01 1 72 0
4775 306.804 8.39332 0.01 1 72 0
4781 307.695 8.06488 0.01 1 72 0
4804 310.957 8.197 0.01 1 72 0
4823 308.265 7.9613 0.01 1 50 0
4830 310.284 8.34568 0.01 1 91 0
4838 310.615 8.09312 0.01 1 90 0
4847 307.114 7.98066 0.01 1 72 0
4855 308.83 7.95691 0.01 1 72 0
4857 312.274 7.92233 0.01 1 90 0
4903 307.108 7.68825 0.01 1 50 0
4920 310.898 7.99009 0.01 1 91 0
4928 309.617 7.73824 0.01 1 72 0
4930 304.867 7.67677 0.01 1 50 0.00773901
4946 309.765 7.85858 0.01 1 72 0
4950 310.957 8.197 0.01 1 72 0
4957 309.445 7.89258 0.01 1 72 0
4962 306.416 7.8286 0.01 1 51 0
4974 307.108 7.67677 0.01 1 51 0
4989 310.676 8.03503 0.01 1 91 0
5009 307.637 7.9613 0.01 1 49 0
5021 308.265 7.9613 0.01 1 50 0
5041 310.646 7.92233 0.01 1 91 0
5043 310.615 8.09312 0.01 1 90 0
5050 310.284 8.09312 0.01 1 91 0
5058 310.284 8.09312 0.01 1 90 0
5062 307.029 7.67677 0.01 1 51 0
5065 307.637 7.9613 0.01 1 49 0
5068 307.108 7.67677 0.01 1 51 0
5085 308.265 7.9613 0.01 1 49 0
5092 310.646 7.92233 0.01 1 91 0
5095 307.108 7.67677 0.01 1 51 0
5103 307.911 8.02089 0.01 1 72 0
5112 306.205 7.67677 0.01 1 49 0
5125 306.205 7.67677 0.01 1 51 0
5131 307.695 7.56348 0.01 1 72 0
5141 309.445 7.89258 0.01 1 72 0
5156 306.416 7.73461 0.01 1 49 0
5174 309.624 7.9613 0.01 1 50 -0.0181122
5191 308.265 7.9613 0.01 1 50 0
5196 309.502 7.93049 0.01 1 72 0
5199 310.646 7.84305 0.01 1 91 -0.00120785
5204 311.62 8.03784 0.01 1 90 0
5210 309.124 7.78332 0.01 1 72 0
5218 306.609 7.81635 0.01 1 49 0
5236 310.898 7.99009 0.01 1 91 0
5244 312.575 7.97646 0.01 1 91 0
5263 307.695 8.06488 0.01 1 72 0
5302 307.637 7.76675 0.01 1 51 0
5356 306.205 7.67677 0.01 1 50 0
5359 306.205 7.67677 0.01 1 51 0
5370 306.205 7.67677 0.01 1 49 0
5372 305.868 7.67677 0.01 1 51 0
5389 310.825 7.91321 0.01 1 72 0
5403 306.205 7.67677 0.01 1 50 0
5405 307.108 7.86679 0.01 1 51 0
5409 310.646 7.92233 0.01 1 90 0
5437 306.106 7.73636 0.01 1 51 0
5442 307.108 7.67677 0.01 1 50 0
5448 306.416 7.67677 0.01 1 50 0
5468 306.205 7.67677 0.01 1 51 0
5473 310.248 7.69067 0.01 1 72 0
5481 307.695 7.56348 0.01 1 72 0
5502 306.205 7.67677 0.01 1 50 0
5511 306.205 7.67677 0.01 1 51 0
5514 308.265 7.9613 0.01 1 51 0
5518 309.419 7.91233 0.01 1 72 0
5546 306.205 7.67677 0.01 1 51 0
5551 306.205 7.73756 0.01 1 51 0
5561 306.205 7.73756 0.01 1 51 0.000950389
5564 310.646 7.92233 0.01 1 91 0
5579 310.248 7.69067 0.01 1 72 0
5592 309.68 7.81113 0.01 1 72 0
5593 306.416 7.8286 0.01 1 51 0
5610 306.205 7.67677 0.01 1 50 0
5611 310.784 8.13198 0.01 1 90 0
5613 308.265 7.9613 0.01 1 51 0
5650 308.805 7.64366 0.01 1 72 0
5653 307.108 7.67677 0.01 1 51 0
5660 309.445 7.89258 0.01 1 72 0
5671 307.108 7.67677 0.01 1 51 0
5672 310.957 8.197 0.01 1 72 0
5674 309.124 7.61208 0.01 1 72 0
5706 310.284 8.09312 0.01 1 92 0
5710 308.265 7.9613 0.01 1 51 0
5725 309.68 8.14311 0.01 1 72 0
5741 308.265 7.9613 0.01 1 50 0
5776 306.416 7.67677 0.01 1 50 0
5809 309.124 7.80489 0.01 1 72 0
5811 310.284 8.34568 0.01 1 91 0
5853 306.416 7.67677 0.01 1 50 0
5854 307.637 7.9613 0.01 1 51 0
5856 311.44 8.09312 0.01 1 90 0
5857 306.416 7.67677 0.01 1 50 0
5886 309.843 8.07004 0.01 1 72 0
5901 306.205 7.67677 0.01 1 49 0
5908 306.205 7.67677 0.01 1 51 0
5918 312.575 7.97646 0.01 1 91 0
5937 306.416 7.67677 0.01 1 50 0
5958 307.55 7.9613 0.01 1 51 0.0104857
5959 306.205 7.67677 0.01 1 51 0
5987 310.284 8.34568 0.01 1 91 0
6006 308.265 7.9613 0.01 1 50 0
6008 307.029 7.67677 0.01 1 50 0
6015 308.83 8.07297 0.01 1 72 0
6037 310.615 8.09312 0.01 1 90 0
6045 312.737 8.03784 0.01 1 90 0
6063 309.445 7.89258 0.01 1 72 0
6081 307.695 8.06488 0.01 1 72 0
6083 305.3 7.73461 0.01 1 50 0.00612973
6090 307.108 7.67677 0.01 1 51 0
6098 308.265 7.9613 0.01 1 51 0
6101 306.205 7.67677 0.01 1 50 0
6103 307.695 7.56348 0.01 1 72 0
6113 307.108 7.67677 0.01 1 51 0
6121 308.265 7.9613 0.01 1 51 0
6124 306.416 7.67677 0.01 1 50 0
6133 307.029 7.67677 0.01 1 49 0
6205 306.416 7.67677 0.01 1 51 0
6206 307.029 7.67677 0.01 1 51 0
6209 307.695 8.06488 0.01 1 72 0
6212 308.265 7.9613 0.01 1 50 0
6225 312.575 7.97646 0.01 1 90 0
6236 306.416 7.67677 0.01 1 49 0
6255 312.611 8.62724 0.01 1 72 0
6283 307.411 7.85949 0.01 1 72 0
6310 306.205 7.67677 0.01 1 49 0
6329 307.637 7.9613 0.01 1 51 0
6332 307.877 7.9613 0.01 1 51 0
6353 307.637 7.9613 0.01 1 51 0
6369 306.416 7.8286 0.01 1 51 0
6375 307.108 7.68825 0.01 1 51 0
6391 307.419 7.9613 0.01 1 51 0
6396 308.265 7.9613 0.01 1 51 0
6425 306.416 7.67677 0.01 1 49 0
6427 306.416 7.67677 0.01 1 50 0
6432 307.695 8.06488 0.01 1 72 0
6436 307.108 7.67677 0.01 1 50 0
6438 307.108 7.67677 0.01 1 50 0
6461 310.646 7.92233 0.01 1 91 0
6471 309.68 7.83798 0.01 1 72 0
6477 310.957 8.06357 0.01 1 72 0
6487 307.108 7.67677 0.01 1 49 0
6499 309.617 7.73824 0.01 1 72 0
6505 310.392 8.03503 0.01 1 90 0
6525 308.265 7.9613 0.01 1 51 0
6526 306.416 7.8286 0.01 1 51 0
6535 308.394 7.70238 0.01 1 72 0
6549 306.416 7.8286 0.01 1 51 0
6556 306.416 7.65926 0.01 1 51 0
6565 307.695 8.06488 0.01 1 72 0
6578 306.205 7.67677 0.01 1 51 0
6612 306.205 7.67677 0.01 1 51 0
6624 309.445 7.89258 0.01 1 72 0
6635 311.639 8.34354 0.01 1 72 0
6682 307.881 7.86679 0.01 1 50 -0.0113672
6690 311.44 8.09312 0.01 1 90 0
6694 310.646 7.97646 0.01 1 90 0
6705 306.205 7.67677 0.01 1 49 0
6757 311.62 8.03784 0.01 1 90 0
6766 309.562 8.27674 0.01 1 72 0
6768 307.712 8.06488 0.01 1 72 0
6775 307.695 7.56348 0.01 1 72 0
6776 307.695 7.56348 0.01 1 72 0
6796 306.205 7.67677 0.01 1 50 0
6797 309.646 7.9613 0.01 1 51 0
6814 307.695 8.06488 0.01 1 72 0
6826 307.475 8.08544 0.01 1 50 0
6835 308.265 7.9613 0.01 1 51 0
6856 309.883 8.16761 0.01 1 72 0
6858 310.701 8.34582 0.01 1 72 0
6889 307.108 7.67677 0.01 1 51 0
6893 306.416 7.8286 0.01 1 51 0
6894 306.416 7.67677 0.01 1 49 0
6902 308.83 7.89759 0.01 1 72 0
6908 308.265 7.9613 0.01 1 50 0
6925 309.447 7.93861 0.01 1 72 0
6963 310.646 7.92233 0.01 1 90 0
6969 308.265 8.08544 0.01 1 51 0
6989 308.265 8.08544 0.01 1 51 0
7001 306.205 7.67677 0.01 1 51 0
7010 307.884 8.10193 0.01 1 72 0
7030 307.029 7.67677 0.01 1 51 0
7036 310.248 7.69067 0.01 1 72 0
7053 308.118 8.32108 0.01 1 72 0
7060 308.265 7.9613 0.01 1 51 0
7073 306.416 7.8286 0.01 1 51 0
7077 309.883 8.28426 0.01 1 72 0
7086 306.205 7.67677 0.01 1 49 0
7100 306.205 7.67677 0.01 1 50 0
7113 310.284 8.09312 0.01 1 90 0
7121 306.205 7.67677 0.01 1 50 0
7122 307.029 7.67677 0.01 1 51 0
7125 308.76 7.9613 0.01 1 51 0
7146 306.609 7.81635 0.01 1 49 0
7147 306.205 7.72208 0.01 1 50 0
7149 308.499 7.9613 0.01 1 50 0
7153 306.416 7.67677 0.01 1 49 0
7170 306.205 7.67677 0.01 1 51 0
7182 307.419 7.9613 0.01 1 51 0
7189 309.776 8.06995 0.01 1 50 0
7191 310.898 7.99009 0.01 1 92 0
7200 310.615 8.09312 0.01 1 90 0
7216 308.265 7.81518 0.01 1 51 0
7234 308.265 7.98965 0.01 1 50 0
7239 309.447 7.93861 0.01 1 72 0
7242 310.284 8.09312 0.01 1 91 0
7245 312.575 7.97646 0.01 1 91 0
7252 308.265 7.9613 0.01 1 50 0
7255 308.265 7.9613 0.01 1 50 0
7281 309.843 8.07004 0.01 1 72 0
7299 308.265 7.9613 0.01 1 51 0
7307 308.265 7.9613 0.01 1 50 0
7333 306.205 7.67677 0.01 1 49 0
7337 308.265 7.9613 0.01 1 49 0
7389 306.416 7.65926 0.01 1 51 0
7416 311.671 7.94784 0.01 1 72 0
7449 311.639 8.34354 0.01 1 72 0
7454 310.646 7.92233 0.01 1 91 0
7479 311.62 8.14184 0.01 1 90 0.00103626
7487 309.124 7.61208 0.01 1 72 0
7515 308.458 7.92233 0.01 1 91 0
7520 306.205 7.67677 0.01 1 50 0
7533 307.108 7.67677 0.01 1 50 0
7540 305.868 7.67677 0.01 1 51 0
7548 307.029 7.67677 0.01 1 51 0
7589 305.868 7.67677 0.01 1 51 0
7603 310.284 8.09312 0.01 1 90 0
7607 308.09 7.9613 0.01 1 51 0
7620 307.665 7.81635 0.01 1 51 0
7630 309.562 8.27674 0.01 1 72 0
7638 307.108 7.67677 0.01 1 50 0
7640 307.054 7.70238 0.01 1 72 -0.00563011
7643 307.029 7.67677 0.01 1 49 0
7707 306.804 8.39332 0.01 1 72 0
7724 307.108 7.67677 0.01 1 51 0
7727 307.576 7.68825 0.01 1 50 0
7736 310.406 8.07004 0.01 1 72 0
7737 309.617 7.73824 0.01 1 72 0
7745 306.416 7.8286 0.01 1 49 0
7769 309.445 7.89258 0.01 1 72 0
7788 309.883 8.28426 0.01 1 72 0
7812 305.868 7.67677 0.01 1 50 0
7825 310.284 8.03784 0.01 1 90 0
7826 308.83 7.89759 0.01 1 72 0
7872 312.737 8.13023 0.01 1 90 0
7876 308.023 7.8496 0.01 1 72 0
7900 310.898 7.99009 0.01 1 90 0
7941 306.587 7.67677 0.01 1 50 0
7946 307.567 8.0128 0.01 1 72 0
7947 306.416 7.8286 0.01 1 51 0
7956 305.868 7.67677 0.01 1 49 0
7961 308.265 7.9613 0.01 1 49 0
7971 306.205 7.67677 0.01 1 49 0
7994 310.284 8.09312 0.01 1 91 0
8003 307.637 7.9613 0.01 1 51 0
8006 306.404 7.9613 0.01 1 51 0
8009 306.205 7.67677 0.01 1 50 0
8026 308.09 8.02643 0.01 1 50 0.00116292
8047 307.108 7.67677 0.01 1 50 0
8057 306.416 7.8286 0.01 1 51 0
8080 308.265 7.9613 0.01 1 51 0
8082 309.843 8.07004 0.01 1 72 0
8127 311.639 8.34354 0.01 1 72 0
8144 312.575 7.97646 0.01 1 91 0
8152 306.205 7.67677 0.01 1 51 0
8167 309.081 8.07558 0.01 1 72 0
8180 307.637 7.9613 0.01 1 51 0
8194 306.205 7.67677 0.01 1 51 0
8195 310.615 8.09312 0.01 1 90 0
8204 310.284 8.34568 0.01 1 90 0
8229 309.624 7.9613 0.01 1 50 0
8253 308.023 7.8496 0.01 1 72 0
8263 308.83 7.89759 0.01 1 72 0
8332 307.108 7.86679 0.01 1 50 0
8376 308.257 7.67677 0.01 1 49 -0.0300273
8401 306.416 7.67677 0.01 1 51 0
8407 307.108 7.67677 0.01 1 51 0
8410 311.44 8.09312 0.01 1 90 0
8416 309.562 8.27674 0.01 1 72 0
8427 307.505 7.98413 0.01 1 72 0
8449 306.205 7.67677 0.01 1 51 0
8459 307.108 7.67677 0.01 1 49 0
8469 310.646 7.92233 0.01 1 91 0
8493 310.284 8.15886 0.01 1 90 0
8505 311.088 8.07004 0.01 1 72 0
8510 307.029 7.67677 0.01 1 51 0
8518 312.575 7.97646 0.01 1 90 0
8536 306.205 7.67677 0.01 1 51 0
8541 307.108 7.67677 0.01 1 51 0
8548 307.637 7.9613 0.01 1 51 0
8549 308.873 7.9613 0.01 1 50 0
8565 309.447 7.93861 0.01 1 72 0
8570 310.284 8.09312 0.01 1 90 0
8581 310.392 8.03503 0.01 1 90 0
8596 309.068 7.9613 0.01 1 51 0
8597 307.108 7.67677 0.01 1 50 0
8670 306.205 7.67677 0.01 1 51 0
8672 310.392 8.03503 0.01 1 91 0
8682 307.108 7.67677 0.01 1 51 0
8687 310.392 8.03503 0.01 1 90 0
8706 309.199 8.41244 0.01 1 72 -4.65363e-05
8714 306.205 7.67677 0.01 1 51 0
8741 307.108 7.67677 0.01 1 51 0
8748 309.68 7.83798 0.01 1 72 0
8753 306.416 7.67677 0.01 1 50 0
8754 308.333 7.85715 0.01 1 72 0
8762 310.284 8.34568 0.01 1 91 0
8764 308.265 7.9613 0.01 1 50 0
8765 310.898 7.99009 0.01 1 91 0
8772 308.83 7.89759 0.01 1 72 0
8822 306.416 7.67677 0.01 1 50 0
8837 307.637 7.9613 0.01 1 51 0
8863 307.108 7.67677 0.01 1 51 0
8867 308.265 7.9613 0.01 1 50 0
8874 311.652 7.97646 0.01 1 91 -0.0133495
8878 308.333 7.85715 0.01 1 72 0
8888 312.737 7.95533 0.01 1 90 0
8931 305.868 7.67677 0.01 1 50 0
8951 306.205 7.67677 0.01 1 50 0
8972 307.108 7.68825 0.01 1 50 0
8977 306.587 7.67677 0.01 1 51 0
8980 311.44 8.09312 0.01 1 90 0
8982 305.868 7.67677 0.01 1 51 0
8996 310.957 8.197 0.01 1 72 0
9006 310.957 8.06357 0.01 1 72 0
9014 306.587 7.69895 0.01 1 50 0
9025 310.646 7.92233 0.01 1 91 0
9030 308.265 8.08544 0.01 1 51 0
9072 307.108 7.57343 0.01 1 51 0
9078 310.646 7.92233 0.01 1 92 0
9099 309.617 7.73824 0.01 1 72 0
9106 309.445 7.89258 0.01 1 72 0
9121 307.695 7.56348 0.01 1 72 0
9134 312.317 7.94049 0.01 1 72 0
9144 308.09 7.9613 0.01 1 51 0
9182 308.265 8.08544 0.01 1 51 0
9189 309.883 8.28426 0.01 1 72 0
9225 310.284 8.34568 0.01 1 91 0
9230 306.205 7.67677 0.01 1 49 0
9246 308.265 7.9613 0.01 1 50 0
9265 310.615 8.09312 0.01 1 90 0
9267 310.284 8.34568 0.01 1 90 0
9269 306.416 7.8286 0.01 1 51 0
9272 306.416 7.67677 0.01 1 49 0
9276 312.575 7.97646 0.01 1 90 0
9281 306.205 7.67677 0.01 1 51 0
9326 310.392 8.03503 0.01 1 90 0
9330 308.426 8.0128 0.01 1 72 0
9331 308.187 7.93049 0.01 1 72 0
9360 310.615 8.09312 0.01 1 90 0.00373435
9365 306.416 7.65926 0.01 1 51 0
9390 308.265 7.9613 0.01 1 50 0
9398 309.173 7.91705 0.01 1 72 0
9400 309.854 8.23354 0.01 1 72 0
9405 310.284 8.09312 0.01 1 91 0
9410 309.776 8.06995 0.01 1 51 0
9422 306.416 7.67677 0.01 1 50 0
9443 308.265 7.9613 0.01 1 50 0
9444 311.44 8.09312 0.01 1 90 0
9447 310.974 8.2549 0.01 1 72 0
9500 309.68 7.83798 0.01 1 72 0
9530 311.44 8.09312 0.01 1 90 0
9534 306.205 7.67677 0.01 1 51 0
9587 307.029 7.67677 0.01 1 51 0
9599 312.737 8.11668 0.01 1 90 0.000665992
9615 307.108 7.67677 0.01 1 51 0
9626 308.265 7.81518 0.01 1 51 0
9633 305.868 7.67677 0.01 1 50 0
9661 310.248 7.69067 0.01 1 72 0
9670 307.029 7.67677 0.01 1 51 0
9681 307.108 7.67677 0.01 1 49 0
9702 311.44 8.09312 0.01 1 90 0
9703 308.793 8.07742 0.01 1 72 0
9704 308.265 7.9613 0.01 1 50 0
9719 310.898 7.99009 0.01 1 91 0
9761 309.445 7.89258 0.01 1 72 0
9773 309.447 7.93861 0.01 1 72 0
9790 310.898 7.92577 0.01 1 92 0
9794 306.416 7.67677 0.01 1 50 0
9799 309.173 7.91705 0.01 1 72 0
9809 308.265 7.9613 0.01 1 50 0
9815 307.029 7.67677 0.01 1 51 0
9821 305.868 7.67677 0.01 1 49 0
9832 309.883 8.28426 0.01 1 72 0
9837 306.416 7.59294 0.01 1 49 0
9838 310.676 7.94552 0.01 1 90 0
9852 308.265 7.98965 0.01 1 50 0
9902 309.883 8.28426 0.01 1 72 0
9923 306.416 7.67677 0.01 1 50 0
9956 311.088 8.07004 0.01 1 72 0
9958 310.646 7.92233 0.01 1 91 0
9974 310.284 8.19685 0.01 1 90 0
9989 312.575 7.97646 0.01 1 91 0
9992 306.205 7.67677 0.01 1 51 0
9995 307.475 8.08544 0.01 1 50 0.0101646
9996 306.416 7.67677 0.01 1 49 0
10002 310.284 8.09312 0.01 1 91 0
10008 307.637 7.9613 0.01 1 50 0
10012 307.695 8.06488 0.01 1 72 0
10027 311.185 8.34568 0.01 1 91 0
10037 306.205 7.67677 0.01 1 51 0
10050 306.205 7.67677 0.01 1 50 0
10061 311.088 8.07004 0.01 1 72 0
10090 309.124 7.61208 0.01 1 72 0
10116 306.416 7.67677 0.01 1 50 0
10152 304.926 7.67677 0.01 1 51 0.0175267
10176 311.479 7.92233 0.01 1 91 0.0126166
10204 308.499 7.9613 0.01 1 51 -0.00589909
10205 307.029 7.67677 0.01 1 50 0
10209 306.744 8.07742 0.01 1 72 0
10229 306.341 7.9613 0.01 1 50 0
10238 310.898 7.99009 0.01 1 91 0
10240 309.68 8.14311 0.01 1 72 0
10244 312.737 7.96648 0.01 1 90 0
10249 308.333 7.85715 0.01 1 72 0
10278 307.108 7.68825 0.01 1 50 0
10296 306.416 7.67677 0.01 1 51 0
10317 308.265 7.9613 0.01 1 50 0
10318 306.205 7.67677 0.01 1 49 0
10345 308.265 7.9613 0.01 1 51 0
10346 308.265 7.9613 0.01 1 49 0
10357 311.44 8.09312 0.01 1 90 0
10358 310.646 7.92233 0.01 1 91 0
10361 306.205 7.67677 0.01 1 49 0
10367 310.284 8.34568 0.01 1 90 0
10373 307.108 7.67677 0.01 1 51 0
10377 308.265 7.9613 0.01 1 50 0
10412 306.416 7.5569 0.01 1 51 -0.00168449
10414 308.265 7.9613 0.01 1 50 0
10422 310.646 7.92233 0.01 1 91 0
10433 307.411 7.85949 0.01 1 72 0
10437 309.883 8.28426 0.01 1 72 0
10457 310.502 7.56348 0.01 1 72 -0.000943944
10465 308.09 7.9613 0.01 1 51 0
10475 306.416 7.8286 0.01 1 51 0
10482 307.55 7.9613 0.01 1 51 0
10495 306.205 7.67677 0.01 1 51 0
10496 306.98 7.67677 0.01 1 51 0
10514 309.692 7.89548 0.01 1 90 0
10535 308.265 7.9613 0.01 1 51 0
10546 308.76 7.9613 0.01 1 51 0
10553 309.445 7.89258 0.01 1 72 0
10557 308.265 7.9613 0.01 1 49 0
10566 309.883 8.28426 0.01 1 72 0
10573 310.07 7.83798 0.01 1 72 0
10580 306.416 7.67677 0.01 1 51 0
10581 307.108 7.67677 0.01 1 51 0
10583 306.416 7.8286 0.01 1 51 0
10589 306.416 7.8286 0.01 1 51 0
10596 306.416 7.65926 0.01 1 51 0
10639 310.957 8.197 0.01 1 72 0
10643 308.118 8.39332 0.01 1 72 0
10651 308.333 7.85715 0.01 1 72 0
10654 309.124 7.80489 0.01 1 72 0
10691 307.108 7.67677 0.01 1 51 0
10696 307.108 7.67677 0.01 1 51 0
10710 306.205 7.67677 0.01 1 49 0
10725 307.884 8.10193 0.01 1 72 0
10750 307.029 7.67677 0.01 1 51 0
10759 310.898 7.99009 0.01 1 91 0
10761 310.284 8.09312 0.01 1 90 0
10763 306.416 7.67677 0.01 1 50 0
10784 307.637 7.9613 0.01 1 51 0
10821 309.124 7.85781 0.01 1 72 0
10826 306.416 7.67677 0.01 1 49 0
10827 308.265 7.9613 0.01 1 50 0
10849 310.676 7.94552 0.01 1 90 0
10855 312.317 7.94049 0.01 1 72 0
10862 306.416 7.64689 0.01 1 50 -0.000511505
10874 307.695 8.06488 0.01 1 72 0
10876 307.108 7.67677 0.01 1 50 0
10879 310.284 8.09312 0.01 1 91 0
10893 308.265 7.9613 0.01 1 51 0
10911 307.695 7.56348 0.01 1 72 0
10921 307.637 7.76675 0.01 1 51 0
10934 307.884 8.07742 0.01 1 72 0
10935 307.108 7.67677 0.01 1 51 0
10947 306.205 7.67677 0.01 1 49 0
10948 308.265 7.9613 0.01 1 50 0
11042 308.265 7.9613 0.01 1 51 0
11049 306.416 7.67677 0.01 1 49 0
11058 307.637 7.9613 0.01 1 50 0
11067 309.646 7.9613 0.01 1 50 0
11088 309.31 7.67677 0.01 1 50 -0.0334651
11100 310.784 8.13198 0.01 1 90 0
11102 311.44 8.09312 0.01 1 90 0
11105 308.827 7.85419 0.01 1 72 0
11109 308.118 8.39332 0.01 1 72 0
11110 310.615 8.09312 0.01 1 90 0
11112 308.333 7.85715 0.01 1 72 0
11132 308.426 8.0128 0.01 1 72 0
11134 307.637 7.76675 0.01 1 51 0
11165 307.029 7.67677 0.01 1 51 0
11167 307.695 8.06488 0.01 1 72 0
11170 310.284 8.09312 0.01 1 91 0
11185 308.023 7.8496 0.01 1 72 0
11192 309.173 7.91705 0.01 1 72 0
11195 306.416 7.65926 0.01 1 51 0
11214 310.284 8.41894 0.01 1 91 0
11222 305.868 7.67677 0.01 1 51 0
11224 310.676 7.94552 0.01 1 90 0
11271 306.416 7.8286 0.01 1 50 0
11274 312.575 7.97646 0.01 1 91 0
11278 306.205 7.67677 0.01 1 51 0
11303 306.416 7.67677 0.01 1 50 0
11344 310.676 8.03503 0.01 1 91 0
11362 310.248 7.69067 0.01 1 72 0
11368 311.44 8.09312 0.01 1 90 0
11372 306.609 7.81635 0.01 1 51 0
11374 307.766 7.9146 0.01 1 72 0
11389 309.776 8.06995 0.01 1 51 0
11396 306.205 7.67677 0.01 1 49 0
11398 310.327 7.94049 0.01 1 72 0
11409 305.868 7.67677 0.01 1 51 0
11423 310.284 8.09312 0.01 1 90 0
11431 308.333 8.17852 0.01 1 72 0
11454 312.575 7.97646 0.01 1 91 0
11455 306.416 7.67677 0.01 1 50 0
11480 308.09 7.9613 0.01 1 51 0
11481 307.108 7.67677 0.01 1 51 0
11497 305.868 7.67677 0.01 1 51 0
11515 309.445 7.89258 0.01 1 72 0
11518 310.03 8.15886 0.01 1 90 0
11520 308.265 7.9613 0.01 1 50 0
11526 306.416 7.67677 0.01 1 50 0
11539 308.793 8.07742 0.01 1 72 0
11544 307.108 7.67677 0.01 1 51 0
11553 306.416 7.67677 0.01 1 49 0
11594 309.883 8.24057 0.01 1 72 0
11597 311.44 8.09312 0.01 1 90 0
11619 308.265 7.9613 0.01 1 51 0
11622 308.265 7.9613 0.01 1 51 0
11626 310.392 8.03503 0.01 1 90 0
11627 308.265 7.96302 0.01 1 51 3.05101e-05
11638 307.108 7.67677 0.01 1 51 0
11642 309.843 8.07004 0.01 1 72 0
11652 309.883 8.28426 0.01 1 72 0
11692 307.029 7.67677 0.01 1 51 0
11696 312.575 7.97646 0.01 1 91 0
11713 306.416 7.65926 0.01 1 51 0
11727 308.118 8.32108 0.01 1 72 0
11732 310.284 8.09312 0.01 1 90 0
11740 307.419 7.9613 0.01 1 51 0
11741 309.445 7.89258 0.01 1 72 0
11746 311.44 8.09312 0.01 1 90 0
11755 312.941 7.90497 0.01 1 90 0
11762 307.029 7.67677 0.01 1 50 0
11771 307.108 7.68825 0.01 1 50 0
11786 307.108 7.67677 0.01 1 51 0
11802 306.205 7.67677 0.01 1 51 0
11817 309.445 7.89258 0.01 1 72 0
11824 308.265 7.9613 0.01 1 51 0
11826 307.637 7.9613 0.01 1 51 0
11830 307.108 7.67677 0.01 1 50 0
11841 307.108 7.62007 0.01 1 51 0
11847 310.676 7.94552 0.01 1 90 0
11857 306.587 7.67677 0.01 1 50 0
11870 310.898 7.99009 0.01 1 90 0
11873 306.205 7.67677 0.01 1 51 0
11877 306.205 7.67677 0.01 1 51 0
11885 309.883 8.28426 0.01 1 72 0
11886 308.09 7.9613 0.01 1 50 0
11891 306.738 8.27652 0.01 1 72 0
11893 312.575 7.97646 0.01 1 90 0
11911 308.597 8.27652 0.01 1 72 0
11917 308.585 8.15041 0.01 1 72 0
11935 313.245 8.34364 0.01 1 72 -0.00441228
11947 308.76 7.9613 0.01 1 51 0
11949 306.416 7.8286 0.01 1 51 0
11951 310.957 8.197 0.01 1 72 0
11980 307.108 7.67677 0.01 1 51 0
12003 310.284 8.34568 0.01 1 91 0
12008 306.205 7.72208 0.01 1 50 0
12010 310.676 8.03503 0.01 1 91 0
12031 307.108 7.67677 0.01 1 51 0
12041 308.265 7.98965 0.01 1 51 0
12051 308.265 7.81518 0.01 1 51 0
12055 308.187 7.93049 0.01 1 72 0
12056 306.964 7.9613 0.01 1 49 0
12104 310.676 7.94552 0.01 1 90 0
12110 307.637 7.9613 0.01 1 50 0
12122 308.805 7.64366 0.01 1 72 0
12148 311.44 8.09312 0.01 1 90 0
12177 306.205 7.67677 0.01 1 49 0
12190 311.44 8.09312 0.01 1 91 0
12193 310.898 7.99009 0.01 1 92 0
12195 307.108 7.67677 0.01 1 51 0
12196 310.898 7.99009 0.01 1 91 0
12199 309.617 7.73824 0.01 1 72 0
12204 308.83 7.89759 0.01 1 72 0
12212 310.284 8.34568 0.01 1 92 0
12214 309.883 8.28426 0.01 1 72 0
12220 306.416 7.8286 0.01 1 51 0
12228 308.939 7.9613 0.01 1 51 0
12252 306.416 7.8286 0.01 1 51 0
12266 308.265 7.9613 0.01 1 50 0
12274 310.646 7.92233 0.01 1 91 0
12275 308.265 7.9613 0.01 1 51 0
12279 311.652 7.97646 0.01 1 91 0
12299 310.284 8.09312 0.01 1 91 0
12307 306.416 7.8286 0.01 1 51 0
12310 306.205 7.67677 0.01 1 49 0
12323 309.883 8.16761 0.01 1 72 0
12359 310.392 8.03503 0.01 1 91 0
12371 306.416 7.8286 0.01 1 51 0
12374 306.205 7.67677 0.01 1 51 0
12385 311.44 8.09312 0.01 1 90 0
12395 310.392 8.03503 0.01 1 90 0
12396 306.205 7.67677 0.01 1 50 0
12453 307.105 7.89258 0.01 1 72 0
12469 308.394 7.70238 0.01 1 72 0
12484 305.868 7.67677 0.01 1 51 0
12512 308.83 7.89759 0.01 1 72 0
12515 307.108 7.75966 0.01 1 51 0.00142537
12518 309.199 8.41244 0.01 1 72 0
12520 309.562 8.27674 0.01 1 72 0
12533 306.587 7.67677 0.01 1 50 0
12625 306.205 7.67677 0.01 1 49 0
12629 310.701 8.09312 0.01 1 90 0
12646 306.205 7.67677 0.01 1 50 0
12650 306.205 7.67677 0.01 1 50 0
12658 306.416 7.67677 0.01 1 51 0
12660 306.587 7.69895 0.01 1 50 0.000383273
12664 308.265 7.81518 0.01 1 51 0
12678 308.452 8.07224 0.01 1 72 0
12687 307.108 7.67677 0.01 1 51 0
12704 306.416 7.65926 0.01 1 51 0
12705 307.108 7.67677 0.01 1 51 0
12722 311.44 8.09312 0.01 1 90 0
12797 306.416 7.7273 0.01 1 50 0
12825 310.248 7.69067 0.01 1 72 0
12851 310.646 7.92233 0.01 1 91 0
12853 308.191 8.16481 0.01 1 72 0
12856 307.029 7.67677 0.01 1 51 0
12877 310.898 7.99009 0.01 1 91 0
12887 308.09 7.91787 0.01 1 51 0
12903 309.883 8.16761 0.01 1 72 0
12907 305.868 7.67677 0.01 1 51 0
12914 308.265 7.9613 0.01 1 49 0
12915 305.405 7.67677 0.01 1 51 0.015827
12941 306.205 7.67677 0.01 1 49 0
12973 310.974 8.2549 0.01 1 72 0
12974 307.637 7.9613 0.01 1 51 0
12975 306.435 8.07297 0.01 1 72 0
12978 307.637 7.9613 0.01 1 51 0
12989 305.868 7.67677 0.01 1 51 0
13000 311.44 8.09312 0.01 1 90 0
13009 309.124 7.80489 0.01 1 72 0
13038 309.883 8.24057 0.01 1 72 0
13052 309.124 7.78332 0.01 1 72 0
13057 307.766 7.9146 0.01 1 72 0
13087 308.83 7.89759 0.01 1 72 0
13113 304.926 7.67677 0.01 1 51 0
13147 310.392 8.03503 0.01 1 90 0
13156 310.898 7.99009 0.01 1 92 0
13173 309.883 8.27566 0.01 1 72 -2.33948e-06
13211 307.695 7.56348 0.01 1 72 0
13221 305.868 7.67677 0.01 1 51 0
13223 312.575 7.97646 0.01 1 91 0
13224 307.665 7.93049 0.01 1 72 0
13227 310.284 8.09312 0.01 1 90 0
13229 308.187 7.93049 0.01 1 72 0
13239 307.108 7.67677 0.01 1 50 0
13240 307.108 7.86679 0.01 1 51 0
13246 308.333 7.85715 0.01 1 72 0
13249 308.265 7.9613 0.01 1 50 0
13269 306.416 7.67677 0.01 1 50 0
13290 306.416 7.8286 0.01 1 51 0
13297 310.615 8.09312 0.01 1 90 0
13315 307.108 7.68825 0.01 1 50 0
13331 310.825 7.80149 0.01 1 72 -7.92444e-05
13335 310.615 8.09312 0.01 1 91 0
13339 308.35 7.9613 0.01 1 49 -0.00115634
13347 306.416 7.67677 0.01 1 49 0
13357 306.205 7.67677 0.01 1 51 0
13361 307.108 7.67677 0.01 1 50 0
13364 310.646 7.92233 0.01 1 90 0
13368 307.029 7.67677 0.01 1 51 0
13378 310.646 7.92233 0.01 1 91 0
13390 310.646 7.92233 0.01 1 91 0
13397 309.445 7.89258 0.01 1 72 0
13398 311.44 8.09312 0.01 1 90 0
13406 308.265 7.9613 0.01 1 50 0
13435 308.023 7.8496 0.01 1 72 0
13442 306.205 7.72774 0.01 1 49 0.000886962
13493 308.265 7.9613 0.01 1 50 0
13526 306.205 7.67677 0.01 1 50 0
13540 307.108 7.67677 0.01 1 51 0
13562 307.637 7.9613 0.01 1 51 0
13573 306.416 7.67677 0.01 1 49 0
13586 308.265 7.9613 0.01 1 50 0
13607 309.876 8.09312 0.01 1 90 -0.0109834
13621 306.205 7.67677 0.01 1 50 0
13623 306.416 7.67677 0.01 1 50 0
13628 310.957 8.197 0.01 1 72 0
13660 306.416 7.67677 0.01 1 51 0
13669 310.284 8.03784 0.01 1 90 0
13679 310.646 7.92233 0.01 1 92 0
13717 310.284 8.34568 0.01 1 91 0
13723 310.284 8.03784 0.01 1 91 0
13755 312.575 7.97646 0.01 1 91 0
13758 312.611 8.4993 0.01 1 72 0
13772 310.898 7.99009 0.01 1 92 0
13773 308.265 7.9613 0.01 1 50 0
13778 310.701 8.09312 0.01 1 90 0.00616728
13785 308.265 7.9613 0.01 1 50 0
13812 307.108 7.67677 0.01 1 51 0
13836 307.665 7.93049 0.01 1 72 -0.00239915
13837 307.766 7.9146 0.01 1 72 0
13842 306.205 7.67677 0.01 1 51 0
13856 306.205 7.67677 0.01 1 51 0
13885 306.205 7.67677 0.01 1 50 0
13939 307.108 7.62007 0.01 1 51 0
13952 307.029 7.67677 0.01 1 51 0
13960 311.088 8.07004 0.01 1 72 0
13974 308.265 7.9613 0.01 1 50 0
13988 309.883 8.24057 0.01 1 72 0
13991 308.265 7.9613 0.01 1 49 0
13997 308.265 7.9613 0.01 1 49 0
14006 312.575 7.97646 0.01 1 90 0
14011 305.868 7.67677 0.01 1 51 0
14013 309.771 7.82352 0.01 1 51 0
14042 309.843 8.07004 0.01 1 72 0
14057 307.029 7.67677 0.01 1 51 0
14060 310.898 7.99009 0.01 1 90 0
14064 309.883 8.28426 0.01 1 72 0
14082 309.502 7.93049 0.01 1 72 0
14098 306.416 7.67677 0.01 1 49 0
14106 307.475 8.08544 0.01 1 50 0
14123 311.088 8.07004 0.01 1 72 0
14124 306.416 7.8286 0.01 1 51 0
14131 307.108 7.67677 0.01 1 50 0
14167 310.284 8.09312 0.01 1 90 0
14211 310.957 8.197 0.01 1 72 0
14212 311.44 8.09312 0.01 1 90 0
14222 307.108 7.67677 0.01 1 49 0
14238 308.793 8.07742 0.01 1 72 0
14248 306.416 7.67677 0.01 1 49 0
14276 307.108 7.67677 0.01 1 51 0
14279 310.898 7.92577 0.01 1 92 0
14299 308.265 7.9613 0.01 1 50 0
14303 307.108 7.67677 0.01 1 51 0
14317 310.646 7.92233 0.01 1 91 0
14327 309.68 8.14311 0.01 1 72 0
14333 310.392 8.03503 0.01 1 90 0
14338 309.562 8.27674 0.01 1 72 0
14352 308.394 7.70238 0.01 1 72 0
14359 310.957 8.06357 0.01 1 72 0
14406 307.108 7.68825 0.01 1 50 0
14410 307.695 8.06488 0.01 1 72 0
14427 307.108 7.67677 0.01 1 50 0
14443 310.284 8.09312 0.01 1 91 0
14446 306.205 7.67677 0.01 1 51 0
14450 307.108 7.67677 0.01 1 51 0
14462 307.108 7.67677 0.01 1 50 0
14473 306.416 7.67677 0.01 1 50 0
14483 306.587 7.69895 0.01 1 50 0
14496 309.765 7.85858 0.01 1 72 0
14509 306.205 7.75977 0.01 1 51 0.00129386
14542 311.44 8.09312 0.01 1 90 0
14543 310.327 7.94049 0.01 1 72 0
14549 310.646 7.92233 0.01 1 91 0
14552 307.637 7.9613 0.01 1 51 0
14569 307.097 7.67677 0.01 1 50 0
14592 308.265 7.9613 0.01 1 51 0
14593 305.868 7.67677 0.01 1 50 0
14594 306.708 7.67677 0.01 1 51 0.00500597
14595 310.646 7.89548 0.01 1 90 0
14597 307.108 7.86679 0.01 1 51 0
14617 306.205 7.67677 0.01 1 49 0
14631 310.676 7.94552 0.01 1 90 0
14650 309.776 8.06995 0.01 1 51 0
14668 308.118 8.32108 0.01 1 72 0
14672 310.957 8.197 0.01 1 72 0
14683 308.265 7.9613 0.01 1 50 0
14688 308.265 7.81518 0.01 1 51 0
14694 310.392 8.03503 0.01 1 90 0
14704 306.205 7.67677 0.01 1 49 0
14709 307.108 7.67677 0.01 1 51 0
14733 311.639 8.34354 0.01 1 72 0
14736 306.205 7.67677 0.01 1 50 0
14737 308.187 7.93049 0.01 1 72 0
14767 307.695 7.56348 0.01 1 72 0
14771 308.09 7.91787 0.01 1 50 -0.000764661
14779 306.416 7.8286 0.01 1 51 0
14782 306.205 7.67677 0.01 1 51 0
14796 309.081 8.30083 0.01 1 72 0
14816 306.416 7.67677 0.01 1 49 0
14817 311.088 8.07004 0.01 1 72 0
14834 310.825 7.91321 0.01 1 72 0
14841 306.205 7.67677 0.01 1 49 0
14854 305.363 7.67677 0.01 1 50 0
14863 306.609 7.81635 0.01 1 50 0
14879 310.284 8.09312 0.01 1 91 0
14880 306.205 7.67677 0.01 1 51 0
14889 306.416 7.67677 0.01 1 49 0
14896 308.873 7.9613 0.01 1 51 0
14918 310.957 8.197 0.01 1 72 0
14938 310.284 8.34568 0.01 1 91 0
14945 306.738 8.27652 0.01 1 72 0
14948 308.265 7.9613 0.01 1 50 0
14953 307.637 7.9613 0.01 1 51 0
14964 306.054 7.67677 0.01 1 51 0
14971 312.274 7.92233 0.01 1 91 0
14992 306.205 7.67677 0.01 1 51 0
15020 308.265 7.9613 0.01 1 49 0
15027 310.676 8.03503 0.01 1 91 0
15029 307.029 7.67677 0.01 1 51 0
15042 310.701 8.34582 0.01 1 72 0
15068 310.898 7.99009 0.01 1 92 0
15090 308.265 7.9613 0.01 1 50 0
15105 310.957 8.197 0.01 1 72 0
15108 307.029 7.67677 0.01 1 49 0
15125 307.911 8.02089 0.01 1 72 0
15133 307.108 7.67677 0.01 1 51 0
15148 308.265 7.9613 0.01 1 51 0
15162 307.419 7.9613 0.01 1 51 0
15183 312.941 7.90497 0.01 1 90 0
15195 308.12 7.78343 0.01 1 72 0
15202 308.265 7.9613 0.01 1 51 0
15203 311.246 8.34568 0.01 1 91 0.0138012
15237 310.284 8.34568 0.01 1 90 0
15241 309.883 8.28426 0.01 1 72 0
15248 312.737 7.96648 0.01 1 90 0
15267 307.637 7.9613 0.01 1 51 0
15271 306.205 7.67677 0.01 1 49 0
15287 307.576 7.68825 0.01 1 49 -0.00701325
15303 308.394 7.70238 0.01 1 72 0
15317 308.265 7.9613 0.01 1 50 0
15321 306.416 7.8286 0.01 1 51 0
15341 305.868 7.67677 0.01 1 51 0
15344 310.974 8.2549 0.01 1 72 0
15365 307.108 7.73475 0.01 1 51 0
15372 306.205 7.67677 0.01 1 49 0
15373 306.205 7.67677 0.01 1 51 0
15374 306.205 7.67677 0.01 1 51 0
15383 310.784 8.13198 0.01 1 90 0
15389 307.108 7.67677 0.01 1 50 0
15395 307.029 7.67677 0.01 1 51 0
15403 308.023 7.8496 0.01 1 72 0
15404 306.205 7.67677 0.01 1 51 0
15429 310.615 8.09312 0.01 1 90 0
15433 310.646 7.97646 0.01 1 90 0
15435 310.898 7.99009 0.01 1 91 0
15437 308.83 7.89759 0.01 1 72 0
15449 312.737 7.96648 0.01 1 90 0
15484 306.416 7.8286 0.01 1 51 0
15501 310.392 8.03503 0.01 1 90 0
15511 306.205 7.72208 0.01 1 50 0
15541 308.265 7.9613 0.01 1 51 0
15550 310.701 8.34582 0.01 1 72 0
15557 307.108 7.67677 0.01 1 50 0
15558 312.575 7.97646 0.01 1 90 0
15580 310.646 7.92233 0.01 1 91 0
15591 311.088 8.07004 0.01 1 72 0
15593 308.265 8.08544 0.01 1 51 0
15594 307.637 7.9613 0.01 1 50 0
15601 310.646 7.92233 0.01 1 91 0
15603 311.639 8.34354 0.01 1 72 0
15621 309.646 7.9613 0.01 1 51 0
15649 310.646 7.92233 0.01 1 90 0
15654 307.108 7.67677 0.01 1 51 0
15655 309.843 8.07004 0.01 1 72 0
15662 312.737 8.03784 0.01 1 90 0
15700 308.09 8.02643 0.01 1 50 0
15705 306.587 7.67677 0.01 1 50 0
15710 308.265 7.9613 0.01 1 51 0
15721 308.09 7.9613 0.01 1 50 0
15729 308.265 7.9613 0.01 1 50 0
15739 307.108 7.67677 0.01 1 50 0
15749 310.957 8.06357 0.01 1 72 0
15761 308.394 7.70238 0.01 1 72 0
15767 307.505 7.98413 0.01 1 72 0
15774 306.054 7.67677 0.01 1 51 0
15780 306.416 7.67677 0.01 1 51 0
15785 309.445 7.89258 0.01 1 72 0
15798 310.284 8.09312 0.01 1 91 0
15799 307.108 7.67677 0.01 1 51 0
15825 308.118 8.32108 0.01 1 72 0
15837 308.265 7.9613 0.01 1 49 0
15840 308.499 7.9613 0.01 1 51 0
15843 311.088 8.07004 0.01 1 72 0
15856 308.333 7.85715 0.01 1 72 0
15875 308.265 7.9613 0.01 1 50 0
15881 310.248 7.69067 0.01 1 72 0
15885 311.44 8.09312 0.01 1 90 0
15891 306.609 7.81635 0.01 1 49 0
15896 305.868 7.67677 0.01 1 51 0
15912 309.445 7.89258 0.01 1 72 0
15920 307.198 7.70371 0.01 1 49 0
15955 306.205 7.67677 0.01 1 49 0
15962 310.646 7.92233 0.01 1 91 0
15974 310.898 7.99009 0.01 1 91 0
15975 307.108 7.67677 0.01 1 50 0
15991 309.081 8.30083 0.01 1 72 0
16044 307.695 8.06488 0.01 1 72 0
16045 308.265 7.9613 0.01 1 49 0
16067 310.615 8.09312 0.01 1 90 0
16074 309.771 7.82352 0.01 1 51 -0.00254605
16086 307.108 7.67677 0.01 1 51 0
16099 308.265 7.9613 0.01 1 51 0
16111 312.737 7.96648 0.01 1 90 0
16112 308.265 8.08544 0.01 1 51 0
16117 310.898 7.99009 0.01 1 92 0
16124 311.088 8.07004 0.01 1 72 0
16143 307.108 7.67677 0.01 1 51 0
16158 310.615 8.09312 0.01 1 90 0
16162 310.284 8.03784 0.01 1 90 0
16172 310.284 8.09312 0.01 1 90 0
16222 311.639 8.34354 0.01 1 72 0
16224 310.825 7.91321 0.01 1 72 0
16229 309.68 8.14311 0.01 1 72 0
16234 308.12 7.78343 0.01 1 72 0
16236 306.205 7.67677 0.01 1 49 0
16254 310.898 7.99009 0.01 1 91 0
16262 308.265 7.9613 0.01 1 51 0
16277 309.883 8.28426 0.01 1 72 0
16282 308.265 7.9613 0.01 1 50 0
16288 308.265 7.9613 0.01 1 50 0
16301 307.419 7.9613 0.01 1 51 0
16306 305.868 7.67677 0.01 1 51 0
16315 306.416 7.67677 0.01 1 51 0
16324 310.615 8.09312 0.01 1 91 0
16326 307.108 7.67677 0.01 1 51 0
16329 307.215 8.07297 0.01 1 72 0
16333 310.974 8.2549 0.01 1 72 0
16337 312.575 7.97646 0.01 1 91 0
16340 306.205 7.67677 0.01 1 49 0
16350 306.416 7.8286 0.01 1 51 0
16361 311.44 8.09312 0.01 1 90 0
16377 312.737 7.96648 0.01 1 90 0
16379 306.416 7.67677 0.01 1 50 0
16404 308.023 7.8496 0.01 1 72 0
16413 307.695 8.06488 0.01 1 72 0
16430 309.778 7.83798 0.01 1 72 0
16449 310.284 8.09312 0.01 1 91 0
16450 307.695 7.56348 0.01 1 72 0
16467 306.587 7.67677 0.01 1 51 0
16482 309.883 8.24057 0.01 1 72 0
16486 308.394 7.70238 0.01 1 72 0
16516 310.898 7.99009 0.01 1 91 0
