max_pf 110 min_pf 17
individual T0 sigma disp_rate r0 patch_no mut_eff
72 309.457 8.07394 0.01 1 72 0
84 295.237 7.70073 0.01 1 19 0
93 295.237 7.72489 0.01 1 19 0
130 322.412 8.09085 0.01 1 110 0
156 295.237 7.72489 0.01 1 18 0
158 293.862 7.72489 0.01 1 19 0
177 310.361 8.13873 0.01 1 72 0
224 309.457 8.06632 0.01 1 72 0
243 293.862 7.72489 0.01 1 19 0
262 295.237 7.68598 0.01 1 19 0
321 295.237 7.72489 0.01 1 19 0
345 295.237 7.68598 0.01 1 19 0
442 294.717 7.72489 0.01 1 19 0
500 294.456 7.72489 0.01 1 19 0
501 308.247 8.08269 0.01 1 72 0
597 309.338 7.34441 0.01 1 72 -6.3777e-06
606 293.862 7.72489 0.01 1 19 0
642 308.684 7.975 0.01 1 72 0
692 295.237 7.72489 0.01 1 19 0
704 292.336 7.85302 0.01 1 18 0
754 309.216 8.10678 0.01 1 72 0
919 324.339 8.09085 0.01 1 108 0
926 311.285 8.10082 0.01 1 72 0
956 295.237 7.72489 0.01 1 18 0
968 321.32 8.09966 0.01 1 108 0.00469346
969 293.718 7.72489 0.01 1 19 0
1015 295.237 7.72489 0.01 1 18 0
1064 295.102 7.72489 0.01 1 19 0
1071 296.012 7.72489 0.01 1 19 0
1079 295.237 7.66366 0.01 1 18 0
1097 295.237 7.68598 0.01 1 19 0
1123 321.855 8.09085 0.01 1 110 0
1137 295.237 7.68598 0.01 1 19 0
1163 295.237 7.72489 0.01 1 19 0
1178 320.976 8.09966 0.01 1 108 0
1193 295.237 7.72489 0.01 1 17 0
1225 310.361 8.13873 0.01 1 72 0
1234 308.954 8.13895 0.01 1 72 0
1240 310.022 7.6016 0.01 1 72 0
1314 324.339 8.09085 0.01 1 108 0
1320 294.239 7.72489 0.01 1 19 0
1357 295.237 7.72489 0.01 1 18 0
1432 295.237 7.68598 0.01 1 19 0
1449 294.239 7.76107 0.01 1 19 0.000676364
1455 295.237 7.72489 0.01 1 18 0
1555 308.684 7.90941 0.01 1 72 0
1593 295.237 7.70073 0.01 1 19 0
1684 295.237 7.68598 0.01 1 19 0
1831 295.969 7.68598 0.01 1 19 -0.0075516
2003 295.237 7.72489 0.01 1 19 0
2007 295.237 7.68664 0.01 1 18 0
2012 295.237 7.72489 0.01 1 19 0
2017 310.338 7.74521 0.01 1 72 0
2099 309.835 7.80108 0.01 1 72 0
2148 293.718 7.72489 0.01 1 19 0
2191 292.336 7.85302 0.01 1 18 0
2219 295.237 7.72489 0.01 1 19 0
2278 295.237 7.72489 0.01 1 18 0
2297 295.237 7.68598 0.01 1 19 0
2303 295.237 7.72489 0.01 1 19 0
2340 308.935 7.85791 0.01 1 72 0
2384 295.237 7.68664 0.01 1 18 0
2402 308.063 7.79747 0.01 1 72 0
2403 295.237 7.72489 0.01 1 19 0
2413 311.033 7.92321 0.01 1 72 0
2474 293.3 7.72489 0.01 1 17 0
2533 310.744 8.0055 0.01 1 72 0
2548 295.237 7.68598 0.01 1 19 0
2577 295.237 7.72489 0.01 1 19 0
2600 295.237 7.68598 0.01 1 18 0
2635 295.237 7.72489 0.01 1 18 0
2731 308.954 8.13895 0.01 1 72 0
2754 324.339 8.09085 0.01 1 108 0
2764 296.056 7.68672 0.01 1 19 -0.000648227
2773 295.237 7.72489 0.01 1 18 0
2925 295.237 7.72489 0.01 1 19 0
2932 295.237 7.68664 0.01 1 19 0
2953 295.237 7.72489 0.01 1 19 0
2987 295.237 7.72489 0.01 1 19 0
3001 295.237 7.53492 0.01 1 19 -0.0027229
3019 293.3 7.72489 0.01 1 17 0
3022 308.954 8.13895 0.01 1 72 0
3023 309.457 8.07394 0.01 1 72 0
3027 296.049 7.72489 0.01 1 19 -0.00836335
3044 307.536 7.68815 0.01 1 72 0
3079 295.237 7.68598 0.01 1 19 0
3157 295.237 7.72489 0.01 1 19 0
3197 295.237 7.72489 0.01 1 19 0
3220 295.416 7.72489 0.01 1 18 0
3222 295.237 7.72489 0.01 1 19 0
3305 295.237 7.72489 0.01 1 18 0
3312 295.237 7.72489 0.01 1 17 0
3321 295.237 7.72489 0.01 1 19 0
3363 321.187 7.97188 0.01 1 109 -0.000120685
3379 295.237 7.72489 0.01 1 19 0
3386 295.237 7.67765 0.01 1 18 0
3435 294.456 7.72489 0.01 1 19 0
3460 308.903 7.79747 0.01 1 72 0
3475 295.237 7.72489 0.01 1 19 0
3481 324.026 8.09085 0.01 1 108 0
3512 293.862 7.72489 0.01 1 19 0
3515 295.237 7.68598 0.01 1 19 0
3574 293.3 7.72489 0.01 1 17 0
3666 295.237 7.72489 0.01 1 17 0
3705 293.732 7.72489 0.01 1 19 0
3725 307.414 8.08671 0.01 1 72 0
3751 308.684 7.975 0.01 1 72 0
3757 295.237 7.72489 0.01 1 18 0
3771 295.237 7.64163 0.01 1 19 0
3796 309.378 7.80408 0.01 1 72 0
3865 295.237 7.72489 0.01 1 19 0
3897 322.412 8.09085 0.01 1 110 0
4015 295.237 7.72489 0.01 1 17 0
4079 295.237 7.72489 0.01 1 19 0
4228 307.267 8.09603 0.01 1 72 0
4248 293.602 7.69284 0.01 1 18 0
4289 295.237 7.72489 0.01 1 19 0
4292 295.237 7.72489 0.01 1 18 0
4314 309.709 8.0055 0.01 1 72 0
4413 295.237 7.72489 0.01 1 18 0
4414 306.974 7.93002 0.01 1 72 -0.00325325
4458 295.237 7.72489 0.01 1 18 0
4501 295.237 7.68664 0.01 1 18 0
4592 295.237 7.72489 0.01 1 19 0
4601 308.609 7.72891 0.01 1 72 0
4612 295.237 7.68598 0.01 1 19 0
4637 294.093 7.72489 0.01 1 19 0
4650 295.237 7.68598 0.01 1 19 0
4667 295.237 7.72489 0.01 1 19 0
4704 294.456 7.72489 0.01 1 19 0.00949721
4748 307.141 7.7128 0.01 1 72 -0.00517595
4790 293.602 7.69284 0.01 1 18 0
4832 294.717 7.72489 0.01 1 19 0
4853 324.339 8.09085 0.01 1 108 0
4935 295.237 7.72489 0.01 1 17 0
4942 322.296 8.16933 0.01 1 108 0
4974 308.353 7.809 0.01 1 72 0
5010 295.237 7.72489 0.01 1 18 0
5065 293.862 7.72489 0.01 1 19 0
5119 295.237 7.68598 0.01 1 18 0
5186 295.237 7.68598 0.01 1 19 0
5198 324.026 8.09085 0.01 1 108 0
5350 320.976 8.09966 0.01 1 109 0
5355 322.296 8.16933 0.01 1 108 0
5373 295.237 7.72489 0.01 1 18 0
5406 295.237 7.72489 0.01 1 19 0
5440 295.237 7.72489 0.01 1 18 0
5536 295.237 7.72489 0.01 1 17 0
5582 295.237 7.72489 0.01 1 19 0
5583 295.237 7.68598 0.01 1 18 0
5590 295.237 7.72489 0.01 1 19 0
5606 295.237 7.72489 0.01 1 19 0
5624 294.717 7.76163 0.01 1 19 0.000676073
5672 295.237 7.72489 0.01 1 19 0
5726 310.637 8.01034 0.01 1 72 0
5743 295.237 7.68598 0.01 1 18 0
5786 324.339 8.09085 0.01 1 108 0
5877 310.744 7.86506 0.01 1 72 0
5893 295.237 7.68598 0.01 1 19 0
5927 295.237 7.68598 0.01 1 19 0
5982 293.3 7.72489 0.01 1 18 0
5986 311.87 7.93896 0.01 1 72 0
6038 293.159 7.72489 0.01 1 19 0
6051 295.237 7.72489 0.01 1 18 0
6094 295.237 7.72489 0.01 1 18 0
6149 324.339 8.09085 0.01 1 108 0
6192 295.237 7.72489 0.01 1 19 0
6210 295.237 7.72489 0.01 1 18 0
6216 295.237 7.75241 0.01 1 18 0
6230 295.237 7.68598 0.01 1 19 0
6231 307.44 7.83605 0.01 1 72 0
6254 295.237 7.68598 0.01 1 19 0
6276 295.237 7.72489 0.01 1 19 0
6307 295.237 7.72489 0.01 1 17 0
6315 295.237 7.68598 0.01 1 17 0
6360 295.237 7.68664 0.01 1 19 0
6468 295.237 7.72489 0.01 1 19 0
6483 292.336 7.85302 0.01 1 18 0
6507 295.237 7.72489 0.01 1 19 0
6558 322.296 8.16933 0.01 1 108 0
6561 306.812 8.05597 0.01 1 72 0
6571 295.237 7.72489 0.01 1 18 0
6578 311.033 7.92321 0.01 1 72 0
6649 308.247 8.08269 0.01 1 72 0
6654 324.339 8.10263 0.01 1 108 0
6703 292.336 7.85302 0.01 1 19 0
6720 310.744 7.86506 0.01 1 72 0
6746 295.237 7.72489 0.01 1 18 0
6834 295.237 7.72489 0.01 1 19 0
6843 310.741 7.90527 0.01 1 72 0
6854 324.339 8.09085 0.01 1 108 0
6874 295.237 7.72489 0.01 1 19 0
6876 293.602 7.69284 0.01 1 18 0
6886 295.237 7.72489 0.01 1 19 0
6888 324.339 8.10263 0.01 1 108 0
6908 295.237 7.68598 0.01 1 19 0
6922 293.732 7.72489 0.01 1 19 0
7100 295.237 7.72489 0.01 1 18 0
7133 295.237 7.72489 0.01 1 19 0
7139 309.835 7.80108 0.01 1 72 0
7199 310.022 7.6016 0.01 1 72 0
7233 322.296 8.16933 0.01 1 109 0
7271 310.744 7.86506 0.01 1 72 0
7286 295.237 7.75241 0.01 1 17 0
7329 295.237 7.72489 0.01 1 19 0
7357 295.502 7.72489 0.01 1 19 -0.00283539
7390 293.602 7.69284 0.01 1 18 0
7400 295.237 7.68598 0.01 1 19 0
7442 310.744 8.0055 0.01 1 72 0
7504 294.53 7.72489 0.01 1 18 0
7517 308.298 7.45858 0.01 1 72 -0.00067471
7682 295.237 7.72489 0.01 1 18 0
7701 295.237 7.78041 0.01 1 19 0
7708 294.239 7.72489 0.01 1 19 0
7724 295.237 7.72489 0.01 1 19 0
7754 295.237 7.68598 0.01 1 17 0
7787 322.296 8.16933 0.01 1 109 0
7872 311.375 8.10082 0.01 1 72 0
7977 295.237 7.72489 0.01 1 19 0
7981 308.852 7.92942 0.01 1 72 0
7985 305.915 8.17909 0.01 1 72 0
8018 295.237 7.72489 0.01 1 19 0
8115 308.852 7.68815 0.01 1 72 0
8123 307.536 7.68815 0.01 1 72 0
8132 296.056 7.72489 0.01 1 19 0
8139 295.237 7.72489 0.01 1 18 0
8198 295.237 7.72489 0.01 1 19 0
8202 307.536 7.68815 0.01 1 72 0
8244 294.093 7.72489 0.01 1 19 0
8258 324.026 8.09085 0.01 1 108 0
8290 308.504 7.90016 0.01 1 72 -1.74344e-05
8306 293.732 7.72489 0.01 1 19 0
8339 323.833 8.09085 0.01 1 108 0
8375 308.684 7.90941 0.01 1 72 0
8394 295.237 7.816 0.01 1 19 0.00167209
8578 296.398 7.72489 0.01 1 17 -0.00994739
8614 295.237 7.68598 0.01 1 18 0
8708 311.285 8.08261 0.01 1 72 0
8735 320.976 8.09966 0.01 1 108 0
8745 295.237 7.72489 0.01 1 18 0
8835 295.237 7.66366 0.01 1 18 0
8841 292.336 7.85302 0.01 1 18 0
8882 295.237 7.69849 0.01 1 17 0
8890 309.709 8.0055 0.01 1 72 0
8950 307.626 8.12895 0.01 1 72 0
8996 295.237 7.72489 0.01 1 18 0
9027 295.237 7.68598 0.01 1 19 0
9113 307.355 8.34318 0.01 1 72 0
9125 295.237 7.68598 0.01 1 19 0
9157 295.237 7.68598 0.01 1 19 0
9167 294.708 7.72489 0.01 1 18 0
9233 309.242 8.22569 0.01 1 72 0
9234 308.91 7.59498 0.01 1 72 0
9236 295.237 7.72489 0.01 1 18 0
9343 310.338 7.74521 0.01 1 72 0
9344 322.296 8.16933 0.01 1 108 0
9365 308.063 7.79747 0.01 1 72 0
9376 308.954 8.13895 0.01 1 72 0
9415 292.336 7.85302 0.01 1 18 0
9416 295.237 7.68598 0.01 1 17 0
9425 324.026 8.09085 0.01 1 108 -0.00251694
9426 309.835 7.80108 0.01 1 72 0
9434 295.237 7.68664 0.01 1 18 0
9437 295.237 7.72489 0.01 1 19 0
9465 293.862 7.72489 0.01 1 19 0
9497 295.237 7.72489 0.01 1 19 0
9540 308.954 8.15087 0.01 1 72 1.49012e-08
9563 309.835 7.80108 0.01 1 72 0
9628 311.506 7.84477 0.01 1 72 0
9708 295.237 7.69061 0.01 1 19 0
9743 308.684 7.975 0.01 1 72 0
9786 295.237 7.72489 0.01 1 19 0
9787 320.976 8.09966 0.01 1 108 0
9811 308.684 7.975 0.01 1 72 0
9850 292.477 7.85302 0.01 1 18 -0.00196526
9863 295.237 7.72489 0.01 1 19 0
9893 309.835 7.80108 0.01 1 72 0
9949 295.237 7.72489 0.01 1 18 0
10097 295.237 7.72489 0.01 1 19 0
10119 310.361 8.13873 0.01 1 72 0
10124 293.213 7.79818 0.01 1 19 0
10210 295.237 7.84013 0.01 1 19 0
10358 320.976 8.09966 0.01 1 108 0
10398 295.237 7.75804 0.01 1 19 0.000595082
10464 295.237 7.72489 0.01 1 19 0
10484 324.339 8.09085 0.01 1 108 0
10489 310.616 7.92942 0.01 1 72 0
10511 310.503 7.89481 0.01 1 72 0
10552 295.237 7.72489 0.01 1 19 0
10689 294.717 7.72489 0.01 1 19 0
10702 294.717 7.76163 0.01 1 19 0
10705 310.361 8.13873 0.01 1 72 0
10716 294.45 7.7449 0.01 1 19 0.00158769
10809 295.237 7.68664 0.01 1 19 0
10816 295.237 7.72489 0.01 1 18 0
10866 309.457 8.02559 0.01 1 72 0
10913 321.557 8.09966 0.01 1 108 0
10964 295.237 7.72489 0.01 1 19 0
10992 295.237 7.68598 0.01 1 18 0
11003 324.339 8.10263 0.01 1 108 0
11042 295.237 7.72489 0.01 1 18 0
11085 295.237 7.72489 0.01 1 19 0
11294 295.237 7.68598 0.01 1 19 0
11303 310.744 7.86506 0.01 1 72 0
11329 308.445 7.7128 0.01 1 72 0
11330 308.888 7.89481 0.01 1 72 0
11444 309.242 8.22569 0.01 1 72 0
11484 309.673 8.06111 0.01 1 72 0
11493 310.06 7.68815 0.01 1 72 0
11544 295.506 7.69061 0.01 1 19 0
11657 295.237 7.72489 0.01 1 19 0
11804 324.339 8.09085 0.01 1 108 0
11806 293.3 7.72489 0.01 1 17 0
11819 311.375 8.10082 0.01 1 72 0
11842 295.237 7.68598 0.01 1 18 0
11844 295.237 7.72489 0.01 1 17 0
11891 295.237 7.72489 0.01 1 19 0
11911 295.237 7.72489 0.01 1 17 0
11920 293.862 7.72489 0.01 1 19 0
11941 294.708 7.72489 0.01 1 18 0
12055 308.247 8.02189 0.01 1 72 0
12123 295.237 7.68598 0.01 1 19 0
12174 321.785 8.02522 0.01 1 108 0
12206 294.53 7.72489 0.01 1 19 0
12208 309.216 7.95847 0.01 1 72 0
12244 311.285 8.10082 0.01 1 72 0
12252 293.602 7.69284 0.01 1 19 0
12253 295.237 7.72489 0.01 1 19 0
12264 309.421 8.16967 0.01 1 72 0
12293 293.732 7.72489 0.01 1 18 0
12308 295.237 7.68598 0.01 1 17 0
12316 294.093 7.72489 0.01 1 19 0
12329 321.855 8.09085 0.01 1 110 0
12355 322.412 8.09085 0.01 1 110 0
12405 295.237 7.72489 0.01 1 19 0
12474 309.421 8.16967 0.01 1 72 0
12641 311.068 8.13871 0.01 1 72 0.000176221
12647 310.338 7.74521 0.01 1 72 0
12656 324.339 8.09085 0.01 1 108 0
12661 295.237 7.68598 0.01 1 18 0
12696 309.457 8.02559 0.01 1 72 0
12724 311.167 8.0863 0.01 1 72 0
12739 324.339 8.09085 0.01 1 108 0
12764 324.339 8.09085 0.01 1 108 0
12770 295.237 7.72489 0.01 1 19 0
12802 295.237 7.69849 0.01 1 19 0
12820 295.05 7.72489 0.01 1 17 0.00192118
12848 294.239 7.72489 0.01 1 18 0
12871 295.237 7.72489 0.01 1 19 0
12881 295.237 7.72489 0.01 1 19 0
12915 295.237 7.72489 0.01 1 17 0
12958 322.593 8.09085 0.01 1 108 0
12994 295.237 7.72489 0.01 1 18 0
13038 295.237 7.68598 0.01 1 19 0
13051 295.237 7.72489 0.01 1 17 0
13079 322.412 8.09085 0.01 1 110 0
13155 293.862 7.72489 0.01 1 19 0
13180 295.237 7.75804 0.01 1 19 0
13214 310.741 7.90527 0.01 1 72 0
13219 295.237 7.72489 0.01 1 19 0
13233 294.239 7.72489 0.01 1 19 0
13236 295.237 7.68598 0.01 1 18 0
13273 294.093 7.72489 0.01 1 19 0
13278 295.244 7.72489 0.01 1 18 0
13285 309.597 7.68815 0.01 1 72 -0.000562102
13291 308.684 7.975 0.01 1 72 0
13385 293.862 7.72489 0.01 1 19 0
13386 308.504 8.08269 0.01 1 72 0
13395 295.237 7.72489 0.01 1 19 0
13401 308.247 8.08269 0.01 1 72 0
13413 308.445 7.7128 0.01 1 72 0
13416 295.237 7.72489 0.01 1 19 0
13437 295.237 7.72489 0.01 1 19 0
13457 308.063 7.79747 0.01 1 72 0
13545 308.891 7.85515 0.01 1 72 0
13624 309.835 7.80108 0.01 1 72 0
13662 295.237 7.72489 0.01 1 19 0
13735 309.457 8.06632 0.01 1 72 0
13770 295.237 7.72489 0.01 1 19 0
13817 308.954 8.13895 0.01 1 72 0
13838 295.237 7.72489 0.01 1 18 0
13862 294.239 7.72489 0.01 1 18 0
13948 293.3 7.72489 0.01 1 17 0
13971 293.862 7.72489 0.01 1 19 0
14132 295.237 7.68598 0.01 1 19 0
14164 295.237 7.72489 0.01 1 19 0
14217 295.237 7.72489 0.01 1 19 0
14227 310.361 8.10305 0.01 1 72 -2.41995e-05
14267 310.471 7.7128 0.01 1 72 -0.003066
14269 295.237 7.72489 0.01 1 17 0
14284 295.237 7.72489 0.01 1 18 0
14331 295.237 7.68598 0.01 1 19 0
14367 295.237 7.72489 0.01 1 18 0
14383 307.355 8.34318 0.01 1 72 0
14435 295.237 7.5182 0.01 1 18 -0.00291992
14481 295.237 7.72489 0.01 1 18 0
14484 295.237 7.68598 0.01 1 19 0
14512 307.414 8.09603 0.01 1 72 0
14561 295.237 7.72489 0.01 1 19 0
14728 295.237 7.72489 0.01 1 19 0
14770 324.026 8.09085 0.01 1 108 0
14837 293.603 7.85302 0.01 1 19 0
14927 295.237 7.72489 0.01 1 19 0
15018 295.237 7.72489 0.01 1 18 0
15037 311.375 8.10082 0.01 1 72 0
15039 308.954 8.13895 0.01 1 72 0
15054 295.237 7.78041 0.01 1 19 0.000996273
15057 295.237 7.69539 0.01 1 19 0
15066 306.692 8.08269 0.01 1 72 -0.00756848
15067 295.237 7.72489 0.01 1 19 0
15148 295.237 7.70073 0.01 1 19 0
15164 293.603 7.85302 0.01 1 18 0
15171 295.237 7.72489 0.01 1 19 0
15181 295.237 7.72489 0.01 1 17 0
15221 322.393 8.00847 0.01 1 108 0
15260 295.237 7.68598 0.01 1 19 0
15302 295.237 7.68598 0.01 1 19 0
15368 293.732 7.72489 0.01 1 19 0
15399 295.237 7.72489 0.01 1 18 0
15438 295.237 7.68598 0.01 1 19 0
15484 295.237 7.72489 0.01 1 19 0
15491 309.115 8.37658 0.01 1 72 0
15616 295.237 7.68598 0.01 1 19 0
15630 295.237 7.72489 0.01 1 19 0
15639 295.237 7.64163 0.01 1 19 0
15676 295.237 7.72489 0.01 1 19 0
15729 295.237 7.68598 0.01 1 19 0
15858 308.609 7.72891 0.01 1 72 0
16010 295.237 7.72489 0.01 1 19 0
16018 308.954 8.18034 0.01 1 72 2.98023e-08
16107 321.785 8.02522 0.01 1 108 0
16192 295.237 7.72489 0.01 1 19 0
16200 308.063 7.79747 0.01 1 72 0
16221 295.237 7.72489 0.01 1 19 0
16260 295.237 7.72489 0.01 1 19 0
16286 310.06 7.68815 0.01 1 72 0
16335 295.237 7.72489 0.01 1 19 0
16346 295.237 7.66366 0.01 1 19 0
16361 295.237 7.75804 0.01 1 19 0
16413 309.216 7.95847 0.01 1 72 0
16481 295.237 7.72489 0.01 1 19 0
16625 322.296 8.16933 0.01 1 108 0
16646 311.506 7.73367 0.01 1 72 0
16649 324.026 8.09085 0.01 1 108 0
16663 295.237 7.72489 0.01 1 19 0
16676 308.684 7.975 0.01 1 72 0
16701 295.237 7.64408 0.01 1 18 0
16725 309.216 7.95847 0.01 1 72 0
16815 308.684 7.90941 0.01 1 72 0
16861 295.237 7.68664 0.01 1 18 0
16892 307.707 7.7128 0.01 1 72 0
16988 324.026 8.09085 0.01 1 108 0
17007 308.935 7.85791 0.01 1 72 0
17014 308.353 7.809 0.01 1 72 0
17040 308.91 7.59498 0.01 1 72 0
17088 295.237 7.72489 0.01 1 19 0
17372 295.237 7.68598 0.01 1 19 0
17412 309.115 8.37658 0.01 1 72 1.49012e-07
17428 324.026 8.09085 0.01 1 108 0
17458 293.159 7.72489 0.01 1 19 0.0270178
17461 295.237 7.68598 0.01 1 18 0
17503 294.999 7.72489 0.01 1 19 0.00279786
17530 309.705 8.02189 0.01 1 72 0.000109196
17551 293.3 7.72489 0.01 1 17 0
17602 295.237 7.72489 0.01 1 18 0
17607 295.237 7.72489 0.01 1 19 0
17629 292.336 7.85302 0.01 1 18 0
17704 295.237 7.72489 0.01 1 19 0
17706 295.237 7.68664 0.01 1 17 0
17719 295.237 7.68598 0.01 1 19 0
17771 308.063 7.79747 0.01 1 72 0
17780 296.815 7.72489 0.01 1 19 -0.0165172
17838 295.237 7.64408 0.01 1 18 0
17908 322.412 8.09085 0.01 1 109 0
17917 295.237 7.72489 0.01 1 18 0
17920 294.583 7.7449 0.01 1 19 0
17940 295.237 7.68664 0.01 1 19 0
18068 308.247 8.08269 0.01 1 72 0
18123 295.237 7.69849 0.01 1 18 0
18146 295.237 7.68598 0.01 1 19 0
18151 293.732 7.72489 0.01 1 19 0
18197 295.237 7.72489 0.01 1 19 0
18206 293.732 7.66733 0.01 1 19 0
18216 295.237 7.72489 0.01 1 18 0
18234 311.285 8.10082 0.01 1 72 0
18274 307.355 8.34318 0.01 1 72 0
18364 295.237 7.68598 0.01 1 19 0
18383 307.707 7.7128 0.01 1 72 0
18436 295.237 7.79613 0.01 1 19 0.0010277
18456 307.626 8.12895 0.01 1 72 0
18554 295.237 7.68598 0.01 1 18 0
18555 308.753 8.02559 0.01 1 72 0
18571 310.022 7.6016 0.01 1 72 0
18603 320.976 8.09966 0.01 1 109 0
18631 309.835 7.80108 0.01 1 72 0
18646 295.237 7.72489 0.01 1 18 0
18682 311.285 8.10082 0.01 1 72 0
18696 307.44 7.90809 0.01 1 72 0
18716 293.3 7.72489 0.01 1 17 0
18736 309.835 7.80108 0.01 1 72 0
18781 308.852 7.92942 0.01 1 72 0
18850 307.44 7.90809 0.01 1 72 0
18902 295.237 7.72489 0.01 1 17 0
18919 308.684 7.975 0.01 1 72 0
18953 307.536 7.68815 0.01 1 72 0
18987 309.835 7.80108 0.01 1 72 0
19019 295.237 7.68664 0.01 1 19 0
19033 309.709 8.0055 0.01 1 72 0
19123 295.237 7.68664 0.01 1 18 0
19176 308.445 7.7128 0.01 1 72 0.00064826
19215 295.237 7.72489 0.01 1 18 0
19310 295.237 7.72489 0.01 1 18 0
19315 324.339 8.09085 0.01 1 108 0
19324 324.339 8.09085 0.01 1 108 0
19372 306.322 7.91547 0.01 1 72 0.000106841
19388 308.247 8.08269 0.01 1 72 0
19395 306.735 7.6016 0.01 1 72 0
19398 307.355 8.34318 0.01 1 72 0
19484 293.862 7.72489 0.01 1 18 0
19492 295.237 7.68598 0.01 1 19 0
19527 295.237 7.72489 0.01 1 19 0
19530 320.976 8.09966 0.01 1 108 0
19568 308.445 7.7128 0.01 1 72 0
19571 293.3 7.72489 0.01 1 19 0
19583 312.696 8.05031 0.01 1 72 0
19668 295.237 7.68598 0.01 1 19 0
19714 323.833 8.09085 0.01 1 108 0
19733 295.237 7.67765 0.01 1 19 0
19761 309.709 8.0055 0.01 1 72 0
19819 295.237 7.72489 0.01 1 19 0
19846 309.338 7.50709 0.01 1 72 0
19847 308.954 8.13895 0.01 1 72 0
19873 309.457 8.07394 0.01 1 72 3.8296e-06
19942 295.237 7.72489 0.01 1 19 0
19948 311.506 7.75305 0.01 1 72 -0.00022921
19966 295.237 7.68664 0.01 1 18 0
19981 295.237 7.68664 0.01 1 18 0
19993 295.237 7.69849 0.01 1 19 0
20083 320.976 8.09966 0.01 1 109 0
20113 295.237 7.72489 0.01 1 18 0
20186 308.852 7.68815 0.01 1 72 0
20208 295.237 7.72489 0.01 1 19 0
20233 295.237 7.72489 0.01 1 19 0
20311 293.862 7.72489 0.01 1 19 0
20350 307.414 8.08671 0.01 1 72 0
20381 310.741 7.90527 0.01 1 72 0
20396 295.237 7.72489 0.01 1 19 0
20411 295.237 7.68598 0.01 1 18 0
20422 308.954 8.05707 0.01 1 72 0
20452 310.338 7.74521 0.01 1 72 0
20489 310.625 8.02105 0.01 1 72 0
20547 311.167 8.20883 0.01 1 72 0.000204057
20604 307.379 7.79747 0.01 1 72 -0.00281645
20613 294.788 7.68598 0.01 1 18 0.00468216
20659 295.237 7.72489 0.01 1 19 0
20741 295.237 7.68598 0.01 1 18 0
20773 292.336 7.85302 0.01 1 18 0
20860 295.237 7.68664 0.01 1 19 0
20900 324.339 8.09085 0.01 1 108 0
20937 321.237 8.16933 0.01 1 109 0
21015 324.026 8.09085 0.01 1 108 0
21064 295.237 7.68598 0.01 1 19 0
21101 308.063 7.79747 0.01 1 72 0
21115 307.414 8.09603 0.01 1 72 0
21121 295.237 7.68598 0.01 1 19 0
21166 320.976 8.09966 0.01 1 108 0
21286 307.811 7.63111 0.01 1 72 0
21294 320.976 8.09966 0.01 1 109 0
21476 295.237 7.64408 0.01 1 18 0
21579 295.237 7.72489 0.01 1 17 0
21587 309.457 8.06632 0.01 1 72 0
21591 305.915 7.91672 0.01 1 72 -0.000203177
21827 295.237 7.72489 0.01 1 18 0
21829 311.285 8.10082 0.01 1 72 0
21886 293.732 7.72489 0.01 1 19 0
21901 295.237 7.68598 0.01 1 19 0
21908 295.237 7.68598 0.01 1 19 0
21924 309.457 8.02559 0.01 1 72 0
21967 295.237 7.68598 0.01 1 19 0
22007 295.237 7.72489 0.01 1 18 0
22029 311.228 8.13757 0.01 1 72 0
22063 308.353 7.809 0.01 1 72 0
22090 294.239 7.72489 0.01 1 19 0
22144 311.285 7.94848 0.01 1 72 0
22225 307.44 7.90809 0.01 1 72 0
22230 311.033 7.92321 0.01 1 72 0
22237 295.237 7.68598 0.01 1 18 0
22264 308.445 7.7128 0.01 1 72 0
22278 295.237 7.72489 0.01 1 17 0
22284 308.891 7.85515 0.01 1 72 0
22373 322.296 8.16933 0.01 1 108 0
22391 308.954 8.13895 0.01 1 72 0
22507 295.237 7.67413 0.01 1 19 -0.000213206
22527 324.339 8.10263 0.01 1 108 0
22572 308.852 7.68815 0.01 1 72 0
22632 295.237 7.68598 0.01 1 18 0
22633 295.237 7.68598 0.01 1 19 0
22693 309.835 7.80108 0.01 1 72 0
22724 295.237 7.68598 0.01 1 19 0
22792 309.835 7.80108 0.01 1 72 0
22801 322.296 8.16933 0.01 1 108 0
22844 295.237 7.72489 0.01 1 19 0
22914 311.506 7.84477 0.01 1 72 0
22953 295.237 7.72489 0.01 1 19 0
22960 295.237 7.72489 0.01 1 19 0
23019 293.3 7.72489 0.01 1 19 0
23069 294.583 7.7449 0.01 1 19 0
23128 294.239 7.72489 0.01 1 19 0
23142 309.797 7.80108 0.01 1 72 0
23188 309.835 7.80108 0.01 1 72 0
23229 295.237 7.68598 0.01 1 18 0
23271 295.237 7.68598 0.01 1 19 0
23294 295.237 7.68598 0.01 1 19 0
23312 295.237 7.68598 0.01 1 19 0
23346 295.159 7.72489 0.01 1 18 0
23352 308.91 7.59498 0.01 1 72 0
23385 295.237 7.72489 0.01 1 19 0
23403 295.237 7.68598 0.01 1 18 0
23435 295.237 7.72489 0.01 1 19 0
23438 308.609 7.72891 0.01 1 72 0
23448 306.322 7.8199 0.01 1 72 6.4984e-05
23499 295.237 7.75241 0.01 1 17 0.000478767
23515 293.732 7.72489 0.01 1 19 0
23671 295.237 7.72489 0.01 1 18 0
23721 295.237 7.68598 0.01 1 19 0
23740 295.237 7.72489 0.01 1 19 0
23788 295.237 7.72489 0.01 1 19 0
23812 311.285 7.94848 0.01 1 72 0
23858 308.954 8.19813 0.01 1 72 0
23900 311.228 8.13757 0.01 1 72 0
23914 321.785 8.02522 0.01 1 108 0
23933 294.583 7.7449 0.01 1 19 0
23971 295.237 7.72489 0.01 1 19 0
24008 295.237 7.72489 0.01 1 19 0
24040 321.237 8.16933 0.01 1 109 0
24041 308.247 8.02189 0.01 1 72 0
24085 308.684 7.975 0.01 1 72 0
24189 295.237 7.72489 0.01 1 19 0
24213 296.056 7.68672 0.01 1 19 0
24304 308.979 7.68815 0.01 1 72 0
24408 295.237 7.72489 0.01 1 17 0
24417 295.237 7.68598 0.01 1 17 0
24428 295.237 7.68598 0.01 1 18 0
24555 309.216 8.03789 0.01 1 72 0
24640 308.353 7.809 0.01 1 72 0
24651 307.414 8.09603 0.01 1 72 0
24677 324.339 8.09085 0.01 1 108 0
24682 295.237 7.68664 0.01 1 19 0
24697 295.237 7.72489 0.01 1 19 0
24838 295.237 7.68598 0.01 1 18 0
24861 295.237 7.72489 0.01 1 19 0
24874 309.242 8.22569 0.01 1 72 0
24884 295.237 7.72489 0.01 1 19 0
24923 295.237 7.65416 0.01 1 19 0
24991 305.915 7.97484 0.01 1 72 0
24998 309.835 7.80108 0.01 1 72 0
25083 295.237 7.68598 0.01 1 17 0
25110 310.361 8.13873 0.01 1 72 0
25111 295.237 7.72489 0.01 1 17 0
25130 322.393 8.00847 0.01 1 108 0
25155 293.3 7.72489 0.01 1 17 0
25192 321.785 8.02522 0.01 1 108 0
25203 311.068 8.02559 0.01 1 72 0
25268 295.237 7.72489 0.01 1 18 0
25341 295.237 7.68598 0.01 1 18 0
25484 295.237 7.72489 0.01 1 19 0
25574 295.237 7.68598 0.01 1 19 0
25579 307.233 7.79208 0.01 1 72 0
25594 295.237 7.70073 0.01 1 18 0
25632 309.216 8.10678 0.01 1 72 0
25672 309.457 8.06632 0.01 1 72 0
25753 296.056 7.72489 0.01 1 19 -0.00843488
25766 308.445 7.7128 0.01 1 72 0
25800 295.237 7.72489 0.01 1 19 0
25945 307.44 7.90809 0.01 1 72 0
25992 293.862 7.72489 0.01 1 19 0
26006 295.237 7.68598 0.01 1 19 0
26073 295.237 7.72489 0.01 1 18 0
26097 320.976 8.09966 0.01 1 109 0
26176 310.338 7.74521 0.01 1 72 0
26198 307.536 7.68815 0.01 1 72 0
26214 295.237 7.72489 0.01 1 19 0
26251 295.237 7.64408 0.01 1 18 0
26351 295.237 7.72489 0.01 1 19 0
26355 309.694 8.12077 0.01 1 72 0
26386 293.862 7.72489 0.01 1 19 0
26390 307.536 7.68815 0.01 1 72 0
26403 311.727 8.17793 0.01 1 72 0
26413 293.602 7.69284 0.01 1 18 0
26442 295.237 7.68598 0.01 1 18 0
26486 295.237 7.72489 0.01 1 18 0
26493 308.063 7.79747 0.01 1 72 0
26616 295.237 7.68598 0.01 1 19 0
26916 310.361 8.13873 0.01 1 72 0
26928 295.237 7.64163 0.01 1 18 0
26950 308.954 8.13895 0.01 1 72 0
27026 309.694 8.20053 0.01 1 72 -1.93715e-07
27036 295.237 7.68598 0.01 1 19 0
27127 311.375 8.10082 0.01 1 72 0
27192 295.237 7.72489 0.01 1 19 0
27289 295.237 7.84013 0.01 1 19 0
27312 310.361 8.13873 0.01 1 72 0
27336 307.536 7.68815 0.01 1 72 0
27338 308.852 7.68815 0.01 1 72 0
27502 310.022 7.6016 0.01 1 72 0
27582 307.811 7.63111 0.01 1 72 0
27595 324.339 8.09085 0.01 1 108 0
27636 310.315 7.71937 0.01 1 72 0
27690 295.237 7.72489 0.01 1 19 0
27729 307.44 7.90809 0.01 1 72 0
27825 295.237 7.68598 0.01 1 19 0
27858 295.237 7.72489 0.01 1 18 0
27899 295.237 7.72489 0.01 1 18 0
27916 295.237 7.72489 0.01 1 19 0
27942 293.862 7.72489 0.01 1 19 0
27943 324.339 8.09085 0.01 1 108 0
27963 293.3 7.72489 0.01 1 17 0
27977 295.237 7.72489 0.01 1 19 0
28179 294.456 7.72489 0.01 1 19 0
28327 295.237 7.72489 0.01 1 19 0
28372 321.785 8.02522 0.01 1 108 0
28418 295.237 7.68598 0.01 1 19 0
28424 295.237 7.68598 0.01 1 19 0
28586 324.026 8.09085 0.01 1 108 0
28646 294.239 7.72489 0.01 1 19 0
28662 308.753 8.02559 0.01 1 72 0.000228032
28672 295.237 7.68782 0.01 1 19 0.000182956
28753 295.237 7.72489 0.01 1 17 0
28833 311.033 7.92321 0.01 1 72 0
28866 295.237 7.72489 0.01 1 19 0
28887 295.237 7.72489 0.01 1 18 0
28999 296.012 7.72489 0.01 1 19 0
29037 295.237 7.72489 0.01 1 19 0
29048 310.744 8.0055 0.01 1 72 0
29057 294.53 7.72489 0.01 1 18 0
29110 294.583 7.7449 0.01 1 19 0
29140 295.237 7.72489 0.01 1 19 0
29157 306.735 7.6016 0.01 1 72 0
29260 308.445 7.7128 0.01 1 72 0
29314 321.557 8.09966 0.01 1 108 0
29340 295.237 7.72489 0.01 1 19 0
29349 295.237 7.68664 0.01 1 18 0
29380 295.237 7.68598 0.01 1 18 0
29399 309.216 8.10678 0.01 1 72 0
29408 295.237 7.72489 0.01 1 18 0
29469 294.239 7.72489 0.01 1 18 0
29497 295.237 7.68598 0.01 1 19 0
29515 309.421 8.16967 0.01 1 72 0
29525 309.242 8.22569 0.01 1 72 0
29550 294.53 7.72489 0.01 1 19 0
29602 295.237 7.68598 0.01 1 18 0
29620 292.336 7.85302 0.01 1 18 0
29630 321.237 8.16933 0.01 1 109 0
29631 295.237 7.72489 0.01 1 18 0
29691 307.536 7.68815 0.01 1 72 0
29702 295.237 7.72489 0.01 1 18 0
29744 308.91 7.59498 0.01 1 72 0
29777 311.506 7.84477 0.01 1 72 0
29809 294.708 7.72489 0.01 1 18 0
29824 308.247 8.02189 0.01 1 72 0
29880 310.022 7.6016 0.01 1 72 0
29894 307.414 8.08671 0.01 1 72 0
30035 295.237 7.72489 0.01 1 19 0
30092 295.237 7.72489 0.01 1 19 0
30108 293.862 7.72489 0.01 1 19 0
30250 293.3 7.72489 0.01 1 19 0
30256 308.247 8.02189 0.01 1 72 0
30302 308.954 8.13895 0.01 1 72 0
30341 295.237 7.68598 0.01 1 18 0
30366 311.068 8.02559 0.01 1 72 0
30369 310.242 7.72318 0.01 1 72 0
30375 295.237 7.72489 0.01 1 18 0
30431 292.336 7.85302 0.01 1 18 0
30451 309.378 7.80408 0.01 1 72 0
30465 296.012 7.72489 0.01 1 19 0
30471 295.237 7.72489 0.01 1 19 0
30489 324.339 8.09085 0.01 1 108 0
30491 295.237 7.72489 0.01 1 19 0
30522 324.339 8.10263 0.01 1 108 0
30573 309.835 7.80108 0.01 1 72 0
30632 311.375 8.05577 0.01 1 72 0
30635 311.174 8.0863 0.01 1 72 0
30642 295.237 7.72489 0.01 1 18 0
30678 296.053 7.72489 0.01 1 18 -0.0132803
30711 321.187 7.98246 0.01 1 110 0
30741 311.506 7.84477 0.01 1 72 0
30752 311.375 8.10082 0.01 1 72 0
30800 295.237 7.5182 0.01 1 18 0
30803 295.237 7.72489 0.01 1 19 0
30885 295.237 7.72489 0.01 1 18 0
30887 295.237 7.72489 0.01 1 19 0
30897 308.954 8.13895 0.01 1 72 0
30977 295.237 7.72489 0.01 1 19 0
31092 295.237 7.68664 0.01 1 18 0
31370 311.068 8.02559 0.01 1 72 0
31382 295.237 7.68664 0.01 1 19 0
31444 295.092 7.84013 0.01 1 19 0.00160386
31458 295.237 7.72489 0.01 1 19 0
31465 294.239 7.72489 0.01 1 18 0
31474 295.237 7.68664 0.01 1 19 0
31565 308.954 8.04444 0.01 1 72 -9.83477e-07
31575 294.239 7.84404 0.01 1 19 0.00221855
31634 295.237 7.72489 0.01 1 19 0
31652 295.237 7.72489 0.01 1 19 0
31661 292.336 7.85302 0.01 1 19 0
31736 295.237 7.72489 0.01 1 19 0
31755 309.709 8.0055 0.01 1 72 0
31890 309.216 8.10678 0.01 1 72 0
31915 309.797 7.80108 0.01 1 72 0
31923 309.835 7.80108 0.01 1 72 0
31934 293.3 7.72489 0.01 1 17 0
32000 293.603 7.85302 0.01 1 19 0
32009 293.3 7.72489 0.01 1 17 0
32015 308.609 7.72891 0.01 1 72 0
32017 307.811 7.63111 0.01 1 72 0
32040 305.915 7.97484 0.01 1 72 0
32079 308.954 7.94261 0.01 1 72 -1.63913e-07
32081 295.237 7.72489 0.01 1 19 0
32105 294.239 7.72489 0.01 1 19 0
32163 295.237 7.68598 0.01 1 19 0
32228 324.339 8.09085 0.01 1 108 0
32269 308.979 7.68815 0.01 1 72 0
32314 310.503 7.89481 0.01 1 72 0
32326 295.173 7.77805 0.01 1 19 0
32358 295.237 7.65416 0.01 1 19 0
32435 295.237 7.68598 0.01 1 19 0
32483 295.237 7.72489 0.01 1 19 0
32497 295.237 7.72489 0.01 1 19 0
32553 309.216 8.10678 0.01 1 72 0
32596 295.237 7.72489 0.01 1 18 0
32601 309.216 8.10678 0.01 1 72 0
32618 292.336 7.85302 0.01 1 18 0
32655 310.811 8.34825 0.01 1 72 0
32826 309.835 7.80108 0.01 1 72 0
32871 295.237 7.68598 0.01 1 19 0
32958 320.976 8.09966 0.01 1 108 0
32992 295.237 7.72489 0.01 1 18 0
33017 308.954 8.13895 0.01 1 72 0
33046 295.237 7.65416 0.01 1 19 0
33077 310.338 7.74521 0.01 1 72 0
33082 295.237 7.72489 0.01 1 19 0
33117 295.237 7.72489 0.01 1 19 0
33126 295.237 7.68664 0.01 1 19 0
33162 296.123 7.72489 0.01 1 19 0
33220 308.954 8.19813 0.01 1 72 0
33379 295.237 7.72489 0.01 1 19 0
33384 321.32 8.11457 0.01 1 108 0.000140369
33431 295.237 7.65124 0.01 1 19 -0.00132463
33447 295.237 7.72489 0.01 1 19 0
33576 308.063 7.79747 0.01 1 72 0
33599 293.3 7.72489 0.01 1 18 0
33674 310.022 7.6016 0.01 1 72 0
33690 295.237 7.72489 0.01 1 18 0
33691 295.237 7.72489 0.01 1 17 0
33712 311.033 7.92321 0.01 1 72 0
33770 295.237 7.72489 0.01 1 19 0
33812 322.296 8.16933 0.01 1 108 0
33837 308.954 8.13895 0.01 1 72 0
33862 309.797 7.80108 0.01 1 72 0
33902 324.339 8.10263 0.01 1 108 0
33915 311.506 7.84477 0.01 1 72 0
34025 295.237 7.65416 0.01 1 18 0
34063 292.336 7.85302 0.01 1 18 0
34081 295.416 7.61197 0.01 1 18 -0.00193854
34142 295.237 7.72489 0.01 1 19 0
34193 309.242 8.22569 0.01 1 72 0
34209 324.026 8.09085 0.01 1 108 0
34214 324.339 8.09085 0.01 1 108 0
34227 292.336 7.85302 0.01 1 18 0
34234 295.102 7.72489 0.01 1 19 -0.0148458
34258 293.732 7.72489 0.01 1 19 0
34263 295.237 7.68598 0.01 1 19 0
34291 295.237 7.98376 0.01 1 19 0
34303 295.237 7.68598 0.01 1 18 0
34328 295.237 7.68598 0.01 1 19 0
34346 295.237 7.68598 0.01 1 19 0
34348 295.237 7.68598 0.01 1 19 0
34386 295.237 7.72489 0.01 1 19 0
34422 309.709 8.0055 0.01 1 72 0
34462 294.239 7.72489 0.01 1 19 0
34537 307.44 7.90809 0.01 1 72 0
34563 295.237 7.68598 0.01 1 19 0
34647 309.457 8.02559 0.01 1 72 0
34680 294.239 7.72489 0.01 1 19 0
34814 309.835 7.80108 0.01 1 72 0
34837 295.237 7.68598 0.01 1 18 0
34891 295.237 7.72489 0.01 1 18 0
34902 295.237 7.72489 0.01 1 19 0
34983 295.237 7.68664 0.01 1 19 0
35011 295.237 7.72489 0.01 1 19 0
35061 295.237 7.75804 0.01 1 19 0
35094 310.503 7.89481 0.01 1 72 0
35101 311.033 7.92321 0.01 1 72 0
35105 311.727 8.17793 0.01 1 72 0
35108 295.237 7.72489 0.01 1 19 0
35177 310.06 7.68815 0.01 1 72 0
35215 311.068 8.02559 0.01 1 72 0
35239 294.797 7.69061 0.01 1 19 0.00523453
35253 293.732 7.72489 0.01 1 18 0
35266 308.954 8.05707 0.01 1 72 0
35315 292.336 7.85302 0.01 1 18 0
35392 308.063 7.66534 0.01 1 72 -4.95613e-05
35422 324.026 8.09085 0.01 1 108 0
35437 295.237 7.68598 0.01 1 18 0
35452 295.237 7.72489 0.01 1 19 0
35510 310.744 7.86506 0.01 1 72 0
35514 295.237 7.68598 0.01 1 19 0
35586 295.237 7.72489 0.01 1 19 0
35608 308.979 7.68815 0.01 1 72 0
35658 292.336 7.85302 0.01 1 18 0
35691 308.684 7.90941 0.01 1 72 0
35718 295.237 7.68598 0.01 1 19 0
35747 296.012 7.72489 0.01 1 19 0
35763 308.852 7.92942 0.01 1 72 0
35765 295.237 7.78041 0.01 1 19 0
35849 309.242 8.22569 0.01 1 72 0
35890 293.3 7.72489 0.01 1 19 0
35899 295.237 7.72489 0.01 1 19 0
35914 295.237 7.72489 0.01 1 19 0
35941 295.237 7.72489 0.01 1 19 0
35998 292.336 7.85302 0.01 1 18 0
36062 308.445 7.7128 0.01 1 72 0
36063 293.862 7.72489 0.01 1 19 0
36071 308.684 7.90941 0.01 1 72 0
36074 324.339 8.10263 0.01 1 108 0
36105 311.033 7.92321 0.01 1 72 0
36227 295.237 7.73882 0.01 1 19 0
36229 295.237 7.69061 0.01 1 19 0
36231 295.237 7.72489 0.01 1 19 0
36254 324.026 8.09085 0.01 1 108 0
36261 309.835 7.80108 0.01 1 72 0
36373 295.237 7.72489 0.01 1 19 0
36389 295.237 7.68598 0.01 1 19 0
36425 294.239 7.72489 0.01 1 18 0
36433 292.336 7.85302 0.01 1 18 0
36486 295.244 7.72489 0.01 1 18 0
36508 294.239 7.72489 0.01 1 19 0
36572 295.237 7.72489 0.01 1 18 0
36576 295.237 7.68598 0.01 1 19 0
36609 309.694 8.12077 0.01 1 72 0
36614 324.339 8.10263 0.01 1 108 0
36655 305.915 7.97484 0.01 1 72 0
36675 295.244 7.72489 0.01 1 19 0
36693 307.44 7.83605 0.01 1 72 0
36720 324.339 8.09085 0.01 1 108 0
36726 295.244 7.72489 0.01 1 18 -7.74302e-05
36732 294.583 7.7449 0.01 1 19 0
36753 295.237 7.72489 0.01 1 18 0
36771 295.237 7.72489 0.01 1 19 0
36902 295.237 7.72489 0.01 1 19 0
36969 308.891 7.85515 0.01 1 72 0
37122 322.412 8.09085 0.01 1 110 0
37126 294.093 7.72489 0.01 1 19 0
37208 311.655 8.05459 0.01 1 72 0
37364 295.237 7.72489 0.01 1 19 0
37383 295.237 7.68598 0.01 1 19 0
37393 295.237 7.68598 0.01 1 19 0
37430 295.237 7.68598 0.01 1 19 0
37459 295.237 7.68664 0.01 1 19 0
37604 295.237 7.72489 0.01 1 19 0
37612 309.242 8.22569 0.01 1 72 0
37639 295.237 7.72489 0.01 1 19 0
37653 308.888 7.89481 0.01 1 72 0
37672 308.903 7.79747 0.01 1 72 0
37706 295.237 7.68598 0.01 1 19 0
37709 295.237 7.72489 0.01 1 19 0
37710 295.237 7.72489 0.01 1 18 0
37745 295.237 7.64163 0.01 1 19 -0.00149759
37834 308.445 7.7128 0.01 1 72 0
37930 295.237 7.73882 0.01 1 17 0
37943 295.237 7.68598 0.01 1 19 0
37946 324.339 8.09085 0.01 1 108 0
37956 306.735 7.6016 0.01 1 72 0
38008 295.237 7.72489 0.01 1 18 0
38019 305.915 7.97484 0.01 1 72 0
38094 295.237 7.69849 0.01 1 17 0
38098 294.093 7.72489 0.01 1 19 0
38142 309.457 8.02559 0.01 1 72 0
38234 295.237 7.72489 0.01 1 18 0
38235 321.237 8.16933 0.01 1 109 0
38239 310.06 7.68815 0.01 1 72 0
38242 324.339 8.09085 0.01 1 108 0
38367 295.237 7.79577 0.01 1 19 0.00197078
38420 294.239 7.72489 0.01 1 19 0
38430 295.237 7.64408 0.01 1 18 -0.00140648
38461 292.336 7.85302 0.01 1 19 0
38529 320.976 8.09966 0.01 1 108 0
38546 295.237 7.68664 0.01 1 18 0
38593 307.374 7.95693 0.01 1 72 0
38664 295.237 7.72489 0.01 1 18 0
38692 295.237 7.78041 0.01 1 19 0
38781 310.022 7.6016 0.01 1 72 0
38913 295.237 7.78041 0.01 1 19 0
38936 295.237 7.68664 0.01 1 18 0
39071 295.237 7.68598 0.01 1 18 0
39095 293.602 7.69284 0.01 1 19 0
39117 322.296 8.16933 0.01 1 109 0
39165 321.237 8.16933 0.01 1 109 0
39178 295.237 7.70073 0.01 1 19 0
39358 309.673 8.06111 0.01 1 72 0
39410 324.339 8.09085 0.01 1 108 0
39445 295.237 7.72489 0.01 1 19 0
39463 295.237 7.68598 0.01 1 19 0
39467 306.692 8.08269 0.01 1 72 0
39560 294.239 7.72489 0.01 1 19 0
39561 295.237 7.68598 0.01 1 19 0
39586 307.363 8.12895 0.01 1 72 0
39631 322.16 8.16933 0.01 1 108 -0.00162975
39705 294.583 7.7449 0.01 1 19 0
39707 295.237 7.68598 0.01 1 19 0
39712 295.237 7.72489 0.01 1 18 0
39730 295.237 7.72489 0.01 1 19 0
39749 295.237 7.72489 0.01 1 19 0
39836 295.237 7.68598 0.01 1 19 0
39884 311.506 7.84477 0.01 1 72 0
39888 307.44 7.83605 0.01 1 72 0
40098 295.237 7.72489 0.01 1 19 0
40165 295.237 7.72489 0.01 1 17 0
40217 295.237 7.65416 0.01 1 19 0
40266 295.237 7.84013 0.01 1 18 0
40286 295.237 7.72489 0.01 1 17 0
40355 295.237 7.72489 0.01 1 19 0
40547 295.234 7.72489 0.01 1 19 0
40561 294.717 7.72489 0.01 1 19 0
40577 295.237 7.68598 0.01 1 19 0
40652 295.237 7.72489 0.01 1 19 0
40679 306.322 7.8199 0.01 1 72 0
40914 295.237 7.72489 0.01 1 19 0
40925 295.237 7.72489 0.01 1 19 0
40956 295.237 7.72489 0.01 1 19 0
40974 295.237 7.68598 0.01 1 18 0
40994 295.237 7.72489 0.01 1 19 0
41031 295.237 7.72489 0.01 1 18 0
41060 307.323 8.08269 0.01 1 72 0
41077 308.954 8.05707 0.01 1 72 0
41129 295.237 7.72489 0.01 1 19 0
41167 324.339 8.09085 0.01 1 108 0
41177 295.237 7.68598 0.01 1 19 0
41328 295.237 7.68598 0.01 1 19 0
41388 324.339 8.09085 0.01 1 108 0
41415 324.339 8.10263 0.01 1 108 0
41603 295.237 7.72489 0.01 1 18 0
41605 295.237 7.98376 0.01 1 19 0
41637 295.237 7.72489 0.01 1 19 0
41731 295.237 7.72489 0.01 1 18 0
41781 308.063 7.79747 0.01 1 72 0
41791 295.237 7.68598 0.01 1 19 0
41820 311.445 7.86506 0.01 1 72 -0.00454855
41852 293.732 7.72489 0.01 1 18 0
41933 294.53 7.72489 0.01 1 19 0
41961 311.285 8.10082 0.01 1 72 0
41966 295.237 7.72447 0.01 1 19 0
42031 309.457 8.02559 0.01 1 72 0
42083 324.026 8.09085 0.01 1 108 0
42122 295.237 7.73882 0.01 1 19 0
42140 295.237 7.68598 0.01 1 19 0
42187 294.239 7.72489 0.01 1 18 0
42231 295.237 7.68598 0.01 1 19 0
42255 307.414 8.08671 0.01 1 72 0
42283 295.237 7.72489 0.01 1 19 0
42290 295.237 7.72489 0.01 1 19 0
42384 293.603 7.85302 0.01 1 19 0
42445 324.026 8.09085 0.01 1 108 0
42467 295.237 7.72489 0.01 1 18 0
42488 309.457 8.06632 0.01 1 72 0
42490 295.237 7.72489 0.01 1 18 0
42509 324.339 8.09085 0.01 1 108 0
42565 324.026 8.09085 0.01 1 108 0
42686 295.237 7.72489 0.01 1 18 0
42778 295.237 7.72489 0.01 1 19 0
42784 295.237 7.84013 0.01 1 18 0
42796 309.835 7.80108 0.01 1 72 0
42816 308.954 8.13895 0.01 1 72 0
42900 309.338 7.50709 0.01 1 72 0
42905 295.237 7.72489 0.01 1 17 0
42943 295.237 7.72489 0.01 1 19 0
42947 308.852 7.92942 0.01 1 72 0
43001 295.237 7.68664 0.01 1 18 0
43055 295.237 7.84013 0.01 1 19 0
43060 310.361 8.13873 0.01 1 72 0
43089 308.609 7.72891 0.01 1 72 0
43106 295.237 7.72489 0.01 1 19 0
43109 307.44 7.83605 0.01 1 72 0
43116 293.862 7.72489 0.01 1 19 0
43138 295.237 7.68598 0.01 1 19 0
43154 295.237 7.72489 0.01 1 19 0
43171 322.296 8.16933 0.01 1 108 0
43183 321.237 8.16933 0.01 1 109 0
43209 295.237 7.72489 0.01 1 18 0
43252 310.744 7.86506 0.01 1 72 0
43300 295.237 7.72489 0.01 1 19 0
43313 292.336 7.85302 0.01 1 18 0
43401 295.237 7.73882 0.01 1 18 0
43423 295.237 7.72489 0.01 1 18 0
43426 310.637 8.01034 0.01 1 72 0
43429 293.3 7.72489 0.01 1 19 0
43437 295.237 7.72489 0.01 1 19 0
43519 295.237 7.68598 0.01 1 19 0
43546 294.708 7.72489 0.01 1 18 0
43620 295.237 7.72489 0.01 1 19 0
43646 306.182 8.08269 0.01 1 72 0
43660 295.237 7.72489 0.01 1 19 0
43714 309.709 8.0055 0.01 1 72 0
43756 309.835 7.80108 0.01 1 72 0
43757 294.093 7.72489 0.01 1 19 0
43827 295.237 7.72489 0.01 1 18 0
43830 293.862 7.72489 0.01 1 19 0
43860 296.123 7.72489 0.01 1 19 -0.00907964
43882 295.237 7.68598 0.01 1 19 0
43894 307.355 8.34318 0.01 1 72 0
43897 306.182 8.08269 0.01 1 72 0
43945 307.363 8.12895 0.01 1 72 0
44066 308.247 8.08269 0.01 1 72 0
44112 295.237 7.72489 0.01 1 19 0
44125 294.708 7.72489 0.01 1 17 0
44162 320.976 8.14486 0.01 1 108 0
44198 311.375 8.10082 0.01 1 72 0
44208 296.056 7.72489 0.01 1 19 0
44224 310.637 8.01034 0.01 1 72 0
44227 308.954 8.13895 0.01 1 72 0
44235 295.237 7.72489 0.01 1 18 0
44244 293.3 7.72489 0.01 1 19 0
44273 308.353 7.809 0.01 1 72 0
44302 310.361 8.13873 0.01 1 72 0
44397 295.237 7.72489 0.01 1 19 0
44520 295.237 7.72489 0.01 1 19 0
44536 295.237 7.72489 0.01 1 19 0
44566 295.237 7.68598 0.01 1 19 0
44598 295.237 7.72447 0.01 1 19 0
44699 295.237 7.68598 0.01 1 19 0
44703 295.237 7.68664 0.01 1 18 0
44746 295.237 7.72489 0.01 1 19 0
44767 307.414 8.08671 0.01 1 72 0
44776 308.852 7.68815 0.01 1 72 0
44814 309.421 8.16967 0.01 1 72 0
44833 295.237 7.68598 0.01 1 19 0
44836 295.237 7.68598 0.01 1 19 0
44887 295.237 7.72489 0.01 1 19 0
44905 322.412 8.09085 0.01 1 109 0
44913 293.862 7.72489 0.01 1 19 0
44949 307.536 7.68815 0.01 1 72 0
44956 310.338 7.74521 0.01 1 72 0
44959 295.237 7.68598 0.01 1 19 0
44963 295.237 7.72489 0.01 1 18 0
45000 295.237 7.72489 0.01 1 18 0
45137 295.237 7.72489 0.01 1 19 0
45154 307.536 7.68815 0.01 1 72 0
45164 310.06 7.68815 0.01 1 72 0
45214 293.862 7.72489 0.01 1 19 0
45241 295.237 7.72489 0.01 1 18 0
45250 295.237 7.67765 0.01 1 19 -0.000156574
45293 295.237 7.72489 0.01 1 19 0
45364 295.237 7.68598 0.01 1 19 0
45406 295.237 7.72489 0.01 1 19 0
45525 324.339 8.09085 0.01 1 108 0
45530 308.609 7.72891 0.01 1 72 0
45557 311.228 8.13757 0.01 1 72 0
45560 295.237 7.84013 0.01 1 19 0
45564 324.339 8.10263 0.01 1 108 0
45577 294.239 7.72489 0.01 1 19 0
45586 310.338 7.74521 0.01 1 72 0
45593 308.247 8.08269 0.01 1 72 0
45631 295.237 7.68598 0.01 1 18 0
45640 295.237 7.74776 0.01 1 19 0.000410624
45732 311.228 8.13757 0.01 1 72 0
45742 295.237 7.66896 0.01 1 19 -0.00100566
45797 309.068 7.79143 0.01 1 72 0
45799 295.237 7.72489 0.01 1 19 0
45812 295.237 7.68664 0.01 1 18 0
45823 324.339 8.10263 0.01 1 108 0
45858 295.237 7.72489 0.01 1 19 0
45931 324.339 8.09085 0.01 1 108 0
45939 311.506 7.84477 0.01 1 72 0
45972 295.237 7.72489 0.01 1 19 0
46037 310.338 7.74521 0.01 1 72 0
46042 295.237 7.73882 0.01 1 19 0
46058 306.116 7.8482 0.01 1 72 0
46087 293.862 7.72489 0.01 1 19 0
46110 295.237 7.72489 0.01 1 19 0
46157 295.237 7.84013 0.01 1 19 0
46158 308.852 7.92942 0.01 1 72 0
46182 307.44 7.95017 0.01 1 72 0
46187 295.237 7.72489 0.01 1 18 0
46217 295.237 7.72489 0.01 1 19 0
46255 295.237 7.72489 0.01 1 19 0
46282 309.457 8.02559 0.01 1 72 0
46366 295.237 7.72489 0.01 1 18 0
46370 308.353 7.809 0.01 1 72 0
46381 295.237 7.72489 0.01 1 19 0
46421 308.063 7.79747 0.01 1 72 0
46469 295.237 7.72489 0.01 1 19 0
46508 324.339 8.09085 0.01 1 108 0
46642 295.237 7.72489 0.01 1 19 0
46707 295.237 7.72489 0.01 1 19 0
46850 324.339 8.10263 0.01 1 108 0
46855 295.237 7.72489 0.01 1 19 0
46900 295.159 7.72489 0.01 1 17 0.000789404
46928 295.237 7.68598 0.01 1 19 0
46956 309.457 8.02559 0.01 1 72 0
46969 295.237 7.72489 0.01 1 19 0
47111 306.182 8.08269 0.01 1 72 0
47232 295.237 7.72489 0.01 1 18 0
47242 324.339 8.09085 0.01 1 108 0
47268 296.056 7.72489 0.01 1 19 0
47271 320.976 8.09966 0.01 1 108 0
47286 294.239 7.72489 0.01 1 19 0
47315 295.237 7.72489 0.01 1 19 0
47387 295.237 7.72489 0.01 1 19 0
47448 308.852 7.92942 0.01 1 72 0
47486 295.237 7.72489 0.01 1 19 0
47487 295.237 7.72489 0.01 1 19 0
47509 308.445 7.7128 0.01 1 72 0
47514 308.445 7.7128 0.01 1 72 0
47522 295.237 7.72489 0.01 1 19 0
47547 324.026 8.09085 0.01 1 108 0
47660 295.237 7.68598 0.01 1 19 0
47671 306.602 8.37928 0.01 1 72 0
47705 295.237 7.72489 0.01 1 19 0
47720 310.361 8.13873 0.01 1 72 0
47767 295.237 7.72489 0.01 1 18 0
47778 295.84 7.69539 0.01 1 19 -0.0067286
47848 295.237 7.72447 0.01 1 19 0
47879 311.375 8.10082 0.01 1 72 0
47924 309.457 8.02559 0.01 1 72 0
47952 294.093 7.72489 0.01 1 18 0
47991 295.237 7.68598 0.01 1 19 0
48081 295.237 7.68598 0.01 1 19 0
48096 309.421 8.16967 0.01 1 72 0
48276 295.237 7.72489 0.01 1 17 0
48318 324.339 8.10263 0.01 1 108 0
48343 295.237 7.72489 0.01 1 19 0
48375 295.237 7.69849 0.01 1 17 0
48379 322.593 8.09085 0.01 1 108 0
48476 308.247 8.08269 0.01 1 72 0
48523 295.582 7.72489 0.01 1 19 -0.00367489
48532 295.237 7.72489 0.01 1 19 0
48546 324.339 8.09085 0.01 1 108 0
48700 308.954 8.13895 0.01 1 72 0
48785 295.237 7.72489 0.01 1 19 0
48813 310.744 8.0055 0.01 1 72 0
48847 295.237 7.72489 0.01 1 17 0
48920 295.237 7.68598 0.01 1 19 0
48925 295.416 7.72489 0.01 1 18 -0.0187324
48950 310.503 7.89481 0.01 1 72 0
49021 295.237 7.72489 0.01 1 19 0
49067 310.625 8.02105 0.01 1 72 0
49071 308.063 7.79747 0.01 1 72 0
49076 310.242 7.72318 0.01 1 72 0
49129 295.237 7.84013 0.01 1 19 0
49136 295.237 7.72489 0.01 1 18 0
49192 294.583 7.7449 0.01 1 19 0
49209 293.862 7.72489 0.01 1 19 0
49283 324.339 8.09085 0.01 1 108 0
49303 293.3 7.72489 0.01 1 17 0
49353 295.237 7.72489 0.01 1 17 0
49377 308.294 7.63066 0.01 1 72 5.87404e-05
49378 295.237 7.72489 0.01 1 19 0
49385 292.336 7.85302 0.01 1 18 0
49405 295.237 7.72489 0.01 1 19 0
49470 295.237 7.72489 0.01 1 17 0
49514 295.237 7.72489 0.01 1 19 0
49570 295.237 7.72489 0.01 1 19 0
49719 310.022 7.6016 0.01 1 72 0
49852 295.237 7.72489 0.01 1 18 0
49869 321.187 7.98246 0.01 1 109 0
49875 307.414 8.08671 0.01 1 72 0
49977 309.242 8.11903 0.01 1 72 0
50010 306.116 7.8482 0.01 1 72 0
50014 310.625 8.02706 0.01 1 72 0
50044 293.3 7.72489 0.01 1 17 0
50046 324.339 8.09085 0.01 1 108 0
50083 307.374 7.95693 0.01 1 72 0
50095 322.412 8.09085 0.01 1 110 0
50118 310.741 7.90527 0.01 1 72 0
50154 293.3 7.72489 0.01 1 17 0
50157 308.954 8.13895 0.01 1 72 0
50216 293.862 7.72489 0.01 1 19 0
50218 294.456 7.72489 0.01 1 19 0
50219 311.228 8.13757 0.01 1 72 0
50220 322.412 8.09085 0.01 1 110 0
50260 295.237 7.72489 0.01 1 19 0
50279 308.684 7.975 0.01 1 72 0
50292 308.684 7.975 0.01 1 72 0
50311 294.174 7.76163 0.01 1 19 0.00654638
50325 295.237 7.68598 0.01 1 19 0
50340 310.022 7.6016 0.01 1 72 0
50358 307.44 7.90809 0.01 1 72 0
50407 295.237 7.78436 0.01 1 19 0.00047189
50418 309.216 8.10678 0.01 1 72 0
50443 295.237 7.68598 0.01 1 18 0
50444 321.187 7.98246 0.01 1 109 0
50446 321.855 8.09085 0.01 1 110 0
50477 311.445 7.86506 0.01 1 72 0
50543 295.237 7.84013 0.01 1 19 0
50554 294.093 7.72489 0.01 1 19 0
