max_pf 97 min_pf 42
individual T0 sigma disp_rate r0 patch_no mut_eff
30 313.183 7.76438 0.01 1 95 0
57 302.97 7.97277 0.01 1 44 0
92 304.028 7.97277 0.01 1 44 0
131 310.555 8.28407 0.01 1 72 0
135 313.408 7.47026 0.01 1 95 0
195 308.543 7.92125 0.01 1 72 0
207 305.184 7.98754 0.01 1 44 0
216 310.987 7.51631 0.01 1 72 0
223 301.556 7.97277 0.01 1 43 0
226 309.913 8.08016 0.01 1 72 0
227 302.97 8.03107 0.01 1 43 0
250 305.184 7.93586 0.01 1 44 -0.000931337
259 305.184 7.98754 0.01 1 44 0
266 311.171 8.08016 0.01 1 72 0
311 310.082 8.22699 0.01 1 72 0
327 313.408 7.88584 0.01 1 95 0
361 302.97 7.97277 0.01 1 44 0
372 301.556 7.97277 0.01 1 43 0
377 309.579 8.09444 0.01 1 72 0
405 313.408 7.72878 0.01 1 95 0
428 308.543 7.92125 0.01 1 72 0
429 309.143 8.29339 0.01 1 72 0
448 309.913 8.08016 0.01 1 72 0
458 302.97 7.97277 0.01 1 44 0
514 305.184 7.98754 0.01 1 44 0
517 313.408 7.76438 0.01 1 95 0
549 301.556 7.97277 0.01 1 43 0
555 308.543 7.99533 0.01 1 72 0
556 305.482 7.97277 0.01 1 44 0
563 306.469 7.97277 0.01 1 44 -0.0131141
568 305.184 7.98754 0.01 1 44 0
575 305.184 7.98754 0.01 1 43 0
576 305.482 7.97277 0.01 1 43 0
578 305.017 7.98754 0.01 1 44 0
596 305.482 7.97277 0.01 1 43 0
601 305.482 7.97277 0.01 1 44 0
605 305.482 7.97277 0.01 1 44 0
615 305.482 7.97277 0.01 1 44 0
635 305.482 7.97277 0.01 1 43 0
656 303.09 7.96292 0.01 1 43 0
661 313.408 7.72878 0.01 1 95 0
674 313.408 7.72878 0.01 1 95 0
683 304.046 7.85069 0.01 1 44 0
699 305.184 7.98754 0.01 1 44 0
703 309.159 8.00326 0.01 1 72 0
716 305.017 7.97277 0.01 1 44 0
723 313.516 7.70972 0.01 1 95 -0.000266731
744 306.398 7.98754 0.01 1 44 0
771 314.729 7.88584 0.01 1 95 0
795 308.386 8.05494 0.01 1 72 0
806 309.159 8.00326 0.01 1 72 0
810 305.482 7.97277 0.01 1 43 0
817 305.482 7.97277 0.01 1 44 0
863 313.408 7.72878 0.01 1 97 0
870 309.824 7.63598 0.01 1 72 0
871 302.97 7.97277 0.01 1 44 0
876 313.408 7.76438 0.01 1 95 0
905 304.028 7.97277 0.01 1 44 0
912 302.97 7.97277 0.01 1 44 0
918 309.579 8.09444 0.01 1 72 0
928 313.408 7.72878 0.01 1 95 0
937 304.696 7.98754 0.01 1 42 0
978 302.97 8.06623 0.01 1 44 0
983 301.556 7.97277 0.01 1 43 0
1031 305.184 7.98754 0.01 1 42 0
1044 302.97 7.97277 0.01 1 44 0
1055 305.482 7.97277 0.01 1 44 0
1059 305.184 7.98754 0.01 1 44 0
1077 301.556 7.86334 0.01 1 43 -0.00146626
1092 306.176 7.92357 0.01 1 43 -0.00894616
1143 310.371 8.14969 0.01 1 72 0
1161 308.926 7.52247 0.01 1 72 0
1168 308.926 7.61605 0.01 1 72 0
1176 313.408 7.72878 0.01 1 95 0
1197 310.987 7.51631 0.01 1 72 0
1199 301.556 7.97277 0.01 1 42 0
1218 305.482 7.92357 0.01 1 44 0
1222 309.159 8.06108 0.01 1 72 0
1237 305.482 7.96469 0.01 1 44 0
1240 308.161 8.00326 0.01 1 72 0
1245 305.184 7.98754 0.01 1 44 0
1271 301.556 7.97277 0.01 1 43 0
1291 301.556 7.97277 0.01 1 43 0
1324 308.499 7.88788 0.01 1 72 0
1326 310.082 8.22699 0.01 1 72 0
1332 305.482 7.97277 0.01 1 44 0
1335 305.482 7.96469 0.01 1 44 0
1341 305.017 7.97277 0.01 1 44 0
1342 305.184 7.98754 0.01 1 44 0
1360 305.184 7.98754 0.01 1 44 0
1370 302.97 7.97277 0.01 1 43 0
1376 305.482 7.92357 0.01 1 44 0
1396 302.97 7.97277 0.01 1 43 0
1447 304.046 7.75791 0.01 1 44 0
1459 302.97 7.97277 0.01 1 43 0
1464 305.184 7.98754 0.01 1 44 0
1481 305.482 7.92357 0.01 1 43 0
1528 305.184 7.98754 0.01 1 44 0
1556 305.482 7.91908 0.01 1 44 0
1557 305.482 7.97277 0.01 1 43 0
1563 311.171 8.08016 0.01 1 72 -0.00577979
1606 301.556 7.97277 0.01 1 43 0
1636 309.159 8.06108 0.01 1 72 0
1639 313.183 7.76438 0.01 1 95 0
1702 305.482 7.97277 0.01 1 44 0
1760 301.556 7.97277 0.01 1 43 0
1774 310.555 8.28407 0.01 1 72 0
1796 313.408 7.76438 0.01 1 95 0
1798 305.482 7.97277 0.01 1 44 0
1837 305.184 7.98754 0.01 1 43 0
1846 301.556 7.97277 0.01 1 43 0
1854 309.159 8.00326 0.01 1 72 0
1872 308.543 7.99533 0.01 1 72 0
1911 305.184 7.98754 0.01 1 44 0
1914 309.159 8.06108 0.01 1 72 0
1950 309.579 7.95845 0.01 1 72 0
1982 307.732 7.67955 0.01 1 72 0
2000 302.97 7.97277 0.01 1 44 0
2028 306.492 7.97277 0.01 1 44 0
2031 308.926 7.61605 0.01 1 72 0
2045 302.97 7.97277 0.01 1 44 0
2051 309.579 8.09444 0.01 1 72 0
2088 305.482 7.97277 0.01 1 43 0
2095 310.354 7.87521 0.01 1 72 0
2117 309.824 7.63598 0.01 1 72 0
2122 311.635 7.7639 0.01 1 72 0
2128 302.97 7.97277 0.01 1 44 0
2167 309.085 8.22254 0.01 1 72 0
2169 304.028 7.97277 0.01 1 44 0
2287 310.849 8.1581 0.01 1 72 -9.84967e-05
2350 310.555 8.28407 0.01 1 72 0
2358 305.184 7.98754 0.01 1 42 0
2374 313.408 7.72878 0.01 1 97 0
2394 311.242 7.64361 0.01 1 72 0
2395 305.184 7.98754 0.01 1 44 0
2428 310.082 7.94526 0.01 1 72 0
2442 302.97 7.97277 0.01 1 44 0
2459 309.325 7.61518 0.01 1 72 0
2477 305.482 7.96047 0.01 1 44 0
2491 311.242 7.64361 0.01 1 72 0
2535 301.556 7.97277 0.01 1 43 0
2540 313.314 7.76438 0.01 1 95 0.00202557
2545 305.184 7.98754 0.01 1 44 0
2559 305.184 7.98754 0.01 1 44 0
2567 302.97 7.97277 0.01 1 44 0
2568 305.482 7.97277 0.01 1 44 0
2575 309.159 8.00326 0.01 1 72 0
2583 313.408 7.76438 0.01 1 95 0
2587 302.97 7.97277 0.01 1 44 0
2590 310.555 8.28407 0.01 1 72 0
2652 310.668 7.9797 0.01 1 72 0
2657 305.482 8.03351 0.01 1 44 0
2661 302.97 7.97277 0.01 1 43 0
2663 308.543 7.99533 0.01 1 72 0
2669 302.97 7.97277 0.01 1 44 0
2671 302.97 7.97277 0.01 1 44 0
2673 308.782 7.63878 0.01 1 72 0
2684 302.97 7.97277 0.01 1 44 0
2686 309.995 7.98044 0.01 1 72 0
2688 302.97 7.97277 0.01 1 43 0
2700 310.082 8.22699 0.01 1 72 0
2715 313.577 7.9062 0.01 1 95 0
2718 306.575 7.97277 0.01 1 44 0
2729 304.046 7.96292 0.01 1 44 0
2744 310.082 8.22699 0.01 1 72 0
2749 310.354 7.87521 0.01 1 72 0
2767 308.009 8.01677 0.01 1 72 0
2801 305.482 7.97277 0.01 1 43 0
2812 313.408 7.66015 0.01 1 96 0
2816 305.482 7.97277 0.01 1 43 0
2823 310.082 8.22699 0.01 1 72 0
2825 302.97 7.97277 0.01 1 42 0
2872 302.97 7.97277 0.01 1 44 0
2911 308.926 7.52247 0.01 1 72 0
2922 310.555 8.28407 0.01 1 72 0
2965 307.72 8.09444 0.01 1 72 0
2969 302.97 8.06623 0.01 1 44 0
2983 309.913 8.08016 0.01 1 72 0
2984 310.371 8.14969 0.01 1 72 0
3006 305.482 7.92357 0.01 1 44 0
3022 305.482 7.97277 0.01 1 43 0
3034 301.556 7.97277 0.01 1 43 0
3037 313.183 7.76438 0.01 1 95 0
3044 301.556 7.97277 0.01 1 42 0
3066 309.579 8.09444 0.01 1 72 0
3083 311.171 8.08016 0.01 1 72 0
3088 308.161 8.00326 0.01 1 72 0
3101 314.611 7.72878 0.01 1 97 0.0187107
3114 305.184 7.98754 0.01 1 44 0
3139 305.184 7.93401 0.01 1 43 0
3156 302.97 7.97277 0.01 1 44 0
3160 308.383 7.94144 0.01 1 72 0
3161 301.556 7.97277 0.01 1 43 0
3162 310.199 8.18704 0.01 1 72 0
3187 305.482 7.97277 0.01 1 44 0
3244 305.017 7.97277 0.01 1 43 0
3251 302.97 7.97151 0.01 1 43 0
3265 305.184 7.98754 0.01 1 44 0
3276 308.512 8.20266 0.01 1 72 0
3293 307.72 8.09444 0.01 1 72 0
3335 305.482 7.92357 0.01 1 44 0
3350 301.556 7.97277 0.01 1 42 0
3369 301.556 7.97277 0.01 1 44 0
3397 302.97 7.97277 0.01 1 44 0
3409 305.184 7.98754 0.01 1 44 0
3428 313.408 7.72878 0.01 1 95 0
3432 301.556 7.97277 0.01 1 43 0
3440 305.184 7.98754 0.01 1 44 0
3449 305.184 7.98754 0.01 1 43 0
3463 301.565 7.97277 0.01 1 44 0
3465 301.556 7.97277 0.01 1 43 0
3497 304.684 8.01686 0.01 1 44 0.000512734
3536 313.408 7.76438 0.01 1 95 0
3538 305.482 7.92357 0.01 1 44 0
3548 313.408 7.72878 0.01 1 95 0
3550 310.545 8.21266 0.01 1 72 0
3575 304.029 7.78874 0.01 1 43 0
3587 313.408 7.76438 0.01 1 95 0
3588 308.8 7.68393 0.01 1 72 0
3589 311.094 7.88248 0.01 1 72 0
3596 305.184 7.98754 0.01 1 44 0
3601 301.556 7.97277 0.01 1 43 0
3642 305.184 7.98754 0.01 1 44 0
3672 305.482 7.97277 0.01 1 43 0
3685 302.97 7.97277 0.01 1 44 0
3701 301.556 7.97277 0.01 1 43 0
3714 309.329 8.12343 0.01 1 72 0
3722 301.556 7.97277 0.01 1 43 0
3748 313.408 7.88893 0.01 1 96 0
3751 313.408 7.47525 0.01 1 95 0
3781 310.918 8.46279 0.01 1 72 0
3802 305.184 7.98754 0.01 1 43 0
3814 302.97 7.97277 0.01 1 44 0
3823 305.482 7.97277 0.01 1 43 0
3825 307.127 8.08571 0.01 1 72 0
3831 302.97 7.97277 0.01 1 44 0
3832 305.482 7.97277 0.01 1 44 0
3850 305.482 7.97277 0.01 1 43 0
3869 313.833 7.91221 0.01 1 96 0
3887 302.97 7.97277 0.01 1 44 0
3939 309.42 8.09444 0.01 1 72 0
3947 305.017 7.97277 0.01 1 44 0
3953 301.556 7.97277 0.01 1 43 0
3959 305.184 7.98754 0.01 1 44 0
3963 310.849 8.24005 0.01 1 72 0
3972 302.97 7.97277 0.01 1 44 0
3977 305.184 7.98754 0.01 1 44 0
4012 309.995 7.98044 0.01 1 72 0
4017 308.766 8.28342 0.01 1 72 0
4035 307.72 8.09444 0.01 1 72 0
4074 310.129 7.93173 0.01 1 72 0
4102 302.97 7.97277 0.01 1 44 0
4109 301.556 7.97277 0.01 1 43 0
4135 309.159 8.00326 0.01 1 72 0
4149 305.184 7.98754 0.01 1 43 0
4151 310.354 7.87521 0.01 1 72 0
4154 307.245 8.2012 0.01 1 72 0
4176 306.761 7.73322 0.01 1 72 0
4183 301.556 7.97277 0.01 1 42 0
4185 302.97 7.97277 0.01 1 44 0
4186 313.408 7.72878 0.01 1 96 0
4191 305.482 7.92357 0.01 1 43 0
4196 306.492 7.97277 0.01 1 44 0
4204 308.543 7.99533 0.01 1 72 0
4220 313.833 7.91221 0.01 1 96 0
4229 305.482 7.97277 0.01 1 44 0
4235 305.184 7.98754 0.01 1 44 0
4299 302.97 7.97277 0.01 1 44 0
4312 308.458 8.28662 0.01 1 72 0
4326 307.662 7.79204 0.01 1 72 0
4346 304.046 7.85069 0.01 1 43 0
4373 305.482 7.81867 0.01 1 44 0
4380 305.184 7.98754 0.01 1 44 0
4386 310.555 8.28407 0.01 1 72 0
4395 302.97 7.97277 0.01 1 44 0
4431 310.082 8.23528 0.01 1 72 0
4434 313.833 7.76438 0.01 1 97 0
4440 305.184 7.98754 0.01 1 44 0
4444 305.482 7.92357 0.01 1 44 0
4482 305.482 7.97277 0.01 1 44 0
4491 305.482 7.96469 0.01 1 44 0
4497 301.556 7.97277 0.01 1 43 0
4515 313.408 7.76438 0.01 1 95 0
4520 311.701 7.87939 0.01 1 72 -0.000344589
4532 305.184 7.98754 0.01 1 43 0
4533 309.379 8.28407 0.01 1 72 0
4558 301.556 7.97277 0.01 1 43 0
4566 302.97 7.97277 0.01 1 42 0
4668 304.684 7.98754 0.01 1 44 0
4715 313.408 7.72878 0.01 1 97 0
4724 313.183 7.76438 0.01 1 95 0
4796 305.017 7.97277 0.01 1 44 0
4797 308.543 7.91976 0.01 1 72 0
4799 301.556 7.97277 0.01 1 43 0
4868 301.556 7.97277 0.01 1 43 0
4923 304.028 7.97277 0.01 1 44 0
4962 308.962 7.87508 0.01 1 72 0
4969 311.125 7.79893 0.01 1 72 0
4987 313.408 7.72878 0.01 1 97 0
4988 305.184 7.98754 0.01 1 43 0
4997 313.408 7.72878 0.01 1 95 0
5006 309.579 8.09444 0.01 1 72 0
5013 310.555 8.28407 0.01 1 72 0
5028 305.184 7.98754 0.01 1 44 0
5051 307.826 7.90259 0.01 1 72 0
5052 313.408 7.76438 0.01 1 96 0
5054 305.184 7.93586 0.01 1 44 0
5059 310.082 7.94526 0.01 1 72 0
5065 307.662 7.79204 0.01 1 72 0
5076 313.408 7.74516 0.01 1 95 0
5093 310.082 8.23528 0.01 1 72 0
5119 304.029 7.97277 0.01 1 44 -0.0157389
5123 302.97 7.97277 0.01 1 44 0
5124 302.97 7.97277 0.01 1 44 0
5128 305.482 7.81924 0.01 1 43 -0.0028211
5136 313.408 7.76438 0.01 1 95 0
5148 311.701 8.00554 0.01 1 72 0
5184 302.97 7.97277 0.01 1 44 0
5187 305.482 7.92357 0.01 1 44 0
5212 313.408 7.76438 0.01 1 95 0
5235 301.556 7.94936 0.01 1 43 -0.000309944
5256 301.556 7.97277 0.01 1 43 0
5263 305.482 7.91908 0.01 1 44 0
5287 314.438 7.88584 0.01 1 95 0
5294 305.482 7.91908 0.01 1 44 0
5299 305.809 7.97277 0.01 1 43 0
5305 314.438 7.88584 0.01 1 95 0
5318 302.97 7.97277 0.01 1 44 0
5337 304.684 7.98754 0.01 1 44 0
5338 305.482 7.92357 0.01 1 43 0
5356 310.987 7.57886 0.01 1 72 0
5357 310.573 8.09444 0.01 1 72 -0.00320862
5367 313.833 7.91221 0.01 1 96 0
5370 301.556 7.97277 0.01 1 43 0
5373 305.482 7.91908 0.01 1 44 0
5381 305.482 7.97277 0.01 1 44 0
5411 313.408 7.72878 0.01 1 96 0
5431 310.082 8.22699 0.01 1 72 0
5433 305.482 7.97277 0.01 1 43 0
5444 302.97 7.97277 0.01 1 44 0
5451 305.482 7.92357 0.01 1 44 0
5465 310.555 8.28407 0.01 1 72 0
5478 305.809 7.97277 0.01 1 44 0
5497 305.614 7.97277 0.01 1 44 0
5503 308.261 8.01004 0.01 1 72 0
5508 310.354 7.87521 0.01 1 72 0
5527 308.383 7.94144 0.01 1 72 0
5529 302.97 7.97277 0.01 1 44 0
5545 313.408 7.72878 0.01 1 97 0
5557 309.579 7.95845 0.01 1 72 0
5611 308.543 7.99533 0.01 1 72 0
5619 306.492 7.97277 0.01 1 43 0
5620 304.046 7.87182 0.01 1 44 0.000364639
5640 310.082 8.22699 0.01 1 72 0
5642 302.97 7.97277 0.01 1 42 0
5651 307.127 8.14609 0.01 1 72 0
5703 305.184 7.98754 0.01 1 44 0
5739 304.821 7.92357 0.01 1 43 0.00903025
5741 305.482 7.97277 0.01 1 44 0
5750 305.482 7.92357 0.01 1 44 0
5756 305.184 7.98754 0.01 1 43 0
5761 310.354 7.83507 0.01 1 72 0
5771 310.849 8.1581 0.01 1 72 0
5812 310.987 7.57886 0.01 1 72 0
5813 309.159 8.00326 0.01 1 72 0
5830 304.684 7.98754 0.01 1 43 0
5833 303.454 7.97277 0.01 1 44 -0.00730785
5840 306.492 7.97277 0.01 1 42 0
5861 305.017 8.04796 0.01 1 44 0
5886 305.017 7.97277 0.01 1 44 0
5929 305.017 7.97277 0.01 1 44 0
5938 308.912 8.23672 0.01 1 72 0
5942 314.673 7.76438 0.01 1 95 0.0190199
5949 301.556 7.97277 0.01 1 43 0
5979 310.849 8.1581 0.01 1 72 0
5985 305.482 7.93805 0.01 1 43 -0.000637285
5992 313.408 7.72878 0.01 1 97 0
6003 309.143 8.32863 0.01 1 72 0
6101 313.408 7.76438 0.01 1 95 0
6110 310.082 8.22699 0.01 1 72 0
6150 304.684 7.98754 0.01 1 44 0
6151 313.183 7.6491 0.01 1 95 0
6165 310.555 8.28407 0.01 1 72 0
6174 302.97 7.97277 0.01 1 43 0
6178 309.42 8.09444 0.01 1 72 0
6189 308.543 7.92125 0.01 1 72 0
6205 305.482 7.97277 0.01 1 44 0
6213 302.97 7.97277 0.01 1 44 0
6230 305.482 7.97277 0.01 1 44 0
6247 308.543 7.91976 0.01 1 72 0
6256 316.78 7.72878 0.01 1 97 0
6308 302.97 7.97277 0.01 1 44 0
6311 305.482 7.97277 0.01 1 44 0
6323 308.8 7.73322 0.01 1 72 0
6328 309.579 8.09444 0.01 1 72 0
6335 313.447 7.72878 0.01 1 95 0
6351 302.97 7.97277 0.01 1 43 0
6372 305.482 7.97277 0.01 1 44 0
6378 307.72 8.09444 0.01 1 72 0
6420 305.482 7.97277 0.01 1 44 0
6439 311.701 8.00554 0.01 1 72 0
6443 304.696 7.98754 0.01 1 44 0
6446 302.97 7.97277 0.01 1 44 0
6460 301.556 7.97277 0.01 1 44 0
6534 304.028 7.97277 0.01 1 44 0
6535 302.97 7.97277 0.01 1 44 0
6560 309.329 8.12343 0.01 1 72 0
6581 301.556 7.97277 0.01 1 43 0
6591 301.556 7.97277 0.01 1 42 0
6640 305.184 7.93401 0.01 1 43 0
6723 305.184 7.98754 0.01 1 44 0
6747 302.97 8.06623 0.01 1 44 0
6765 308.543 7.92125 0.01 1 72 0
6822 309.159 8.121 0.01 1 72 5.66244e-07
6853 304.028 7.97277 0.01 1 44 0
6866 302.97 7.97277 0.01 1 44 0
6872 302.97 7.97277 0.01 1 44 0
6875 302.97 7.97277 0.01 1 44 0
6878 310.79 8.66276 0.01 1 72 0
6892 305.184 7.98754 0.01 1 44 0
6916 313.408 7.73366 0.01 1 95 0
6953 305.482 7.91908 0.01 1 44 0
6957 305.184 7.98754 0.01 1 44 0
6959 305.482 7.91908 0.01 1 44 0
6990 308.962 7.87521 0.01 1 72 0
7000 313.183 7.76438 0.01 1 95 0
7032 308.009 8.01677 0.01 1 72 0
7055 305.184 7.98754 0.01 1 44 0
7080 308.962 7.87521 0.01 1 72 0
7100 302.97 7.97277 0.01 1 44 0
7104 305.482 7.92357 0.01 1 44 0
7126 300.742 7.97277 0.01 1 44 0.0116114
7152 305.017 7.97277 0.01 1 44 0
7160 302.97 7.97277 0.01 1 44 0
7175 310.082 8.22699 0.01 1 72 0
7178 302.97 7.72234 0.01 1 44 0
7179 309.165 7.6152 0.01 1 72 0
7201 305.184 7.98754 0.01 1 44 0
7213 302.97 8.06623 0.01 1 44 0
7225 302.97 7.97277 0.01 1 44 0
7256 310.082 8.23974 0.01 1 72 0
7260 305.184 7.98754 0.01 1 44 0
7274 302.97 7.97277 0.01 1 42 0
7278 305.482 7.92357 0.01 1 44 0
7280 310.918 8.46279 0.01 1 72 0
7301 308.458 8.23779 0.01 1 72 0
7367 308.766 8.28342 0.01 1 72 0
7383 310.987 7.51631 0.01 1 72 0
7388 305.482 7.97277 0.01 1 44 0
7402 305.482 7.97277 0.01 1 42 0
7441 313.408 7.72878 0.01 1 96 0
7468 305.482 7.97277 0.01 1 44 0
7487 302.97 7.97277 0.01 1 44 0
7499 305.482 7.96047 0.01 1 44 0
7517 308.093 7.96545 0.01 1 72 0
7529 302.97 8.06623 0.01 1 44 0
7539 303.609 7.97277 0.01 1 44 0
7553 302.97 7.97277 0.01 1 44 0
7554 305.184 7.98754 0.01 1 44 0
7555 307.127 8.08571 0.01 1 72 -0.000167817
7570 310.354 7.87521 0.01 1 72 0
7581 310.849 8.24005 0.01 1 72 0
7592 313.577 7.9062 0.01 1 95 0
7615 306.655 8.12895 0.01 1 72 0
7624 313.408 7.76438 0.01 1 95 0
7647 304.696 7.98754 0.01 1 44 0
7667 308.543 7.99533 0.01 1 72 0
7685 301.556 7.97277 0.01 1 44 0
7702 306.575 7.97277 0.01 1 44 0
7718 305.184 7.98754 0.01 1 44 0
7721 304.029 7.97277 0.01 1 44 0
7727 313.408 7.76438 0.01 1 95 0
7728 309.143 8.29339 0.01 1 72 0
7737 313.408 7.72878 0.01 1 97 0
7748 305.482 7.97277 0.01 1 44 0
7752 305.482 7.97277 0.01 1 43 0
7774 305.482 8.03351 0.01 1 43 0
7798 313.408 7.88584 0.01 1 95 0
7802 305.184 7.98754 0.01 1 42 0
7810 309.159 8.06108 0.01 1 72 0
7822 305.184 7.98754 0.01 1 43 0
7825 313.183 7.76438 0.01 1 95 0
7829 308.512 8.20266 0.01 1 72 0
7867 300.682 7.97277 0.01 1 43 0.0127925
7887 305.482 7.92357 0.01 1 44 0
7902 302.97 7.97277 0.01 1 44 0
7926 314.674 7.65437 0.01 1 97 0
7944 305.482 7.97277 0.01 1 43 0
7958 302.97 7.97277 0.01 1 44 0
7972 305.482 7.97277 0.01 1 44 0
7993 305.482 7.97277 0.01 1 44 0
8015 313.447 7.72878 0.01 1 95 0
8047 313.577 7.9062 0.01 1 95 0
8055 305.482 7.97277 0.01 1 43 0
8065 302.97 7.97277 0.01 1 44 0
8103 313.408 7.88584 0.01 1 95 0
8133 305.184 7.98754 0.01 1 42 0
8166 301.556 7.97277 0.01 1 43 0
8180 313.408 7.76438 0.01 1 95 0
8200 301.556 7.97277 0.01 1 43 0
8221 311.701 8.00554 0.01 1 72 0
8246 313.732 7.72878 0.01 1 95 0.00499776
8258 310.354 7.87521 0.01 1 72 0
8298 305.184 7.98754 0.01 1 44 0
8309 308.543 7.91976 0.01 1 72 0
8319 313.408 7.72878 0.01 1 96 0
8337 313.408 7.72878 0.01 1 97 0
8348 302.97 7.97277 0.01 1 42 0
8357 313.408 7.72878 0.01 1 97 0
8379 309.163 7.87521 0.01 1 72 0
8386 313.408 7.88584 0.01 1 95 0
8392 308.962 7.87521 0.01 1 72 0
8396 302.97 7.97277 0.01 1 44 0
8455 302.97 7.97277 0.01 1 44 0
8464 305.184 7.98754 0.01 1 43 0
8483 301.556 7.97277 0.01 1 43 0
8491 302.97 7.97277 0.01 1 43 0
8504 301.556 7.97277 0.01 1 43 0
8595 313.408 7.72878 0.01 1 97 0
8623 304.028 7.97277 0.01 1 44 0
8662 311.242 7.64361 0.01 1 72 0
8671 305.184 7.93586 0.01 1 44 0
8696 313.408 7.88893 0.01 1 96 0
8742 308.962 7.87521 0.01 1 72 0
8770 305.482 7.97277 0.01 1 43 0
8802 310.849 8.24005 0.01 1 72 0
8826 313.408 7.88584 0.01 1 95 0
8858 313.408 7.66015 0.01 1 96 0
8874 305.519 7.99845 0.01 1 44 0.000465736
8905 302.97 7.97277 0.01 1 44 0
8908 305.482 7.97277 0.01 1 44 0
8931 309.143 8.36262 0.01 1 72 4.91738e-07
8980 305.184 7.98754 0.01 1 44 0
8983 309.913 8.08016 0.01 1 72 0
8986 302.97 8.00341 0.01 1 44 0.000461303
9020 310.082 8.22699 0.01 1 72 0
9025 304.683 7.97277 0.01 1 43 0
9026 304.028 7.97277 0.01 1 44 0
9046 313.408 7.76438 0.01 1 95 0
9065 308.876 8.05494 0.01 1 72 0
9097 305.184 7.98754 0.01 1 43 0
9116 305.482 7.97277 0.01 1 43 0
9119 313.833 7.76438 0.01 1 96 0
9149 308.8 7.73322 0.01 1 72 0
9151 305.482 7.97277 0.01 1 44 0
9177 305.482 7.92357 0.01 1 44 0
9218 305.184 7.98754 0.01 1 43 0
9230 308.261 8.01004 0.01 1 72 0
9242 309.143 8.32863 0.01 1 72 0
9268 302.97 7.97277 0.01 1 42 0
9288 302.97 7.97277 0.01 1 43 0
9290 302.97 7.97277 0.01 1 42 0
9314 305.184 7.98754 0.01 1 42 0
9317 301.556 7.97277 0.01 1 42 0
9339 305.184 7.98754 0.01 1 44 0
9418 305.184 7.96699 0.01 1 44 0
9480 308.912 8.011 0.01 1 72 0
9526 310.067 8.00554 0.01 1 72 0
9529 301.556 7.97277 0.01 1 43 0
9530 308.962 7.87521 0.01 1 72 0
9553 302.97 7.97277 0.01 1 44 0
9597 312.045 7.63598 0.01 1 72 0
9599 313.447 7.72878 0.01 1 95 0
9620 305.184 7.98754 0.01 1 44 0
9621 302.97 7.97277 0.01 1 42 0
9622 311.509 8.24005 0.01 1 72 0
9623 301.556 7.97277 0.01 1 43 0
9625 308.962 7.87521 0.01 1 72 0
9644 302.97 7.97277 0.01 1 42 0
9664 305.482 8.03351 0.01 1 43 0
9667 305.482 7.97277 0.01 1 44 0
9669 305.482 7.79824 0.01 1 43 -0.000210039
9673 304.028 7.97277 0.01 1 44 0
9687 305.482 7.85089 0.01 1 44 -0.00223401
9690 308.543 7.92125 0.01 1 72 0
9696 301.556 7.97277 0.01 1 43 0
9741 309.085 8.22254 0.01 1 72 0
9768 306.492 7.97277 0.01 1 44 0
9780 305.184 7.93401 0.01 1 43 0
9783 301.556 7.97277 0.01 1 42 0
9786 301.556 7.97277 0.01 1 42 0
9796 305.184 7.98754 0.01 1 44 0
9815 309.948 8.09539 0.01 1 72 0
9816 304.704 7.91637 0.01 1 43 0
9832 313.408 7.72878 0.01 1 97 0
9835 314.674 7.65437 0.01 1 97 0
9862 302.97 7.97277 0.01 1 42 0
9875 305.482 7.97277 0.01 1 44 0
9907 302.97 7.97277 0.01 1 44 0
9919 310.555 8.28407 0.01 1 72 0
9933 313.447 7.72878 0.01 1 95 0
9983 302.97 7.97277 0.01 1 42 0
9990 308.962 7.87521 0.01 1 72 0
10000 307.127 8.21958 0.01 1 72 0
10001 307.662 7.79204 0.01 1 72 0
10013 308.912 8.23672 0.01 1 72 0
10017 311.509 8.24005 0.01 1 72 0
10018 305.184 7.98754 0.01 1 44 0
10036 313.408 7.72878 0.01 1 97 0
10057 302.97 7.97277 0.01 1 44 0
10119 305.482 7.97277 0.01 1 43 0
10122 308.912 8.011 0.01 1 72 0
10141 309.995 7.98044 0.01 1 72 0
10147 313.408 7.67013 0.01 1 95 -0.00134379
10175 305.519 7.97277 0.01 1 44 0
10186 302.97 7.97277 0.01 1 44 0
10215 309.913 8.08016 0.01 1 72 0
10234 310.082 8.22699 0.01 1 72 0
10250 305.774 7.97277 0.01 1 42 -0.00399008
10298 305.482 7.97277 0.01 1 43 0
10305 305.482 7.92357 0.01 1 44 0
10311 302.97 7.97277 0.01 1 42 0
10329 305.482 7.92357 0.01 1 43 0
10358 302.97 7.97277 0.01 1 43 0
10416 305.017 7.97277 0.01 1 44 0
10417 302.97 7.97277 0.01 1 44 0
10423 305.017 7.98754 0.01 1 44 0
10429 305.184 7.96699 0.01 1 44 0
10430 309.159 8.00326 0.01 1 72 0
10445 305.017 7.97277 0.01 1 44 0
10476 301.556 7.97277 0.01 1 44 0
10504 302.97 7.97277 0.01 1 44 0
10546 310.555 8.28407 0.01 1 72 0
10557 304.659 7.92357 0.01 1 43 0
10575 313.183 7.76438 0.01 1 95 0
10596 313.183 7.76438 0.01 1 95 0
10617 313.408 7.72878 0.01 1 97 0
10624 312.051 7.72878 0.01 1 95 -0.00338002
10657 308.912 8.011 0.01 1 72 0
10673 302.97 7.97277 0.01 1 43 0
10678 310.082 8.22699 0.01 1 72 0
10681 313.408 7.72878 0.01 1 96 0
10685 304.697 7.92357 0.01 1 44 0
10713 305.482 7.92357 0.01 1 44 0
10726 307.395 7.97277 0.01 1 44 0
10755 315.017 7.72878 0.01 1 97 0
10763 313.408 7.72878 0.01 1 96 0
10820 305.184 7.98754 0.01 1 44 0
10822 313.408 7.72878 0.01 1 95 0
10831 304.696 7.98754 0.01 1 43 0
10834 313.408 7.72878 0.01 1 96 0
10843 301.556 7.97277 0.01 1 43 0
10886 302.369 8.06623 0.01 1 44 0.00894915
10892 308.782 7.5837 0.01 1 72 0
10905 305.482 7.92357 0.01 1 43 0
10914 304.684 7.98754 0.01 1 43 0
10917 305.482 7.97277 0.01 1 43 0
10927 305.184 7.98754 0.01 1 44 0
10969 305.482 7.92357 0.01 1 44 0
10975 308.76 8.08391 0.01 1 72 0
11022 310.082 7.94526 0.01 1 72 0
11034 308.8 7.73322 0.01 1 72 0
11036 313.408 7.76438 0.01 1 96 0
11051 305.482 7.91908 0.01 1 44 0
11055 308.543 7.92125 0.01 1 72 0
11081 313.408 7.67013 0.01 1 95 0
11120 302.97 7.97277 0.01 1 43 0
11154 301.556 8.04044 0.01 1 43 0.000884593
11168 305.482 7.97277 0.01 1 44 0
11192 302.97 7.97277 0.01 1 44 0
11196 304.028 7.97277 0.01 1 44 0
11200 302.97 7.97277 0.01 1 42 0
11204 304.684 7.98754 0.01 1 44 0
11215 304.028 7.97277 0.01 1 44 0
11223 310.918 8.46279 0.01 1 72 0
11225 313.408 7.88893 0.01 1 96 0
11226 305.184 7.93401 0.01 1 43 0
11232 309.579 7.95845 0.01 1 72 0
11238 313.408 7.72878 0.01 1 96 0
11268 305.184 7.93401 0.01 1 43 0
11283 305.184 7.98754 0.01 1 44 0
11295 310.555 8.28407 0.01 1 72 0
11297 313.408 7.47026 0.01 1 96 0
11313 302.97 7.97277 0.01 1 42 0
11352 307.127 8.09859 0.01 1 72 -6.02007e-05
11379 308.912 8.011 0.01 1 72 0
11400 302.97 7.97277 0.01 1 44 0
11415 306.492 7.97277 0.01 1 42 0
11422 305.482 7.97277 0.01 1 42 0
11436 309.197 7.84938 0.01 1 72 0
11441 305.561 7.98754 0.01 1 44 0
11442 302.97 7.97277 0.01 1 44 0
11464 302.97 7.72234 0.01 1 44 0
11484 302.97 8.06623 0.01 1 44 0
11519 305.482 8.10344 0.01 1 44 0
11526 305.482 7.97277 0.01 1 44 0
11529 301.556 7.97277 0.01 1 43 0
11537 313.408 7.76438 0.01 1 95 0
11539 305.184 7.98754 0.01 1 44 0
11554 309.379 8.28407 0.01 1 72 0
11574 302.97 7.97277 0.01 1 44 0
11588 304.046 7.96292 0.01 1 44 0
11630 302.97 7.97277 0.01 1 43 0
11673 305.482 7.97277 0.01 1 43 0
11684 313.408 7.72878 0.01 1 97 0
11731 308.009 8.01677 0.01 1 72 0
11733 308.926 7.52247 0.01 1 72 0
11745 302.97 7.97277 0.01 1 44 0
11749 313.408 7.72878 0.01 1 95 0
11789 301.565 7.97277 0.01 1 44 0.00488792
11800 313.408 7.76438 0.01 1 95 0
11807 310.918 8.48297 0.01 1 72 0
11814 305.482 7.97277 0.01 1 43 0
11822 308.543 7.99533 0.01 1 72 0
11853 305.184 7.98754 0.01 1 44 0
11886 309.159 8.00326 0.01 1 72 0
11893 313.408 7.72878 0.01 1 95 0
11916 310.555 8.3112 0.01 1 72 0
11920 311.242 7.64361 0.01 1 72 0
11948 310.987 7.51804 0.01 1 72 0
11956 302.97 7.97277 0.01 1 44 0
11959 305.482 7.97277 0.01 1 42 0
11969 302.97 7.97277 0.01 1 44 0
11982 309.329 8.075 0.01 1 72 -1.96695e-06
12000 313.408 7.72878 0.01 1 97 0
12005 308.766 8.28342 0.01 1 72 0
12016 305.809 7.97277 0.01 1 43 0
12041 313.408 7.76438 0.01 1 95 0
12060 316.28 7.72878 0.01 1 97 0.0184027
12110 301.556 7.97277 0.01 1 43 0
12125 313.408 7.74516 0.01 1 95 0
12147 301.556 7.97277 0.01 1 43 0
12149 308.912 8.011 0.01 1 72 0
12154 307.72 8.09444 0.01 1 72 0
12163 305.184 7.98754 0.01 1 44 0
12209 308.009 8.01677 0.01 1 72 0
12245 306.655 8.12895 0.01 1 72 0
12261 305.482 8.10344 0.01 1 44 0
12277 310.354 7.87521 0.01 1 72 0
12284 305.614 7.97277 0.01 1 44 0
12297 301.556 7.97277 0.01 1 43 0
12306 305.482 7.97277 0.01 1 43 0
12317 313.833 7.76438 0.01 1 96 0
12366 304.029 8.13553 0.01 1 43 0.00279176
12383 309.159 8.00326 0.01 1 72 0
12401 309.379 8.28407 0.01 1 72 0
12416 311.125 7.79893 0.01 1 72 -0.00233865
12435 305.614 7.97277 0.01 1 44 0
12463 301.556 7.97277 0.01 1 42 0
12467 308.512 8.20266 0.01 1 72 0
12484 308.443 8.12096 0.01 1 72 0
12509 305.184 7.89663 0.01 1 42 0
12550 309.143 8.32863 0.01 1 72 0
12552 301.556 7.97277 0.01 1 43 0
12570 313.408 7.72878 0.01 1 95 0
12610 305.184 7.98754 0.01 1 44 0
12629 313.408 7.72878 0.01 1 96 0
12643 301.556 7.97277 0.01 1 43 0
12652 309.42 8.09444 0.01 1 72 0
12656 313.408 7.72878 0.01 1 95 0
12663 311.701 8.00554 0.01 1 72 0
12664 304.684 7.98754 0.01 1 43 0
12665 308.383 7.94144 0.01 1 72 0
12679 309.42 8.09444 0.01 1 72 0
12683 308.76 8.08391 0.01 1 72 0
12689 301.556 7.97277 0.01 1 43 0
12696 305.482 7.97277 0.01 1 44 0
12700 305.482 7.97277 0.01 1 42 0
12711 301.556 7.97277 0.01 1 43 0
12737 302.97 8.06623 0.01 1 44 0
12750 310.366 7.67822 0.01 1 72 0
12767 313.408 7.72878 0.01 1 97 0
12769 305.482 7.97277 0.01 1 43 0
12784 313.183 7.76438 0.01 1 95 0
12809 302.97 7.97277 0.01 1 44 0
12816 309.197 7.84938 0.01 1 72 0
12820 309.913 8.08016 0.01 1 72 0
12821 302.97 7.91009 0.01 1 44 0
12828 305.482 7.97277 0.01 1 43 0
12830 308.009 8.01677 0.01 1 72 0
12843 305.482 7.85089 0.01 1 44 0
12844 309.551 8.22386 0.01 1 72 0
12880 302.97 7.97277 0.01 1 44 0
12894 301.556 7.97277 0.01 1 43 0
12896 302.97 7.97151 0.01 1 43 0
12939 304.684 7.98754 0.01 1 44 0
12942 303.09 7.96292 0.01 1 44 0
12967 305.482 7.97277 0.01 1 43 0
13001 310.555 8.28407 0.01 1 72 0
13037 310.849 8.24005 0.01 1 72 0
13063 301.556 7.97277 0.01 1 44 0
13071 308.009 8.01677 0.01 1 72 0
13083 311.094 7.88248 0.01 1 72 0
13098 305.184 7.98754 0.01 1 44 0
13109 313.408 7.88584 0.01 1 95 0
13128 302.97 7.97277 0.01 1 44 0
13171 305.482 7.92357 0.01 1 44 0
13176 305.017 7.97277 0.01 1 44 0
13203 305.482 7.97277 0.01 1 43 0
13227 313.408 7.72878 0.01 1 96 0
13268 305.482 7.96047 0.01 1 44 0
13294 301.556 7.97277 0.01 1 43 0
13313 308.578 8.17621 0.01 1 72 0
13328 313.183 7.76438 0.01 1 95 0
13348 305.184 7.98754 0.01 1 44 0
13366 302.97 7.97277 0.01 1 44 0
13368 305.774 7.97277 0.01 1 42 0
13397 308.8 7.68393 0.01 1 72 0
13405 301.556 7.97277 0.01 1 43 0
13424 308.499 7.88788 0.01 1 72 0
13429 306.492 7.97277 0.01 1 44 0
13432 302.97 7.97277 0.01 1 44 0
13499 301.556 7.97277 0.01 1 43 0
13500 305.482 7.92357 0.01 1 44 0
13513 308.962 7.87521 0.01 1 72 0
13516 308.912 8.23672 0.01 1 72 0
13518 301.556 7.97277 0.01 1 43 0
13520 304.046 7.89781 0.01 1 44 0
13521 305.809 7.97277 0.01 1 44 0
13534 302.97 7.97277 0.01 1 44 0
13569 304.028 7.97277 0.01 1 44 0
13572 313.408 7.76438 0.01 1 95 0
13619 304.697 7.92357 0.01 1 44 0
13624 305.482 7.97277 0.01 1 44 0
13660 313.408 7.72878 0.01 1 95 0
13662 301.556 7.97277 0.01 1 44 0
13678 309.551 8.22386 0.01 1 72 0
13688 302.97 7.97277 0.01 1 44 0
13694 306.492 7.97277 0.01 1 44 0
13698 302.97 8.06623 0.01 1 44 0
13710 308.766 8.28342 0.01 1 72 0
13714 310.743 7.93881 0.01 1 72 0
13717 301.556 7.97277 0.01 1 43 0
13735 302.97 7.97277 0.01 1 44 0
13748 309.579 8.09444 0.01 1 72 0
13758 304.704 7.91637 0.01 1 44 0
13787 313.408 7.76438 0.01 1 95 0
13791 308.97 7.62167 0.01 1 72 0
13809 305.482 7.97277 0.01 1 43 0
13813 308.766 8.28342 0.01 1 72 0
13815 313.408 7.47525 0.01 1 95 0
13840 309.159 8.06108 0.01 1 72 0
13870 304.684 7.98754 0.01 1 43 0
13900 306.492 7.97277 0.01 1 44 0
13937 313.408 7.76438 0.01 1 95 0
13944 305.482 7.97277 0.01 1 44 0
13957 304.684 7.98754 0.01 1 43 0
13963 308.912 8.011 0.01 1 72 0
13964 313.408 7.72878 0.01 1 97 0
13965 305.184 7.98754 0.01 1 44 0
13974 301.556 7.97277 0.01 1 43 0
13978 313.408 7.76438 0.01 1 95 0
13995 302.97 7.97277 0.01 1 44 0
14001 309.474 8.08926 0.01 1 72 0
14003 305.482 7.91908 0.01 1 44 0
14009 308.962 7.87508 0.01 1 72 0
14023 301.556 7.97277 0.01 1 43 0
14029 304.046 7.85069 0.01 1 44 0
14065 305.017 7.97277 0.01 1 43 0
14074 305.482 7.97277 0.01 1 44 0
14097 313.408 7.88893 0.01 1 96 0
14150 313.408 7.72878 0.01 1 95 0
14161 305.482 7.97277 0.01 1 44 0
14167 305.184 7.98754 0.01 1 44 0
14176 308.458 8.28662 0.01 1 72 0
14178 305.184 7.98754 0.01 1 44 0
14195 305.482 7.92357 0.01 1 44 0
14215 313.408 7.72878 0.01 1 95 0
14228 301.556 7.97277 0.01 1 43 0
14237 309.824 7.63598 0.01 1 72 0
14260 313.408 7.72878 0.01 1 96 0
14267 302.97 7.97277 0.01 1 44 0
14274 305.482 7.90114 0.01 1 44 0
14285 305.482 7.97277 0.01 1 44 0
14333 301.556 7.97277 0.01 1 42 0
14338 308.782 7.63878 0.01 1 72 0
14350 305.184 7.98754 0.01 1 44 0
14375 304.411 7.97277 0.01 1 44 0
14386 304.028 7.97277 0.01 1 44 0
14443 305.482 7.97277 0.01 1 44 0
14449 301.556 7.97277 0.01 1 43 0
14451 305.482 7.92357 0.01 1 44 0
14459 307.662 7.79204 0.01 1 72 0
14477 301.556 7.97277 0.01 1 43 0
14482 316.78 7.72878 0.01 1 97 0
14486 301.556 7.97277 0.01 1 43 0
14509 302.97 7.97277 0.01 1 44 0
14523 309.085 8.22254 0.01 1 72 0
14581 313.408 7.72878 0.01 1 96 0
14590 305.482 7.97277 0.01 1 43 0
14626 305.482 7.92357 0.01 1 44 0
14631 305.482 7.97277 0.01 1 44 0
14635 313.408 7.47026 0.01 1 95 0
14645 305.482 7.97277 0.01 1 43 0
14646 302.97 7.97277 0.01 1 44 0
14651 313.577 7.9062 0.01 1 95 0
14669 308.962 7.87521 0.01 1 72 0
14670 302.97 7.97277 0.01 1 44 0
14676 308.512 8.20266 0.01 1 72 0
14715 302.97 7.97277 0.01 1 44 0
14722 305.482 7.97277 0.01 1 43 0
14728 304.684 7.98754 0.01 1 44 0
14766 313.408 7.72878 0.01 1 95 0
14770 305.614 7.97277 0.01 1 44 0
14791 305.482 7.97277 0.01 1 44 0
14823 310.067 8.00554 0.01 1 72 0
14837 302.97 7.97277 0.01 1 44 0
14847 305.482 7.97277 0.01 1 44 0
14856 313.408 7.76438 0.01 1 95 0
14860 313.408 7.72878 0.01 1 96 0
14882 313.408 7.72878 0.01 1 95 0
14907 309.143 8.29339 0.01 1 72 0
14918 308.926 7.52247 0.01 1 72 0
14929 304.411 7.97277 0.01 1 44 0
14945 310.987 7.51631 0.01 1 72 0
14947 307.732 7.67955 0.01 1 72 0
14975 301.556 7.97277 0.01 1 43 0
15025 302.97 7.97277 0.01 1 44 0
15029 305.482 7.97277 0.01 1 44 0
15072 308.912 8.23672 0.01 1 72 0
15089 301.556 7.97277 0.01 1 43 0
15091 304.046 7.96292 0.01 1 44 0
15103 313.408 7.76438 0.01 1 95 0
15104 309.329 8.12343 0.01 1 72 0
15113 313.183 7.76438 0.01 1 95 0
15124 309.995 7.98044 0.01 1 72 0
15130 301.556 7.97277 0.01 1 43 0
15138 309.995 7.98044 0.01 1 72 0
15229 313.516 7.72878 0.01 1 95 0
15247 308.8 7.68393 0.01 1 72 0
15278 310.354 7.87521 0.01 1 72 0
15280 305.157 7.97277 0.01 1 44 0.0089896
15293 306.655 8.12895 0.01 1 72 0
15300 305.482 7.97277 0.01 1 43 0
15349 310.082 8.22699 0.01 1 72 0
15358 305.017 7.97277 0.01 1 44 0
15372 305.017 7.97277 0.01 1 42 0
15375 304.696 7.98754 0.01 1 44 0
15387 302.97 7.97277 0.01 1 44 0
15420 305.482 7.92357 0.01 1 44 0
15431 304.029 7.97277 0.01 1 43 0
15432 302.97 7.97277 0.01 1 44 0
15442 306.492 7.97277 0.01 1 44 0
15458 310.354 7.87521 0.01 1 72 0
15476 305.482 7.92357 0.01 1 43 0
15501 305.184 7.98754 0.01 1 44 0
15513 310.987 7.51631 0.01 1 72 0
15516 313.833 7.76438 0.01 1 96 0
15524 311.242 7.64361 0.01 1 72 0
15535 310.849 8.24005 0.01 1 72 0
15554 303.609 7.97277 0.01 1 44 0
15562 310.653 7.9098 0.01 1 72 0
15598 301.556 7.97277 0.01 1 43 0
15608 305.184 7.98754 0.01 1 44 0
15609 301.556 7.97277 0.01 1 43 0
15637 308.926 7.52247 0.01 1 72 0
15652 313.408 7.76438 0.01 1 95 0
15657 310.354 7.89499 0.01 1 72 1.4469e-05
15661 310.94 7.94526 0.01 1 72 -0.00399798
15686 309.165 7.6152 0.01 1 72 0
15691 305.184 7.93401 0.01 1 43 0
15696 308.699 7.87521 0.01 1 72 0
15711 301.556 7.97277 0.01 1 43 0
15755 305.184 7.98754 0.01 1 44 0
15790 302.97 8.03549 0.01 1 44 0.00094045
15819 304.028 7.97277 0.01 1 44 0
15832 313.408 7.72878 0.01 1 97 0
15849 302.97 7.97151 0.01 1 43 0
15879 307.732 7.67955 0.01 1 72 0
15892 305.017 7.97277 0.01 1 44 0
15905 309.42 8.09444 0.01 1 72 0
15908 313.408 7.72878 0.01 1 95 0
15936 302.97 7.97277 0.01 1 43 0
15937 309.42 8.09444 0.01 1 72 0
15943 305.184 7.98754 0.01 1 44 0
16000 305.482 7.92357 0.01 1 44 0
16024 309.995 7.98044 0.01 1 72 0
16031 305.482 7.96047 0.01 1 44 0
16041 310.555 8.28407 0.01 1 72 0
16052 308.8 7.68393 0.01 1 72 0
16055 309.085 8.22254 0.01 1 72 0
16061 309.824 7.63598 0.01 1 72 0
16094 310.555 8.28407 0.01 1 72 0
16095 301.556 7.97277 0.01 1 43 0
16116 307.72 8.09444 0.01 1 72 0
16145 313.408 7.76438 0.01 1 95 0
16229 305.482 7.97277 0.01 1 44 0
16233 305.184 7.98754 0.01 1 44 0
16278 302.97 7.97277 0.01 1 44 0
16310 313.408 7.47026 0.01 1 96 0
16358 313.408 7.76438 0.01 1 96 0
16417 301.556 7.97277 0.01 1 43 0
16446 302.97 7.97151 0.01 1 43 -2.02358e-05
16463 305.184 7.98754 0.01 1 43 0
16467 308.512 8.20266 0.01 1 72 0
16486 305.482 7.97277 0.01 1 43 0
16496 313.408 7.72878 0.01 1 95 0
16506 305.904 7.98754 0.01 1 44 -0.00465509
16511 309.159 8.00326 0.01 1 72 0
16520 305.482 7.97277 0.01 1 42 0
16522 310.082 8.22699 0.01 1 72 0
16532 308.543 7.92125 0.01 1 72 0
16562 305.017 8.04796 0.01 1 44 0.00107106
16581 305.482 7.92357 0.01 1 44 0
16610 308.458 8.23779 0.01 1 72 0
16623 304.684 7.98754 0.01 1 43 0
16626 302.97 8.06623 0.01 1 44 0
16641 304.684 7.98754 0.01 1 44 0
16650 314.674 7.65437 0.01 1 97 0
16660 304.697 7.92357 0.01 1 44 0
16666 313.408 7.72878 0.01 1 96 0
16667 302.97 7.97277 0.01 1 44 0
16675 301.556 7.97277 0.01 1 44 0
16696 305.184 7.98754 0.01 1 44 0
16697 301.556 7.97277 0.01 1 43 0
16751 311.701 8.00554 0.01 1 72 0
16759 314.674 7.65437 0.01 1 97 0
16804 302.97 7.97277 0.01 1 44 0
16808 305.184 7.98754 0.01 1 44 0
16809 305.017 7.97277 0.01 1 44 0
16851 302.97 7.97277 0.01 1 44 0
16861 313.408 7.72878 0.01 1 96 0
16871 305.482 7.97277 0.01 1 44 0
16872 308.76 8.08391 0.01 1 72 0
16886 305.184 7.98754 0.01 1 44 0
16905 305.482 8.03351 0.01 1 43 0
16914 304.684 7.98754 0.01 1 43 0
16925 309.995 7.98044 0.01 1 72 0
16937 313.408 7.67013 0.01 1 95 0
16951 309.719 7.88788 0.01 1 72 -0.000424445
16960 301.556 7.97277 0.01 1 43 0
16977 310.555 8.28407 0.01 1 72 0
17047 302.97 7.97277 0.01 1 44 0
17120 313.408 7.72878 0.01 1 97 0
17127 304.028 7.97277 0.01 1 44 0
17138 309.579 8.09444 0.01 1 72 0
17174 313.408 7.76438 0.01 1 95 0
17189 313.408 7.76438 0.01 1 95 0
17206 305.482 7.92357 0.01 1 44 0
17222 305.482 7.81924 0.01 1 43 0
17235 305.184 7.98754 0.01 1 43 0
17259 302.97 7.97277 0.01 1 44 0
17266 304.028 7.97277 0.01 1 44 0
17268 313.447 7.72878 0.01 1 95 0
17341 304.697 7.92357 0.01 1 44 0
17348 305.482 8.10344 0.01 1 44 0
17351 305.482 7.97277 0.01 1 43 0
17358 302.97 7.97277 0.01 1 42 0
17406 305.017 7.97277 0.01 1 44 0
17454 310.918 8.46279 0.01 1 72 0
17471 308.962 7.87508 0.01 1 72 0
17494 310.668 7.9797 0.01 1 72 0
17516 308.8 7.73322 0.01 1 72 0
17524 313.408 7.72878 0.01 1 95 0
17528 306.655 8.12895 0.01 1 72 0
17542 313.408 7.72878 0.01 1 96 0
17553 314.673 7.76438 0.01 1 95 0
17556 310.555 7.7639 0.01 1 72 0
17572 307.826 7.90259 0.01 1 72 0
17578 301.556 7.97277 0.01 1 44 0
17598 309.143 8.29339 0.01 1 72 0
17608 305.482 7.92357 0.01 1 44 0
17611 305.482 7.97277 0.01 1 44 0
17640 301.556 7.97277 0.01 1 43 0
17641 305.482 7.97277 0.01 1 43 0
17667 309.329 8.12343 0.01 1 72 0
17669 305.482 7.97277 0.01 1 43 0
17720 313.408 7.88584 0.01 1 95 0
17722 310.918 8.46279 0.01 1 72 0
17738 306.398 7.98754 0.01 1 44 0
17739 309.143 8.29339 0.01 1 72 0
17758 305.184 7.98754 0.01 1 44 0
17767 308.161 8.00326 0.01 1 72 -0.00258084
17778 301.556 7.97277 0.01 1 42 0
17829 305.482 7.91908 0.01 1 44 0
17834 302.97 8.03107 0.01 1 44 0
17872 313.408 7.67554 0.01 1 96 0
17901 309.159 8.00326 0.01 1 72 0
17923 309.379 8.28407 0.01 1 72 0
17970 313.833 7.76438 0.01 1 97 0
17984 313.57 7.76438 0.01 1 95 0.00249106
18007 301.556 7.97277 0.01 1 43 0
18013 302.663 7.97277 0.01 1 44 0.00463603
18041 309.579 8.09444 0.01 1 72 0
18063 313.408 7.72878 0.01 1 97 0
18070 313.183 7.76438 0.01 1 95 0
18072 308.458 8.28662 0.01 1 72 0
18073 308.261 8.01004 0.01 1 72 0
18083 309.159 8.06108 0.01 1 72 0
18086 302.97 7.97277 0.01 1 44 0
18116 305.017 7.98754 0.01 1 44 0
18135 302.97 7.97277 0.01 1 44 0
18153 308.8 7.68393 0.01 1 72 0
18168 302.97 7.97277 0.01 1 44 0
18188 304.028 7.97277 0.01 1 44 0
18244 308.782 7.68582 0.01 1 72 0
18263 305.184 7.98754 0.01 1 44 0
18266 304.704 7.91637 0.01 1 44 0
18289 310.067 8.00554 0.01 1 72 0
18305 305.482 8.00002 0.01 1 42 0.0004986
18309 304.029 7.78874 0.01 1 43 -0.00326626
18324 309.159 8.06108 0.01 1 72 0
18326 308.962 7.87508 0.01 1 72 0
18345 313.408 7.47026 0.01 1 95 0
18353 313.408 7.76438 0.01 1 95 0
18356 305.184 7.89663 0.01 1 42 0
18401 308.782 7.63878 0.01 1 72 0
18426 305.184 7.89663 0.01 1 42 0
18440 305.184 7.98754 0.01 1 44 0
18481 307.72 8.09444 0.01 1 72 0
18501 301.556 8.04044 0.01 1 43 0
18522 313.408 7.72878 0.01 1 97 0
18524 305.482 7.92357 0.01 1 44 0
18539 310.555 8.28407 0.01 1 72 0
18559 302.97 7.97277 0.01 1 44 0
18585 313.516 7.72878 0.01 1 95 0
18588 302.97 7.97277 0.01 1 44 0
18592 305.482 7.92357 0.01 1 43 0
18610 302.97 7.97277 0.01 1 44 0
18616 313.408 7.88893 0.01 1 96 0
18640 307.061 7.99533 0.01 1 72 -0.0054352
18648 309.617 7.63598 0.01 1 72 0
18651 301.556 7.97277 0.01 1 43 0
18676 301.556 7.97277 0.01 1 43 0
18714 308.009 8.01677 0.01 1 72 0
18720 305.184 7.98754 0.01 1 44 0
18736 305.184 7.98754 0.01 1 44 0
18758 301.556 7.86334 0.01 1 43 0
18769 301.556 7.97277 0.01 1 43 0
18780 306.492 7.97277 0.01 1 43 0
18793 308.962 7.87521 0.01 1 72 0
18816 302.97 7.97277 0.01 1 44 0
18825 302.97 7.97277 0.01 1 44 0
18829 305.482 7.97277 0.01 1 44 0
18880 308.912 8.23672 0.01 1 72 0
18881 307.662 7.79204 0.01 1 72 0
18892 309.325 7.61518 0.01 1 72 0
18955 314.729 7.88584 0.01 1 95 0.00415038
18968 302.97 7.91332 0.01 1 43 -0.000957817
18978 313.408 7.72878 0.01 1 95 0
18981 309.579 8.09444 0.01 1 72 0
18992 306.492 7.97277 0.01 1 44 0
18993 307.896 7.94182 0.01 1 72 0
19001 302.97 7.97277 0.01 1 44 0
19067 305.482 7.97277 0.01 1 44 0
19073 313.408 7.72878 0.01 1 95 0
19079 302.97 8.06623 0.01 1 43 0
19106 302.97 7.97277 0.01 1 42 0
19110 310.082 8.22699 0.01 1 72 0
19116 303.825 8.03107 0.01 1 44 -0.0127972
19123 307.127 8.21958 0.01 1 72 0
19130 306.761 7.73322 0.01 1 72 -0.00203475
19146 305.482 7.97277 0.01 1 44 0
19158 305.482 7.97277 0.01 1 44 0
19161 305.482 7.97277 0.01 1 43 0
19195 305.184 7.96001 0.01 1 44 -0.000495031
19227 305.482 7.97277 0.01 1 43 0
19239 313.183 7.76438 0.01 1 95 0
19255 305.482 7.92357 0.01 1 44 0
19258 313.408 7.72878 0.01 1 96 0
19259 305.482 7.92357 0.01 1 43 0
19302 313.408 7.72878 0.01 1 97 0
19352 310.987 7.51804 0.01 1 72 0
19353 305.482 7.97277 0.01 1 44 0
19373 302.97 7.97277 0.01 1 44 0
19375 301.556 7.97277 0.01 1 43 0
19391 313.408 7.72878 0.01 1 95 0
19397 305.184 7.98754 0.01 1 44 0
19409 305.482 7.97277 0.01 1 44 0
19417 309.757 7.80793 0.01 1 72 0
19423 308.512 8.20266 0.01 1 72 0
19430 305.184 7.98754 0.01 1 44 0
19446 305.184 7.98754 0.01 1 44 0
19448 305.482 7.97277 0.01 1 43 0
19452 303.454 7.97277 0.01 1 44 0
19456 305.482 7.97277 0.01 1 43 0
19461 308.912 8.23672 0.01 1 72 0
19476 310.199 8.18704 0.01 1 72 0
19478 305.482 8.10344 0.01 1 44 0
19517 305.482 7.92357 0.01 1 43 0
19527 302.97 8.06623 0.01 1 44 0
19530 308.386 8.05494 0.01 1 72 0
19531 305.184 7.98754 0.01 1 43 0
19534 313.183 7.76438 0.01 1 95 0
19539 305.482 7.97277 0.01 1 43 0
19552 302.97 7.97277 0.01 1 44 0
19562 307.732 7.67955 0.01 1 72 0
19590 301.556 7.97277 0.01 1 43 0
19596 302.97 7.97277 0.01 1 44 0
19607 306.398 7.98754 0.01 1 44 0
19624 304.696 7.98754 0.01 1 44 0
19628 305.184 7.98754 0.01 1 44 0
19675 301.556 7.97277 0.01 1 43 0
19707 305.184 7.98754 0.01 1 44 0
19712 313.408 7.72878 0.01 1 97 0
19719 302.97 7.97277 0.01 1 44 0
19732 305.482 7.97277 0.01 1 44 0
19763 302.97 7.97277 0.01 1 44 0
19797 305.482 7.92357 0.01 1 44 0
19824 305.184 7.98754 0.01 1 44 0
19840 313.408 7.76438 0.01 1 95 0
19858 305.184 7.98754 0.01 1 44 0
19895 313.408 7.72878 0.01 1 97 0
19911 311.094 7.88248 0.01 1 72 0
19928 310.129 7.93173 0.01 1 72 0
19947 302.97 7.97277 0.01 1 44 0
19988 305.482 7.97277 0.01 1 43 0
19990 302.97 7.97277 0.01 1 43 0
20018 309.143 8.29339 0.01 1 72 0
20027 310.067 8.00554 0.01 1 72 0
20072 302.97 7.97277 0.01 1 44 0
20096 310.849 8.24005 0.01 1 72 0
20106 313.408 7.47026 0.01 1 95 0
20123 308.543 7.92125 0.01 1 72 0
20125 309.159 8.00326 0.01 1 72 0
20134 308.499 7.88788 0.01 1 72 0
20139 302.97 7.97277 0.01 1 44 0
20220 305.614 7.97277 0.01 1 44 0
20227 305.482 7.81924 0.01 1 43 0
20255 313.408 7.72878 0.01 1 95 0
20270 313.408 7.72878 0.01 1 97 0
20271 313.408 7.72878 0.01 1 96 0
20275 302.97 7.97277 0.01 1 42 0
20281 307.245 8.2012 0.01 1 72 0
20299 313.408 7.76438 0.01 1 95 0
20339 305.017 7.97277 0.01 1 44 0
20343 308.912 8.011 0.01 1 72 0
20361 310.555 8.28407 0.01 1 72 0
20374 301.556 7.97277 0.01 1 43 0
20379 304.696 7.98754 0.01 1 44 0
20382 309.159 8.00326 0.01 1 72 0
20384 301.556 7.97277 0.01 1 43 0
20412 301.556 7.97277 0.01 1 43 0
20440 305.184 7.98754 0.01 1 43 0
20441 313.833 7.91221 0.01 1 96 0
20451 304.684 7.98754 0.01 1 43 0
20478 301.556 7.97277 0.01 1 43 0
20490 303.09 7.96292 0.01 1 44 0
20493 301.556 7.97277 0.01 1 43 0
20507 307.826 7.90259 0.01 1 72 0
20511 311.171 8.08016 0.01 1 72 0
20514 303.609 7.97277 0.01 1 44 0
20519 302.97 7.97277 0.01 1 44 0
20532 310.918 8.46279 0.01 1 72 0
20609 313.408 7.72878 0.01 1 96 0
20629 304.028 7.97277 0.01 1 44 0
20635 305.482 7.97277 0.01 1 44 0
20647 308.962 7.87508 0.01 1 72 0
20649 309.913 8.08016 0.01 1 72 0
20656 310.165 8.28407 0.01 1 72 0
20678 302.97 7.97277 0.01 1 44 0
20689 308.009 8.01677 0.01 1 72 0
20691 309.579 8.09444 0.01 1 72 0
20692 305.184 7.98754 0.01 1 44 0
20714 308.8 7.68393 0.01 1 72 0
20720 301.556 7.97277 0.01 1 43 0
20738 310.79 8.66276 0.01 1 72 0
20750 305.482 7.92357 0.01 1 44 0
20753 313.408 7.67554 0.01 1 96 0
20772 301.556 7.97277 0.01 1 43 0
20836 305.482 7.91908 0.01 1 44 0
20856 302.97 7.97277 0.01 1 44 0
20858 302.97 7.97277 0.01 1 44 0
20887 308.009 8.01677 0.01 1 72 0
20892 301.556 7.97277 0.01 1 42 0
20906 307.896 7.94182 0.01 1 72 0
20920 305.184 7.93586 0.01 1 44 0
20931 305.482 7.97277 0.01 1 44 0
20935 305.482 7.97277 0.01 1 44 0
20946 308.458 8.28662 0.01 1 72 0
20948 305.184 7.98754 0.01 1 43 0
20950 313.408 7.66015 0.01 1 96 0
20959 309.913 8.08016 0.01 1 72 0
20963 301.556 7.97277 0.01 1 43 0
20969 302.97 7.97277 0.01 1 44 0
20973 313.408 7.76438 0.01 1 95 0
21014 308.8 7.73322 0.01 1 72 0
21021 304.046 7.87182 0.01 1 44 0
21091 313.408 7.72878 0.01 1 95 0
21099 301.556 7.97277 0.01 1 43 0
21125 305.482 7.92357 0.01 1 44 0
21127 304.704 7.91637 0.01 1 44 0
21160 305.017 7.97277 0.01 1 44 0
21163 310.371 8.14969 0.01 1 72 0
21172 305.482 7.97277 0.01 1 44 0
21182 308.093 7.96545 0.01 1 72 0
21192 301.556 7.97277 0.01 1 43 0
21220 305.482 7.97277 0.01 1 44 0
21237 301.556 7.97277 0.01 1 43 0
21245 313.408 7.72878 0.01 1 95 0
21249 313.408 7.72878 0.01 1 96 0
21256 310.082 8.22699 0.01 1 72 0
21257 305.184 7.89663 0.01 1 42 -0.00164369
21271 302.97 7.97277 0.01 1 44 0
21272 313.408 7.72878 0.01 1 97 0
21278 301.556 7.97277 0.01 1 43 0
21280 305.184 7.93401 0.01 1 43 0
21303 302.97 7.97277 0.01 1 42 0
21331 313.408 7.72878 0.01 1 95 0
21352 301.556 7.97277 0.01 1 43 0
21368 302.97 7.97277 0.01 1 43 0
21370 305.482 8.00002 0.01 1 42 0
21409 313.408 7.76438 0.01 1 95 0
21421 313.408 7.76438 0.01 1 95 0
21434 305.184 7.98754 0.01 1 44 0
21461 308.912 8.23672 0.01 1 72 0
21497 304.696 7.98754 0.01 1 42 0
21506 309.551 8.22386 0.01 1 72 0
21507 307.185 7.97277 0.01 1 44 -0.0219193
21547 308.926 7.52247 0.01 1 72 0
21569 310.082 7.94526 0.01 1 72 0
21601 310.555 8.28407 0.01 1 72 0
21604 301.556 7.97277 0.01 1 43 0
21625 302.97 7.97277 0.01 1 44 0
21630 304.821 7.92357 0.01 1 43 0
21643 309.159 8.00326 0.01 1 72 0
21670 308.912 8.011 0.01 1 72 0
21672 313.408 7.72878 0.01 1 97 0
21723 305.184 7.98754 0.01 1 44 0
21737 310.743 7.93881 0.01 1 72 0
21764 302.97 7.97277 0.01 1 43 0
21768 301.556 7.97277 0.01 1 43 0
21779 302.97 8.06623 0.01 1 44 0
21805 301.556 7.97277 0.01 1 42 0
21835 305.482 7.92357 0.01 1 44 0
21839 305.184 7.98754 0.01 1 44 0
21848 313.408 7.72878 0.01 1 97 0
21849 313.408 7.72878 0.01 1 95 0
21854 305.184 7.98754 0.01 1 44 0
21868 310.354 7.87521 0.01 1 72 0
21903 305.482 7.92357 0.01 1 44 0
21915 305.482 7.97277 0.01 1 43 0
21920 301.556 7.97277 0.01 1 44 0
21925 301.556 8.10682 0.01 1 43 0.00173639
21937 310.918 8.46279 0.01 1 72 0
21947 308.543 7.99533 0.01 1 72 0
21955 305.184 7.93586 0.01 1 44 0
21958 310.082 8.22699 0.01 1 72 0
21966 313.408 7.76438 0.01 1 95 0
21978 308.962 7.87521 0.01 1 72 0
21993 313.408 7.67554 0.01 1 96 0
21995 313.408 7.72878 0.01 1 97 0
22017 304.578 7.97277 0.01 1 44 0
22045 301.556 7.97277 0.01 1 43 0
22052 307.826 7.90259 0.01 1 72 0
22081 305.482 7.97277 0.01 1 44 0
22094 313.183 7.76438 0.01 1 95 0
22103 313.408 7.95447 0.01 1 95 0
22117 313.408 7.76438 0.01 1 95 0
22120 315.017 7.72878 0.01 1 97 0
22130 309.379 8.28407 0.01 1 72 0
22145 304.029 7.78874 0.01 1 43 0
22174 308.97 7.62167 0.01 1 72 0
22254 305.614 7.97277 0.01 1 44 0
22259 305.482 7.97277 0.01 1 43 0
22295 313.408 7.72878 0.01 1 97 0
22307 313.183 7.76438 0.01 1 95 0
22309 313.408 7.72878 0.01 1 95 0
22319 313.408 7.76438 0.01 1 95 0
