max_pf 82 min_pf 62
individual T0 sigma disp_rate r0 patch_no mut_eff
1 305.612 7.90305 0.01 1 64 0
9 310.553 8.19492 0.01 1 80 0
12 305.835 7.95959 0.01 1 63 0
15 305.835 7.95959 0.01 1 63 0
19 305.835 7.95959 0.01 1 63 0
22 310.8 7.94035 0.01 1 72 0
47 310.2 8.26967 0.01 1 72 0
50 309.825 7.69496 0.01 1 72 0
53 305.835 7.95959 0.01 1 64 0
54 309.156 8.05213 0.01 1 72 0
64 307.64 8.1342 0.01 1 72 0
69 310.103 8.26223 0.01 1 72 0
77 305.835 7.95959 0.01 1 63 0
87 305.835 7.95959 0.01 1 64 0
102 309.77 8.03982 0.01 1 72 0
123 305.835 7.95959 0.01 1 64 0
124 306.089 7.95959 0.01 1 62 0
125 310.69 7.95807 0.01 1 72 0
128 310.553 8.1841 0.01 1 80 0.000313789
131 305.835 7.95959 0.01 1 64 0
148 308.451 8.04967 0.01 1 72 0
155 308.51 8.02675 0.01 1 72 0
160 310.553 8.03689 0.01 1 80 0
165 311.633 8.03689 0.01 1 80 0
171 310.172 8.05676 0.01 1 72 0
172 305.835 7.95959 0.01 1 63 0
188 310.553 7.90517 0.01 1 80 0
190 305.896 7.97083 0.01 1 64 0
194 305.835 7.95959 0.01 1 64 0
195 310.305 8.26967 0.01 1 72 0
199 310.565 8.16978 0.01 1 72 0
204 305.835 7.95959 0.01 1 63 0
207 305.835 7.95959 0.01 1 64 0
210 310.053 8.15314 0.01 1 72 0
224 310.053 8.15314 0.01 1 72 0
229 308.467 8.08763 0.01 1 72 0
233 305.835 7.95959 0.01 1 63 0
235 310.169 7.76589 0.01 1 72 0
240 305.835 7.95959 0.01 1 64 0
245 305.835 7.95959 0.01 1 63 0
249 305.835 7.95959 0.01 1 64 0
253 309.368 7.97774 0.01 1 72 0
255 305.612 7.90305 0.01 1 64 0
288 310.33 7.95011 0.01 1 72 -3.56436e-05
299 309.77 8.03982 0.01 1 72 0
303 310.33 7.95011 0.01 1 72 0
320 308.451 7.93648 0.01 1 72 0
333 308.184 8.26967 0.01 1 72 0
339 305.812 7.93576 0.01 1 64 0
355 305.896 7.97083 0.01 1 64 0
358 309.368 7.94528 0.01 1 72 0
362 305.835 7.95959 0.01 1 63 0
367 305.835 7.95959 0.01 1 63 0
375 308.467 8.0104 0.01 1 72 0
376 310.553 8.03689 0.01 1 81 0
386 309.368 7.97774 0.01 1 72 0
388 307.807 7.46532 0.01 1 72 0
393 309.028 8.05213 0.01 1 72 3.59267e-05
395 305.896 7.97083 0.01 1 63 0
400 310.553 8.03689 0.01 1 80 0
402 310.301 7.6376 0.01 1 72 0
405 308.451 8.04967 0.01 1 72 0
406 305.835 7.95959 0.01 1 64 0
416 305.835 7.95959 0.01 1 64 0
425 308.467 8.0104 0.01 1 72 0
427 310.553 8.03689 0.01 1 80 0
436 305.896 7.97083 0.01 1 63 0
438 305.612 7.87226 0.01 1 64 0
445 310.553 7.90517 0.01 1 80 0
447 308.676 8.1908 0.01 1 72 0
448 309.869 8.1671 0.01 1 72 0
451 305.835 7.95959 0.01 1 63 0
452 310.103 8.26223 0.01 1 72 0
455 309.368 7.97774 0.01 1 72 0
461 305.835 7.95959 0.01 1 64 0
471 305.835 7.95959 0.01 1 64 0
477 307.428 7.95959 0.01 1 62 -0.0123871
478 310.69 7.95807 0.01 1 72 0
483 305.835 7.95959 0.01 1 63 0
489 309.869 8.1671 0.01 1 72 0
495 305.835 7.95959 0.01 1 63 0
497 309.072 8.18996 0.01 1 72 0
499 305.888 7.95959 0.01 1 63 0
500 305.896 7.97083 0.01 1 63 0
504 305.835 7.95959 0.01 1 64 0
507 309.835 8.32583 0.01 1 72 0
520 305.835 7.95959 0.01 1 63 0
524 310.553 8.03689 0.01 1 80 0
531 311.382 7.6376 0.01 1 72 0
542 305.835 7.95959 0.01 1 64 0
547 305.513 7.95959 0.01 1 64 0
556 308.467 8.05825 0.01 1 72 0
562 310.744 8.12206 0.01 1 80 0
564 305.835 7.95959 0.01 1 63 0
570 310.862 8.0463 0.01 1 80 0
578 305.835 7.95959 0.01 1 63 0
580 308.916 8.15516 0.01 1 72 0
597 312.562 7.7568 0.01 1 72 0
600 305.835 8.16364 0.01 1 64 5.37336e-05
603 305.835 7.95959 0.01 1 63 0
604 310.744 8.04936 0.01 1 80 0
608 310.344 8.20696 0.01 1 72 0
609 310.553 8.03689 0.01 1 81 0
622 305.835 7.95959 0.01 1 63 0
625 305.288 7.95959 0.01 1 64 0
627 305.835 7.95959 0.01 1 64 0
636 305.835 7.95959 0.01 1 64 0
641 310.744 8.05059 0.01 1 80 0
661 309.368 7.97774 0.01 1 72 0
664 310.172 8.14862 0.01 1 72 0
670 305.835 7.95959 0.01 1 64 0
673 310.687 8.11187 0.01 1 80 0
676 305.91 8.00231 0.01 1 72 0
686 305.896 7.97083 0.01 1 63 0
688 310.687 8.09967 0.01 1 80 0
696 305.835 7.95959 0.01 1 64 0
697 310.744 8.03436 0.01 1 80 0
700 305.896 7.97083 0.01 1 64 0
701 309.825 7.82455 0.01 1 72 0
706 308.642 7.67209 0.01 1 72 0
710 307.74 8.01347 0.01 1 72 0
714 309.835 8.30929 0.01 1 72 0
715 310.553 8.19492 0.01 1 80 0
717 305.835 7.95959 0.01 1 63 0
720 306.651 7.93642 0.01 1 63 0
737 304.956 7.90305 0.01 1 64 0
739 305.835 7.95959 0.01 1 63 0
740 310.172 8.14862 0.01 1 72 0
748 306.852 7.95959 0.01 1 64 0
751 308.472 8.32583 0.01 1 72 0
754 310.553 8.03689 0.01 1 80 0
777 305.835 7.95959 0.01 1 63 0
778 305.835 7.95959 0.01 1 64 0
781 310.344 8.20696 0.01 1 72 0
784 310.898 7.6376 0.01 1 72 0
786 310.553 7.90517 0.01 1 80 0
787 309.825 7.82455 0.01 1 72 0
797 310.744 8.12206 0.01 1 80 0
808 305.835 7.95959 0.01 1 64 0
812 305.835 7.95959 0.01 1 64 0
820 305.835 7.95959 0.01 1 64 0
822 308.448 7.88517 0.01 1 72 0
826 308.238 7.84614 0.01 1 72 0
828 306.152 7.95959 0.01 1 62 -0.00145642
831 310.69 7.95807 0.01 1 72 0
832 310.565 8.16978 0.01 1 72 0
837 305.835 7.95959 0.01 1 64 0
841 305.835 7.93576 0.01 1 64 0
846 310.103 8.26223 0.01 1 72 0
848 309.984 7.92517 0.01 1 72 -1.05798e-06
855 305.835 7.95959 0.01 1 64 0
860 310.305 8.26967 0.01 1 72 0
863 305.896 7.97083 0.01 1 63 0
864 310.744 8.05059 0.01 1 80 0
868 310.169 7.76589 0.01 1 72 0
875 309.984 7.92517 0.01 1 72 0
882 307.64 8.1342 0.01 1 72 0
885 305.835 7.95959 0.01 1 63 0
886 305.835 7.95959 0.01 1 62 0
888 306.629 8.08499 0.01 1 72 0
897 305.835 7.95959 0.01 1 63 0
901 308.944 8.02675 0.01 1 72 0
902 310.172 8.05676 0.01 1 72 0
904 305.835 7.95959 0.01 1 63 0
905 308.184 8.26967 0.01 1 72 0
918 305.835 7.95959 0.01 1 64 0
928 304.858 7.95959 0.01 1 62 0
930 310.545 7.52143 0.01 1 72 0
943 305.835 7.95959 0.01 1 64 0
950 305.612 7.90305 0.01 1 64 0
951 308.451 8.04967 0.01 1 72 0
955 305.835 7.95959 0.01 1 64 0
957 309.249 8.26967 0.01 1 72 0
960 310.553 8.03689 0.01 1 80 0
968 310.172 8.14862 0.01 1 72 0
969 305.835 7.95959 0.01 1 64 0
971 309.072 8.18996 0.01 1 72 0
981 310.103 8.26223 0.01 1 72 0
984 308.467 8.05825 0.01 1 72 0
997 305.835 7.95959 0.01 1 63 0
1002 305.835 7.95959 0.01 1 64 0
1003 310.744 8.12206 0.01 1 80 0
1011 305.835 7.95959 0.01 1 63 0
1019 305.787 8.01353 0.01 1 64 0
1020 305.835 8.09562 0.01 1 63 5.49108e-05
1034 305.787 8.01353 0.01 1 64 0
1036 310.344 8.20696 0.01 1 72 0
1056 310.744 8.12206 0.01 1 81 0
1068 305.835 7.95959 0.01 1 62 0
1069 305.835 7.95959 0.01 1 64 0
1090 305.896 7.97083 0.01 1 64 0
1094 305.835 7.95959 0.01 1 62 0
1096 310.553 8.03689 0.01 1 80 0
1097 305.612 7.90305 0.01 1 64 0
1100 305.835 7.95959 0.01 1 62 0
1113 305.612 7.90305 0.01 1 64 0
1119 305.835 7.95959 0.01 1 64 0
1120 305.835 7.95959 0.01 1 64 0
1124 305.835 7.95959 0.01 1 64 0
1126 305.81 7.90305 0.01 1 64 0
1127 308.472 8.32583 0.01 1 72 0
1131 310.744 8.12206 0.01 1 80 0
1133 305.835 7.95959 0.01 1 63 0
1134 305.835 7.95959 0.01 1 64 0
1152 311.502 7.94617 0.01 1 72 0
1172 310.687 8.09967 0.01 1 80 0
1186 309.368 7.97774 0.01 1 72 0
1200 310.003 7.84614 0.01 1 72 0
1203 306.47 8.07193 0.01 1 72 0
1213 310.553 8.03689 0.01 1 81 0
1217 305.835 7.95959 0.01 1 63 0
1218 308.509 8.08283 0.01 1 72 0
1219 305.513 7.95959 0.01 1 64 0
1229 305.835 7.95959 0.01 1 63 0
1230 306.152 7.95959 0.01 1 62 0
1239 310.744 8.12206 0.01 1 80 0
1245 305.835 7.95959 0.01 1 64 0
1247 310.169 7.76589 0.01 1 72 0
1258 310.553 8.19492 0.01 1 80 0
1268 305.787 8.01353 0.01 1 64 0
1273 305.835 7.93563 0.01 1 63 -1.66595e-05
1280 308.184 8.26967 0.01 1 72 0
1283 311.633 8.03689 0.01 1 80 0
1290 310.687 8.11187 0.01 1 80 0
1292 309.072 8.18996 0.01 1 72 0
1293 304.858 7.95959 0.01 1 62 0
1299 307.64 8.1342 0.01 1 72 0
1301 305.835 7.95959 0.01 1 64 0
1308 305.835 7.95959 0.01 1 64 0
1315 305.835 7.95959 0.01 1 64 0
1322 305.835 7.95959 0.01 1 64 0
1326 309.853 8.34709 0.01 1 72 0
1335 304.858 7.95959 0.01 1 63 0
1348 309.072 8.18996 0.01 1 72 0
1356 307.273 8.21504 0.01 1 72 2.36034e-05
1361 308.467 8.05825 0.01 1 72 0
1369 304.858 7.95959 0.01 1 64 0
1377 310.103 8.26223 0.01 1 72 0
1395 305.612 7.90305 0.01 1 64 0
1419 305.288 7.95959 0.01 1 64 0
1420 305.835 7.95959 0.01 1 63 0
1427 307.72 7.92942 0.01 1 72 0
1432 307.338 7.95959 0.01 1 64 0
1437 309.825 7.69496 0.01 1 72 0
1439 305.835 7.95959 0.01 1 62 0
1449 310.078 8.05477 0.01 1 80 0
1455 305.835 7.95959 0.01 1 62 0
1471 305.835 7.95959 0.01 1 64 0
1472 310.565 8.16978 0.01 1 72 0
1481 305.888 7.95959 0.01 1 63 -0.000223011
1483 305.799 7.93642 0.01 1 64 0.00324927
1486 309.249 8.26967 0.01 1 72 0
1498 310.553 8.03689 0.01 1 80 0
1503 305.835 7.95959 0.01 1 63 0
1505 308.451 8.04967 0.01 1 72 0
1507 305.835 7.95959 0.01 1 64 0
1519 308.184 8.26967 0.01 1 72 0
1523 309.494 7.69496 0.01 1 72 0.000729591
1531 310.69 7.95807 0.01 1 72 0
1532 310.172 8.14862 0.01 1 72 0
1538 309.197 8.3535 0.01 1 72 0
1551 310.553 7.90517 0.01 1 80 -0.000295252
1573 309.825 7.69496 0.01 1 72 0
1576 306.641 7.97083 0.01 1 64 -0.00291431
1579 310.047 7.92568 0.01 1 72 0
1581 307.048 8.18794 0.01 1 72 0
1585 304.858 7.95959 0.01 1 63 0
1587 308.451 8.04967 0.01 1 72 0
1590 311.752 7.08552 0.01 1 72 -0.00592531
1591 305.835 7.95959 0.01 1 64 0
1592 305.787 8.01353 0.01 1 64 0
1594 308.898 8.05676 0.01 1 72 0.00207634
1600 306.089 7.95959 0.01 1 62 0
1605 310.553 8.08683 0.01 1 72 0
1606 310.553 8.08683 0.01 1 72 0
1613 305.787 8.01353 0.01 1 64 0
1615 304.858 7.95959 0.01 1 63 0
1617 310.744 8.05059 0.01 1 80 -0.000131533
1626 310.744 8.03436 0.01 1 80 0
1630 309.197 8.3535 0.01 1 72 0
1635 308.61 7.46744 0.01 1 72 0
1645 305.513 7.95959 0.01 1 64 0
1646 306.429 8.42524 0.01 1 72 0
1657 305.835 7.95959 0.01 1 63 0
1662 305.835 7.95959 0.01 1 64 0
1666 311.289 8.16978 0.01 1 72 0
1673 305.513 7.95959 0.01 1 64 0
1674 305.896 7.97083 0.01 1 64 0
1678 305.835 8.01353 0.01 1 64 0
1681 310.8 7.94035 0.01 1 72 0
1683 305.835 7.95959 0.01 1 64 0
1688 305.43 7.95959 0.01 1 62 -0.00203092
1698 305.835 7.95959 0.01 1 64 0
1699 305.835 7.95959 0.01 1 62 0
1701 305.513 7.95959 0.01 1 64 0
1704 305.513 7.95959 0.01 1 64 0
1706 310.69 7.95807 0.01 1 72 0
1708 307.74 8.01347 0.01 1 72 0
1710 305.835 7.99463 0.01 1 63 0
1731 305.835 7.95959 0.01 1 64 0
1735 305.835 7.95959 0.01 1 63 0
1738 311.502 7.94617 0.01 1 72 0
1741 305.835 7.95959 0.01 1 63 0
1743 305.835 7.95959 0.01 1 64 0
1746 310.172 8.14862 0.01 1 72 0
1757 310.553 8.03689 0.01 1 80 0
1765 309.082 8.26223 0.01 1 72 0.00175211
1768 305.835 7.95959 0.01 1 63 0
1773 311.382 7.6376 0.01 1 72 0
1776 305.835 7.95959 0.01 1 64 0
1781 310.744 8.12206 0.01 1 81 0
1785 308.416 8.13443 0.01 1 72 0
1786 305.896 7.97083 0.01 1 64 0
1794 305.612 7.87226 0.01 1 63 0
1797 310.172 8.05676 0.01 1 72 0
1808 308.472 8.32583 0.01 1 72 0
1809 310.553 8.03689 0.01 1 82 0
1823 310.2 8.32396 0.01 1 72 0
1831 305.835 7.95959 0.01 1 63 0
1837 310.744 8.05059 0.01 1 80 0
1853 310.8 7.94035 0.01 1 72 0
1863 308.467 8.08763 0.01 1 72 0
1866 308.894 8.0104 0.01 1 72 0.000421345
1869 307.273 8.08499 0.01 1 72 0
1879 313.464 7.94617 0.01 1 72 0
1887 305.835 7.95959 0.01 1 64 0
1889 306.089 7.95959 0.01 1 62 0
1890 305.835 7.95959 0.01 1 64 0
1892 305.612 7.87226 0.01 1 64 0
1893 306.089 7.95959 0.01 1 62 0
1907 310.172 8.14862 0.01 1 72 0
1909 310.553 8.03689 0.01 1 82 0
1910 305.835 7.95959 0.01 1 63 0
1913 309.197 8.3535 0.01 1 72 0
1916 305.835 7.95959 0.01 1 63 0
1917 308.467 8.0104 0.01 1 72 0
1926 310.744 8.12206 0.01 1 81 0
1927 305.513 7.95959 0.01 1 64 0
1932 305.835 7.95959 0.01 1 64 0
1935 307.74 8.01347 0.01 1 72 0
1951 312.562 7.7568 0.01 1 72 0
1952 305.835 7.95959 0.01 1 64 0
1957 309.835 8.30929 0.01 1 72 0
1959 305.612 7.90305 0.01 1 64 0
1966 310.744 8.04936 0.01 1 80 0
1971 305.835 7.95959 0.01 1 64 0
1972 305.835 7.97668 0.01 1 64 0
1977 308.861 7.84614 0.01 1 72 0
1980 305.81 7.90305 0.01 1 64 0
1983 308.509 8.08283 0.01 1 72 0
1998 310.172 8.14862 0.01 1 72 0
1999 305.835 7.95959 0.01 1 63 0
2000 305.835 7.95959 0.01 1 63 0
2005 310.687 8.11187 0.01 1 80 0
2006 309.368 7.97774 0.01 1 72 0
2007 305.835 7.95959 0.01 1 64 0
2008 305.835 7.95959 0.01 1 63 0
2013 305.835 7.95959 0.01 1 64 0
2014 305.835 7.95959 0.01 1 64 0
2016 309.368 7.97774 0.01 1 72 0
2017 307.78 8.0682 0.01 1 72 0
2027 305.787 8.01353 0.01 1 64 0
2032 305.835 7.95959 0.01 1 62 0
2038 305.835 7.95959 0.01 1 64 0
2041 305.835 7.95959 0.01 1 63 0
2043 303.935 7.95959 0.01 1 63 0.00227782
2046 305.835 7.95959 0.01 1 64 0
2054 310.553 8.03689 0.01 1 82 0
2063 310.545 7.52143 0.01 1 72 0
2065 310.553 8.03689 0.01 1 80 0
2069 305.835 7.95959 0.01 1 64 0
2071 308.467 8.0104 0.01 1 72 0
2075 310.553 8.03689 0.01 1 80 0
2079 305.835 7.95959 0.01 1 64 0
2098 305.835 7.95959 0.01 1 64 0
2111 310.172 8.05676 0.01 1 72 0
2117 307.807 7.46532 0.01 1 72 0
2119 307.64 8.1342 0.01 1 72 0
2130 310.553 8.03689 0.01 1 80 0
2131 305.835 7.95959 0.01 1 63 0
2145 306.556 7.92289 0.01 1 72 0
2149 305.787 8.01353 0.01 1 64 0
2157 310.169 7.7277 0.01 1 72 -2.20388e-05
2160 305.835 7.95959 0.01 1 64 0
2174 305.835 7.95959 0.01 1 64 0
2192 310.545 7.52143 0.01 1 72 0
2195 308.184 8.26967 0.01 1 72 0
2196 310.553 8.03689 0.01 1 81 0
2199 305.835 7.95959 0.01 1 62 0
2202 308.184 8.26967 0.01 1 72 0
2208 310.744 8.24601 0.01 1 80 0
2211 305.787 8.01353 0.01 1 64 0
2213 305.835 7.95959 0.01 1 64 0
2214 310.744 8.12206 0.01 1 80 0
2219 305.888 7.95959 0.01 1 63 0
2224 310.898 7.6376 0.01 1 72 0
2232 308.467 8.0104 0.01 1 72 0
2238 305.513 7.95959 0.01 1 63 0
2240 309.345 8.32204 0.01 1 72 0
2243 305.835 7.95959 0.01 1 62 0
2244 310.081 7.92568 0.01 1 72 0
2245 309.825 7.82455 0.01 1 72 0
2257 311.955 7.87068 0.01 1 72 0
2260 307.72 7.82326 0.01 1 72 0
2262 310.553 8.03689 0.01 1 80 0
2279 305.835 7.95959 0.01 1 64 0
2281 308.472 8.32583 0.01 1 72 0
2290 310.565 8.16978 0.01 1 72 0
2292 305.896 7.97083 0.01 1 64 0
2297 308.184 8.26967 0.01 1 72 0
2301 310.169 7.76589 0.01 1 72 0
2309 305.835 7.95959 0.01 1 63 0
2330 307.72 7.82326 0.01 1 72 0
2331 309.368 7.97774 0.01 1 72 0
2335 305.835 7.95959 0.01 1 64 0
2338 305.835 7.95959 0.01 1 63 0
2340 309.825 7.69496 0.01 1 72 0
2346 310.553 8.19492 0.01 1 80 0.0003362
2348 305.835 7.95361 0.01 1 63 -1.63913e-06
2353 305.835 7.95959 0.01 1 64 0
2368 305.835 8.01353 0.01 1 63 0
2373 311.633 8.03689 0.01 1 80 0
2383 305.835 7.95959 0.01 1 63 0
2385 310.172 8.14862 0.01 1 72 0
2387 305.835 7.95959 0.01 1 62 0
2389 309.368 7.97774 0.01 1 72 0
2393 305.612 7.90305 0.01 1 64 0
2394 307.95 7.95959 0.01 1 62 0
2414 308.509 8.08283 0.01 1 72 0
2424 311.097 7.08552 0.01 1 72 0
2428 304.617 7.715 0.01 1 72 -0.00585343
2429 305.835 7.95959 0.01 1 64 0
2434 310.172 8.05676 0.01 1 72 0
2435 310.687 8.09967 0.01 1 80 0
2448 308.467 8.0104 0.01 1 72 0
2452 305.896 7.97083 0.01 1 64 0
2464 305.835 7.95959 0.01 1 62 0
2465 305.835 7.95959 0.01 1 64 0
2466 305.835 7.95959 0.01 1 64 0
2474 304.858 7.95959 0.01 1 62 0
2477 305.896 7.97083 0.01 1 63 0
2480 309.197 8.3535 0.01 1 72 0
2484 305.835 7.95959 0.01 1 64 0
2489 309.197 8.3535 0.01 1 72 0
2496 305.835 7.95959 0.01 1 62 0
2504 310.172 8.14862 0.01 1 72 0
2510 310.115 7.69496 0.01 1 72 -0.000935867
2511 310.545 7.52143 0.01 1 72 0
2518 306.429 8.42524 0.01 1 72 0
2521 305.835 8.01667 0.01 1 63 -4.50015e-06
2522 310.301 7.6376 0.01 1 72 0
2524 305.835 7.95959 0.01 1 64 0
2525 309.368 7.97774 0.01 1 72 0
2529 305.612 7.90305 0.01 1 64 0.00044477
2530 305.835 7.95959 0.01 1 64 0
2531 305.835 7.95959 0.01 1 64 0
2533 305.513 7.95959 0.01 1 64 0
2534 305.896 7.97083 0.01 1 63 0
2536 305.835 7.95959 0.01 1 63 0
2545 309.072 8.18996 0.01 1 72 0
2547 310.172 8.14862 0.01 1 72 0
2564 305.835 7.95959 0.01 1 62 0
2566 310.553 8.03689 0.01 1 82 0
2572 305.835 7.95959 0.01 1 64 0
2574 309.835 8.30929 0.01 1 72 0
2580 305.896 7.89756 0.01 1 64 0
2581 308.44 8.18629 0.01 1 72 0
2589 309.389 8.07173 0.01 1 72 0
2594 305.835 7.95959 0.01 1 63 0
2596 305.835 7.95959 0.01 1 64 0
2597 305.513 7.95959 0.01 1 64 0
2598 311.633 8.03689 0.01 1 80 0
2599 305.835 7.95959 0.01 1 62 0
2600 310.553 8.03689 0.01 1 80 0
2616 304.858 7.95959 0.01 1 63 0
2622 305.835 7.95959 0.01 1 64 0
2624 305.835 7.95959 0.01 1 64 0
2654 311.633 8.03689 0.01 1 80 0
2655 310.172 8.14862 0.01 1 72 0
2659 305.835 8.03543 0.01 1 63 0
2660 305.835 7.95959 0.01 1 63 0
2663 305.835 7.95959 0.01 1 63 0
2664 305.835 7.95959 0.01 1 64 0
2676 305.835 8.03543 0.01 1 63 0
2699 305.835 7.95959 0.01 1 64 0
2720 310.545 7.52143 0.01 1 72 0
2736 310.687 8.11187 0.01 1 80 0
2741 311.502 7.94617 0.01 1 72 0
2743 310.18 7.6376 0.01 1 72 0.00708041
2747 308.51 8.02675 0.01 1 72 0
2751 309.368 7.97774 0.01 1 72 0
2752 305.835 7.95959 0.01 1 64 0
2761 305.787 8.01353 0.01 1 64 0
2766 305.835 7.95959 0.01 1 64 0
2767 305.835 7.95959 0.01 1 64 0
2772 305.835 7.95959 0.01 1 64 0
2783 305.835 7.95959 0.01 1 63 0
2784 309.825 7.82455 0.01 1 72 0
2786 305.787 7.89578 0.01 1 64 -2.864e-05
2788 305.896 7.97083 0.01 1 64 0
2794 305.835 7.95959 0.01 1 64 0
2796 305.835 7.95959 0.01 1 63 0
2798 308.467 8.0104 0.01 1 72 0
2819 305.835 7.95959 0.01 1 64 0
2820 309.853 8.26967 0.01 1 72 0
2825 305.835 7.95959 0.01 1 64 0
2829 310.553 8.29171 0.01 1 80 0
2832 310.744 8.05059 0.01 1 80 0
2838 305.835 7.95959 0.01 1 63 0
2840 305.835 7.95959 0.01 1 63 0
2850 306.651 7.93642 0.01 1 64 0
2851 305.835 7.95959 0.01 1 63 0
2854 306.089 7.95959 0.01 1 62 0
2856 310.169 7.76589 0.01 1 72 0
2857 310.553 8.03689 0.01 1 80 0
2863 305.835 7.95959 0.01 1 64 0
2870 310.344 8.20696 0.01 1 72 0
2873 306.651 7.93642 0.01 1 64 0
2879 305.835 7.95959 0.01 1 64 0
2880 305.835 7.95959 0.01 1 64 0
2882 310.081 7.92568 0.01 1 72 0
2883 310.553 8.03689 0.01 1 80 0
2890 312.562 7.67012 0.01 1 72 0
2893 310.2 8.29391 0.01 1 72 0
2894 305.896 7.97083 0.01 1 64 0
2896 305.835 7.95959 0.01 1 64 0
2904 308.783 7.95011 0.01 1 72 0.00268722
2906 305.835 7.95959 0.01 1 64 0
2908 305.835 7.95959 0.01 1 64 0
2910 305.835 7.95959 0.01 1 63 0
2915 311.87 8.03689 0.01 1 82 -0.00467107
2918 305.513 7.95959 0.01 1 64 0
2924 305.835 7.95959 0.01 1 63 0
2925 310.047 7.92568 0.01 1 72 0
2926 308.378 7.46532 0.01 1 72 0
2931 310.553 8.03689 0.01 1 81 0
2938 310.33 7.95011 0.01 1 72 0
2944 310.69 7.95807 0.01 1 72 0
2945 308.642 7.67209 0.01 1 72 0
2954 305.835 7.95959 0.01 1 64 0
2959 305.835 7.95959 0.01 1 64 0
2976 304.989 7.81797 0.01 1 64 0
2977 305.835 7.95959 0.01 1 63 0
2979 310.553 8.03689 0.01 1 80 0
2983 310.169 7.7277 0.01 1 72 0
2984 305.835 7.95959 0.01 1 63 0
2992 305.835 7.95959 0.01 1 63 0
2993 305.835 7.95959 0.01 1 63 0
2995 309.835 8.30929 0.01 1 72 0
2999 306.429 8.42524 0.01 1 72 0
3011 305.896 7.97083 0.01 1 63 0
3013 309.368 7.97774 0.01 1 72 0
3014 305.835 7.95959 0.01 1 64 0
3024 305.513 7.95959 0.01 1 64 0
3025 305.835 7.95959 0.01 1 62 0
3026 311.097 7.08552 0.01 1 72 0
3029 310.69 7.80554 0.01 1 72 -8.67099e-05
3036 310.996 7.81791 0.01 1 72 0
3038 311.633 8.03689 0.01 1 80 0
3052 305.835 8.01353 0.01 1 63 0
3055 305.896 7.97083 0.01 1 64 0
3058 310.172 8.14862 0.01 1 72 0
3060 305.835 7.95959 0.01 1 64 0
3069 305.612 7.87226 0.01 1 64 0
3074 305.896 7.97083 0.01 1 64 0
3076 310.2 8.29391 0.01 1 72 0
3078 305.835 7.80756 0.01 1 63 0
3080 305.835 8.09149 0.01 1 64 3.51965e-05
3081 310.553 8.03689 0.01 1 80 0
3085 305.896 7.97083 0.01 1 64 0
3086 305.835 7.95959 0.01 1 63 0
3106 310.172 8.05676 0.01 1 72 0
3108 308.416 8.13443 0.01 1 72 0
3110 305.81 7.90305 0.01 1 63 0
3112 306.651 7.93642 0.01 1 64 0
3113 306.32 7.95959 0.01 1 63 -0.00235161
3120 309.156 7.97774 0.01 1 72 0
3121 306.651 7.93642 0.01 1 64 0
3127 310.553 8.19492 0.01 1 80 0
3134 309.197 8.3535 0.01 1 72 0
3148 310.553 8.03689 0.01 1 80 0
3153 305.835 7.95959 0.01 1 64 0
3164 310.687 8.11187 0.01 1 80 0
3168 304.858 7.95959 0.01 1 63 0
3181 305.612 7.90305 0.01 1 64 0
3183 309.835 8.36652 0.01 1 72 0
3190 305.612 7.90305 0.01 1 64 0
3197 310.553 8.03689 0.01 1 80 0
3203 305.612 7.87226 0.01 1 64 0
3205 305.888 7.95959 0.01 1 63 0
3206 309.835 8.30929 0.01 1 72 0
3214 305.612 7.90305 0.01 1 64 0
3218 305.835 7.95959 0.01 1 64 0
3220 310.172 8.14862 0.01 1 72 0
3223 310.744 8.12206 0.01 1 80 0
3224 305.835 8.03352 0.01 1 64 0
3226 305.288 7.95959 0.01 1 64 0
3230 311.097 7.35785 0.01 1 72 0
3238 310.8 7.94035 0.01 1 72 0
3242 307.807 7.46532 0.01 1 72 0
3247 310.744 8.12206 0.01 1 80 0
3253 310.344 8.15337 0.01 1 72 0
3254 309.197 8.3535 0.01 1 72 0
3256 311.633 8.03689 0.01 1 80 0
3267 310.169 7.76589 0.01 1 72 0
3277 303.935 7.95959 0.01 1 63 0
3279 310.553 8.03689 0.01 1 80 0
3283 309.08 7.89728 0.01 1 72 0
3285 310.169 7.76589 0.01 1 72 0
3289 305.835 7.95959 0.01 1 64 0
3290 307.048 8.18794 0.01 1 72 0
3292 305.612 7.90305 0.01 1 64 0
3295 310.8 7.94035 0.01 1 72 0
3303 310.553 7.90517 0.01 1 80 0
3318 305.835 7.95959 0.01 1 64 0
3321 305.835 7.95959 0.01 1 64 0
3333 305.835 7.95959 0.01 1 64 0
3339 309.494 8.26967 0.01 1 72 0
3342 307.793 8.05676 0.01 1 72 -0.000124201
3344 309.984 7.93648 0.01 1 72 0
3346 305.835 7.95959 0.01 1 64 0
3347 309.825 7.69496 0.01 1 72 0
3351 308.184 8.26967 0.01 1 72 0
3353 309.249 8.26967 0.01 1 72 0.000964686
3354 305.835 7.95959 0.01 1 62 0
3366 310.103 8.26223 0.01 1 72 0
3367 309.072 8.18996 0.01 1 72 0
3369 310.553 8.03689 0.01 1 80 0
3382 305.835 7.97668 0.01 1 64 0
3386 310.081 7.92568 0.01 1 72 0
3388 305.835 7.84724 0.01 1 64 -3.13967e-05
3399 310.553 8.19492 0.01 1 80 0
3401 310.047 7.92568 0.01 1 72 0
3404 305.787 8.01353 0.01 1 64 0
3411 311.097 7.08552 0.01 1 72 0
3416 305.787 8.01353 0.01 1 64 0
3424 305.835 7.95959 0.01 1 64 0
3428 310.8 7.94035 0.01 1 72 0
3438 305.835 7.95959 0.01 1 64 0
3440 312.562 7.7568 0.01 1 72 0
3442 310.553 8.03689 0.01 1 81 0
3447 309.368 7.94528 0.01 1 72 -1.72853e-06
3450 309.825 7.82455 0.01 1 72 0
3454 309.156 8.05213 0.01 1 72 0
3457 311.097 7.35785 0.01 1 72 0
3459 305.835 7.95959 0.01 1 64 0
3464 305.835 7.95959 0.01 1 64 0
3468 305.835 7.95959 0.01 1 64 0
3469 310.553 8.03689 0.01 1 80 0
3472 305.835 7.95959 0.01 1 63 0
3477 308.238 7.84614 0.01 1 72 0
3483 310.553 8.03689 0.01 1 80 0
3485 310.217 7.69144 0.01 1 72 0
3487 305.835 7.95959 0.01 1 63 0
3491 309.825 7.69496 0.01 1 72 0
3501 310.553 8.03689 0.01 1 80 0
3504 305.835 7.95959 0.01 1 64 0
3508 310.908 7.80393 0.01 1 80 0.00252208
3511 310.553 8.03689 0.01 1 80 0
3520 308.467 8.05825 0.01 1 72 0
3522 307.958 8.08499 0.01 1 72 0
3539 310.172 8.14862 0.01 1 72 0
3540 310.553 8.19492 0.01 1 80 0
3544 310.344 8.20696 0.01 1 72 0
3552 310.8 7.94035 0.01 1 72 0
3558 305.835 7.95959 0.01 1 64 0
3559 309.893 8.08683 0.01 1 72 0.00242174
3562 310.744 8.12206 0.01 1 81 0
3576 305.835 7.95959 0.01 1 64 0
3577 310.003 7.84614 0.01 1 72 0
3578 305.835 7.95959 0.01 1 62 0
3584 309.984 7.93648 0.01 1 72 0
3598 306.089 7.95959 0.01 1 62 0
3601 309.197 8.3535 0.01 1 72 0
3602 305.835 7.95959 0.01 1 64 0
3615 305.835 7.95959 0.01 1 63 0
3618 307.505 7.95665 0.01 1 72 0
3623 305.835 7.95959 0.01 1 63 0
3627 305.835 7.95959 0.01 1 64 0
3630 305.513 7.95959 0.01 1 64 0
3637 305.835 7.95959 0.01 1 64 0
3638 305.835 7.95959 0.01 1 64 0
3649 310.33 7.95011 0.01 1 72 0
3653 310.744 8.12206 0.01 1 80 0
3658 310.553 8.19492 0.01 1 80 0
3660 310.565 8.34025 0.01 1 72 0
3661 308.509 8.08283 0.01 1 72 0
3666 305.835 7.95959 0.01 1 64 0
3681 309.994 8.03689 0.01 1 81 -0.00511327
3682 309.825 7.69496 0.01 1 72 0
3686 308.916 8.15516 0.01 1 72 0
3688 305.835 7.95959 0.01 1 63 0
3693 309.77 8.03982 0.01 1 72 0
3710 305.835 7.95959 0.01 1 63 0
3715 310.003 7.84614 0.01 1 72 0
3716 305.896 7.97083 0.01 1 64 0
3717 305.896 7.97083 0.01 1 64 0
3730 305.835 7.95959 0.01 1 64 0
3735 305.835 7.95959 0.01 1 64 0
3742 304.858 7.95959 0.01 1 63 0
3743 304.858 7.95959 0.01 1 63 0
3749 307.958 8.08499 0.01 1 72 0
3750 305.835 7.95959 0.01 1 63 0
3764 305.835 7.95959 0.01 1 63 0
3765 305.835 7.95959 0.01 1 63 0
3766 305.835 7.95959 0.01 1 64 0
3767 305.896 7.97083 0.01 1 64 0
3769 305.896 7.97083 0.01 1 64 0
3782 305.835 7.95959 0.01 1 64 0
3791 305.835 7.95959 0.01 1 63 0
3794 305.835 7.95959 0.01 1 64 0
3804 310.553 8.03689 0.01 1 80 0
3821 305.835 7.95959 0.01 1 64 0
3825 310.301 7.52143 0.01 1 72 0
3839 305.835 7.95959 0.01 1 63 0
3840 305.835 7.95959 0.01 1 63 0
3842 305.835 7.95959 0.01 1 64 0
3854 310.553 8.03689 0.01 1 80 0
3857 305.835 8.03352 0.01 1 64 0
3867 305.835 7.95959 0.01 1 64 0
3873 305.612 7.90305 0.01 1 64 0
3874 305.835 7.95959 0.01 1 62 0
3877 311.365 7.35785 0.01 1 80 0
3885 305.835 7.95959 0.01 1 63 0
3889 308.783 8.25705 0.01 1 72 0
3890 310.103 8.26223 0.01 1 72 0
3893 306.429 8.42524 0.01 1 72 0
3912 310.744 8.12206 0.01 1 80 0
3914 305.787 8.01353 0.01 1 64 0
3916 311.097 7.35785 0.01 1 72 0
3921 310.172 8.14862 0.01 1 72 0
3927 310.169 7.76589 0.01 1 72 0
3928 310.172 8.05676 0.01 1 72 0
3929 305.835 7.95959 0.01 1 64 0
3934 305.888 7.95959 0.01 1 63 0
3939 310.172 8.14862 0.01 1 72 0
3955 305.835 7.95959 0.01 1 63 0
3973 311.303 8.14862 0.01 1 72 -0.00573346
3979 305.787 8.01353 0.01 1 64 0
3980 305.835 7.95959 0.01 1 63 0
3982 311.289 8.16978 0.01 1 72 0
3985 310.553 8.03689 0.01 1 80 0
3990 308.467 8.05825 0.01 1 72 0
3996 310.565 8.34025 0.01 1 72 0
4001 310.8 8.00357 0.01 1 72 0
4002 305.835 8.01353 0.01 1 63 0
4003 310.172 8.14862 0.01 1 72 0
4009 311.097 7.08552 0.01 1 72 0
4017 311.502 7.76884 0.01 1 72 0
4024 306.651 7.93642 0.01 1 63 0
4027 305.835 7.95959 0.01 1 64 0
4030 305.835 7.95959 0.01 1 62 0
4036 305.835 7.95959 0.01 1 62 0
4043 305.835 7.95959 0.01 1 63 0
4050 308.184 8.26967 0.01 1 72 0
4055 310.169 7.76589 0.01 1 72 0
4062 305.835 7.95959 0.01 1 64 0
4064 305.835 7.95959 0.01 1 64 0
4066 311.502 7.94617 0.01 1 72 0
4071 305.81 7.90305 0.01 1 64 0
4073 310.744 8.24601 0.01 1 80 0.000220299
4078 305.835 7.95959 0.01 1 64 0
4083 305.835 7.95959 0.01 1 62 0
4096 308.184 8.26967 0.01 1 72 0
4100 305.896 7.97083 0.01 1 64 0
4111 305.835 7.95959 0.01 1 63 0
4112 309.368 7.97774 0.01 1 72 0
4118 309.152 8.11187 0.01 1 80 0
4133 304.858 7.95959 0.01 1 64 0
4138 309.072 8.18996 0.01 1 72 0
4141 305.835 7.95959 0.01 1 63 0
4144 310.553 8.03689 0.01 1 80 0
4147 304.858 7.95959 0.01 1 63 0
4148 309.825 7.69496 0.01 1 72 0
4149 305.888 7.95959 0.01 1 63 0
4158 305.896 7.97083 0.01 1 63 0
4178 309.825 7.69496 0.01 1 72 0
4185 308.184 8.26967 0.01 1 72 0
4186 308.184 8.26967 0.01 1 72 0
4196 305.835 7.95959 0.01 1 63 0
4209 305.835 7.95959 0.01 1 64 0
4213 305.835 7.97668 0.01 1 64 0
4214 310.553 8.08683 0.01 1 72 0
4217 307.78 8.0682 0.01 1 72 0
4218 310.8 7.94035 0.01 1 72 0
4225 305.612 7.90305 0.01 1 64 0
4226 305.835 7.95959 0.01 1 63 0
4231 305.835 7.95959 0.01 1 64 0
4237 305.835 7.95959 0.01 1 64 0
4242 310.744 8.06657 0.01 1 80 0
4262 305.835 7.95959 0.01 1 64 0
4266 305.835 7.95959 0.01 1 64 0
4281 309.368 7.97774 0.01 1 72 0
4286 310.553 7.92973 0.01 1 80 0
4289 310.687 8.09967 0.01 1 80 0
4298 309.367 8.26967 0.01 1 72 0
4299 305.835 7.95959 0.01 1 64 0
4304 310.69 7.95807 0.01 1 72 0
4307 305.612 7.90305 0.01 1 63 0
4315 310.553 7.80393 0.01 1 80 0
4318 305.835 7.95959 0.01 1 63 0
4332 305.835 7.95959 0.01 1 64 0
4333 309.984 7.93648 0.01 1 72 0
4337 310.744 8.12206 0.01 1 80 0
4350 311.097 7.08552 0.01 1 72 0
4365 309.984 7.93648 0.01 1 72 0
4366 305.835 7.95959 0.01 1 63 0
4368 305.835 7.95959 0.01 1 64 0
4377 306.739 8.26544 0.01 1 72 0
4388 303.935 7.95959 0.01 1 63 0
4404 306.729 7.95959 0.01 1 64 0
4408 310.553 8.03689 0.01 1 80 0
4414 310.553 8.03689 0.01 1 80 0
4416 310.172 8.05676 0.01 1 72 0
4421 305.835 8.02569 0.01 1 63 0
4427 307.74 8.01347 0.01 1 72 0
4432 308.61 7.46744 0.01 1 72 0
4450 305.835 7.95959 0.01 1 63 0
4460 305.835 7.95959 0.01 1 64 0
4486 305.835 7.95959 0.01 1 64 0
4491 305.896 7.97083 0.01 1 63 0
4495 305.835 7.95959 0.01 1 63 0
4498 311.289 8.25334 0.01 1 72 0
4504 311.097 7.08552 0.01 1 72 0
4509 312.804 8.03689 0.01 1 82 0.0152735
4517 305.835 7.95959 0.01 1 64 0
4519 309.984 7.93648 0.01 1 72 0
4530 310.744 8.04936 0.01 1 80 0
4538 310.553 8.19492 0.01 1 80 0
4542 313.464 7.94617 0.01 1 72 -0.0194025
4545 304.858 7.95959 0.01 1 62 0
4549 311.633 8.03689 0.01 1 80 0
4555 304.858 7.95959 0.01 1 62 0
4560 308.467 8.0104 0.01 1 72 0
4579 311.097 7.08552 0.01 1 72 0
4581 310.687 8.11187 0.01 1 80 0
4583 310.553 8.03689 0.01 1 80 0
4584 304.858 7.95959 0.01 1 62 0
4591 305.835 7.97668 0.01 1 64 0
4594 305.835 7.95959 0.01 1 64 0
4607 305.835 7.95959 0.01 1 64 0
4611 310.553 8.29171 0.01 1 80 0.000532955
4620 306.651 7.93642 0.01 1 64 0
4629 308.916 8.15516 0.01 1 72 0
4639 305.835 7.95959 0.01 1 62 0
4641 306.429 8.42524 0.01 1 72 0
4642 308.467 8.05825 0.01 1 72 0
4644 305.835 7.95959 0.01 1 63 0
4646 305.835 7.95959 0.01 1 64 0
4648 310.8 7.94035 0.01 1 72 0
4656 305.835 7.95959 0.01 1 64 0
4659 305.835 7.95959 0.01 1 64 0
4662 310.003 7.84614 0.01 1 72 0
4670 305.896 7.97083 0.01 1 64 0
4673 311.633 8.03689 0.01 1 80 0
4683 305.835 7.95959 0.01 1 63 0
4690 305.835 7.95959 0.01 1 63 0
4691 305.835 7.95959 0.01 1 64 0
4693 308.783 8.25705 0.01 1 72 0
4694 305.835 7.95959 0.01 1 64 0
4695 310.553 8.03689 0.01 1 80 0
4696 309.072 8.18996 0.01 1 72 0
4697 305.835 7.95959 0.01 1 63 0
4699 310.169 7.76589 0.01 1 72 0
4705 304.989 7.81797 0.01 1 64 0
4718 305.835 7.97668 0.01 1 64 0
4726 305.896 7.97083 0.01 1 64 0
4729 305.835 7.95959 0.01 1 64 0
4731 309.197 8.3535 0.01 1 72 0
4732 308.509 8.08283 0.01 1 72 0
4760 305.835 7.95959 0.01 1 62 0
4770 310.553 8.19492 0.01 1 80 0
4771 310.2 8.26967 0.01 1 72 0
4776 305.835 7.80756 0.01 1 63 -0.000108406
4785 305.835 7.95959 0.01 1 63 0
4786 305.835 7.95959 0.01 1 63 0
4787 310.553 8.19492 0.01 1 80 0
4789 310.553 7.92973 0.01 1 80 -0.000239104
4791 306.651 7.93642 0.01 1 64 0
4799 308.184 8.26967 0.01 1 72 0
4805 305.835 7.95959 0.01 1 64 0
4808 305.835 7.97668 0.01 1 64 0
4817 307.903 8.13893 0.01 1 72 -1.40518e-05
4825 310.553 8.03689 0.01 1 80 0
4827 310.103 8.26223 0.01 1 72 0
4843 310.103 8.26223 0.01 1 72 0
4845 310.172 8.14862 0.01 1 72 0
4847 305.835 7.95959 0.01 1 64 0
4849 305.835 7.95959 0.01 1 63 0
4892 310.33 7.95011 0.01 1 72 0
4894 311.502 7.94617 0.01 1 72 0
4903 308.467 8.05825 0.01 1 72 0
4908 305.835 7.95959 0.01 1 63 0
4909 310.172 8.14862 0.01 1 72 0
4917 305.835 7.95959 0.01 1 64 0
4923 309.494 8.26967 0.01 1 72 0
4924 305.612 7.90305 0.01 1 64 0
4926 305.835 7.95959 0.01 1 64 0
4946 311.633 8.03689 0.01 1 80 0
4962 305.835 7.95959 0.01 1 64 0
4971 311.633 8.03689 0.01 1 80 0
4973 305.835 8.01353 0.01 1 63 0
4974 309.072 8.18996 0.01 1 72 0
4988 310.553 8.03689 0.01 1 80 0
4989 310.881 8.3535 0.01 1 72 -0.00491998
5012 310.553 8.19492 0.01 1 80 0
5019 305.835 7.95959 0.01 1 64 0
5022 311.502 7.94617 0.01 1 72 0
5027 309.156 8.05213 0.01 1 72 0
5030 306.429 8.42524 0.01 1 72 0
5035 310.553 8.19492 0.01 1 80 0
5038 310.553 8.03689 0.01 1 80 0
5055 310.103 8.26223 0.01 1 72 0
5062 310.744 8.12206 0.01 1 81 0
5066 305.513 7.95959 0.01 1 64 0
5069 310.33 7.95011 0.01 1 72 0
5076 305.835 7.95959 0.01 1 63 0
5079 310.553 8.03689 0.01 1 80 0
5081 305.835 7.95959 0.01 1 64 0
5087 309.584 8.21634 0.01 1 72 0
5092 310.553 8.1841 0.01 1 80 0
5097 305.835 8.03543 0.01 1 63 0
5099 305.835 7.95959 0.01 1 64 0
5100 310.553 8.03689 0.01 1 80 0
5102 307.78 8.0682 0.01 1 72 0
5105 305.835 7.95959 0.01 1 63 0
5134 305.835 7.95959 0.01 1 63 0
5137 305.835 7.95959 0.01 1 64 0
5142 310.2 8.32396 0.01 1 72 0
5152 310.862 8.0463 0.01 1 80 0
5164 310.744 8.12206 0.01 1 80 0
5167 310.553 7.99047 0.01 1 80 -0.000102401
5174 305.835 7.95959 0.01 1 64 0
5176 310.69 7.95807 0.01 1 72 0
5180 310.172 8.14862 0.01 1 72 0
5182 306.651 7.93642 0.01 1 64 0
5194 310.172 8.14862 0.01 1 72 0
5195 309.825 7.69496 0.01 1 72 0
5199 308.467 8.0104 0.01 1 72 0
5203 305.835 7.95959 0.01 1 62 0
5204 307.428 7.95959 0.01 1 62 0
5213 305.835 7.95959 0.01 1 63 0
5214 309.825 7.82455 0.01 1 72 0
5222 305.896 7.97083 0.01 1 64 0
5231 305.835 7.95959 0.01 1 64 0
5235 305.81 7.90305 0.01 1 64 0
5237 309.869 8.1671 0.01 1 72 0
5251 309.869 8.15314 0.01 1 72 0
5253 305.835 7.95959 0.01 1 64 0
5256 310.553 8.03689 0.01 1 80 0
5261 304.858 7.95959 0.01 1 62 0
5262 305.835 7.95959 0.01 1 64 0
5266 310.217 7.69144 0.01 1 72 0
5269 305.835 7.95959 0.01 1 64 0
5276 305.835 7.95959 0.01 1 64 0
5284 305.835 7.95959 0.01 1 63 0
5285 310.33 7.95011 0.01 1 72 0
5286 309.835 8.30929 0.01 1 72 0
5294 305.612 7.90305 0.01 1 64 0
5304 309.368 7.97774 0.01 1 72 0
5305 310.172 8.03613 0.01 1 72 0
5310 308.676 8.1908 0.01 1 72 0
5315 308.916 8.15516 0.01 1 72 0
5319 307.853 8.26544 0.01 1 64 0
5323 305.835 7.95959 0.01 1 63 0
5325 305.835 7.93576 0.01 1 64 0
5328 308.416 8.13443 0.01 1 72 0
5332 310.553 8.03689 0.01 1 80 0
5340 310.553 8.08683 0.01 1 72 0
5354 305.835 7.95959 0.01 1 64 0
5356 307.95 7.95959 0.01 1 62 -0.0178097
5369 309.156 7.97774 0.01 1 72 0
5384 305.835 7.95959 0.01 1 64 0
5404 306.739 8.26544 0.01 1 72 0
5414 305.835 7.95959 0.01 1 63 0
5418 305.835 7.95959 0.01 1 63 0
5426 310.553 7.90517 0.01 1 80 0
5433 310.553 8.03689 0.01 1 80 0
5434 310.169 7.76589 0.01 1 72 0
5436 305.835 7.95959 0.01 1 64 0
5439 310.553 8.19492 0.01 1 80 0
5452 309.156 7.97774 0.01 1 72 0
5464 304.858 7.95959 0.01 1 63 0
5465 304.858 7.95959 0.01 1 62 0
5469 305.835 7.95959 0.01 1 62 0
5471 305.835 7.95959 0.01 1 62 0
5480 308.509 8.08283 0.01 1 72 0
5485 310.172 8.14862 0.01 1 72 0
5492 310.744 8.12206 0.01 1 81 0
5496 305.835 7.95959 0.01 1 64 0
5498 305.612 7.90305 0.01 1 64 0
5503 305.835 7.95959 0.01 1 64 0
5504 305.835 7.95959 0.01 1 62 0
5505 310.565 8.34025 0.01 1 72 0
5507 309.825 7.82455 0.01 1 72 0
5512 308.448 7.88517 0.01 1 72 0
5513 305.835 7.95959 0.01 1 62 0
5517 310.687 8.11187 0.01 1 80 0
5519 310.33 8.04606 0.01 1 72 0
5526 305.835 7.95959 0.01 1 62 0
5528 305.835 7.95959 0.01 1 64 0
5535 305.835 7.95959 0.01 1 63 0
5541 305.612 7.90305 0.01 1 64 0
5545 312.804 8.03689 0.01 1 82 0
5547 305.835 7.95959 0.01 1 63 0
5548 312.562 7.7568 0.01 1 72 0
5549 305.835 7.95959 0.01 1 63 0
5552 305.835 7.99256 0.01 1 63 2.27094e-05
5554 306.651 7.93642 0.01 1 64 0
5565 310.553 8.03689 0.01 1 80 0
5566 304.956 7.90305 0.01 1 64 0
5584 305.835 7.95959 0.01 1 63 0
5587 310.744 8.03436 0.01 1 80 0
5597 305.835 7.95959 0.01 1 64 0
5602 305.835 7.95959 0.01 1 64 0
5605 310.553 8.03689 0.01 1 82 0
5608 307.64 8.1342 0.01 1 72 0
5624 308.467 8.05825 0.01 1 72 0
5638 310.744 8.04936 0.01 1 80 0
5650 310.744 8.12206 0.01 1 81 0
5654 305.835 7.95959 0.01 1 63 0
5657 308.184 8.26967 0.01 1 72 0
5672 305.835 7.95959 0.01 1 63 0
5674 309.156 7.97774 0.01 1 72 0
5678 309.368 7.94528 0.01 1 72 0
5683 305.835 7.95959 0.01 1 64 0
5691 305.835 7.95959 0.01 1 63 0
5692 305.896 7.97083 0.01 1 64 0
5701 310.862 8.0463 0.01 1 80 0
5707 305.835 7.95959 0.01 1 62 0
5713 305.835 7.95959 0.01 1 64 0
5717 304.858 7.95959 0.01 1 64 0
5719 305.835 7.95959 0.01 1 64 0
5734 308.467 8.05825 0.01 1 72 0
5735 305.835 7.95959 0.01 1 64 0
5739 305.835 7.95959 0.01 1 64 0
5742 309.825 7.69496 0.01 1 72 0
5760 305.835 7.95959 0.01 1 63 0
5761 305.835 7.97668 0.01 1 64 0
5769 310.172 8.14862 0.01 1 72 0
5774 305.896 7.97083 0.01 1 64 0
5775 305.835 7.95959 0.01 1 64 0
5778 305.835 8.02569 0.01 1 63 -6.57141e-06
5780 308.472 8.32583 0.01 1 72 0
5783 309.197 8.3535 0.01 1 72 0
5785 305.835 7.95959 0.01 1 64 0
5792 308.467 8.08763 0.01 1 72 0
5796 310.103 8.26223 0.01 1 72 0
5802 310.172 8.05676 0.01 1 72 0
5809 305.835 7.95959 0.01 1 64 0
5815 304.858 7.95959 0.01 1 62 0
5817 305.896 7.89756 0.01 1 64 0
5829 307.853 8.26544 0.01 1 64 0
5830 305.835 7.80756 0.01 1 63 0
5834 305.835 7.95959 0.01 1 64 0
5835 308.642 7.67209 0.01 1 72 0
5837 311.097 7.08552 0.01 1 72 0
5842 310.553 8.03689 0.01 1 80 0
5860 310.172 8.05676 0.01 1 72 0
5862 308.472 8.32583 0.01 1 72 0
5864 305.835 7.95959 0.01 1 64 0
5869 305.835 8.03352 0.01 1 64 0
5885 305.835 7.95959 0.01 1 64 0
5886 305.896 7.97083 0.01 1 64 0
5897 305.835 8.09149 0.01 1 64 0
5899 306.429 8.42524 0.01 1 72 0
5900 305.835 7.95959 0.01 1 64 0
5905 308.184 8.30444 0.01 1 72 0
5907 310.553 8.03689 0.01 1 80 0
5915 305.835 7.95959 0.01 1 63 0
5917 310.553 8.03689 0.01 1 80 0
5920 307.72 7.92942 0.01 1 72 0
5924 310.744 8.12206 0.01 1 81 0
5926 308.314 8.60244 0.01 1 72 0
5927 310.305 8.26967 0.01 1 72 0
5931 305.835 7.95959 0.01 1 63 0
5937 305.835 7.95959 0.01 1 63 0
5939 305.612 7.90305 0.01 1 64 0
5941 305.888 7.95959 0.01 1 63 0
5947 305.835 7.95959 0.01 1 64 0
5954 309.825 7.82455 0.01 1 72 0
5956 307.958 8.08499 0.01 1 72 0
5964 311.382 7.6376 0.01 1 72 0
5967 305.835 7.95959 0.01 1 64 0
5969 305.835 7.95959 0.01 1 63 0
5970 307.74 8.01347 0.01 1 72 0
5973 310.553 8.29171 0.01 1 80 0
5975 305.835 7.95959 0.01 1 63 0
5979 309.152 8.11187 0.01 1 80 0
5984 305.835 7.95959 0.01 1 63 0
5991 304.956 7.90305 0.01 1 64 0
5992 310.301 7.6376 0.01 1 72 0
6003 307.933 8.11947 0.01 1 72 0
6008 307.338 7.95959 0.01 1 64 -0.00729813
6009 310.081 7.92568 0.01 1 72 0
6010 305.835 7.95959 0.01 1 63 0
6016 305.612 7.90305 0.01 1 64 0
6021 305.835 7.95959 0.01 1 64 0
6024 308.467 8.05825 0.01 1 72 0
6028 305.513 7.95959 0.01 1 64 0
6031 309.368 7.97774 0.01 1 72 0
6044 307.807 7.46532 0.01 1 72 0
6048 304.858 7.95959 0.01 1 62 0
6053 305.835 7.95959 0.01 1 64 0
6059 311.097 7.08552 0.01 1 72 0
6062 306.892 8.05825 0.01 1 72 -0.00625333
6074 305.835 8.03352 0.01 1 64 0
6078 310.553 8.19492 0.01 1 80 0
6082 305.835 7.95959 0.01 1 63 0
6092 305.835 7.95959 0.01 1 64 0
6095 305.835 7.95959 0.01 1 63 0
6096 308.467 8.0104 0.01 1 72 0
6103 310.2 8.26967 0.01 1 72 0
6118 310.744 8.05059 0.01 1 80 0
6123 309.869 8.1671 0.01 1 72 0
6125 307.72 7.82326 0.01 1 72 0
6126 309.825 7.82455 0.01 1 72 0
6127 310.744 8.05059 0.01 1 80 0
6133 308.184 8.26967 0.01 1 72 0
6136 310.565 8.16978 0.01 1 72 0
6137 306.739 8.26544 0.01 1 72 0
6140 305.896 7.89756 0.01 1 64 0
6141 308.238 7.84614 0.01 1 72 0
6149 310.553 8.03689 0.01 1 80 0
6151 305.513 7.95959 0.01 1 64 0
6154 305.835 7.95959 0.01 1 64 0
6160 309.869 8.1671 0.01 1 72 0
6164 309.35 8.32396 0.01 1 72 0.0018796
6167 305.835 7.97668 0.01 1 64 0
6169 305.835 7.95959 0.01 1 64 0
6172 309.825 7.82455 0.01 1 72 0
6175 305.835 7.95959 0.01 1 63 0
6177 305.835 7.95959 0.01 1 63 0
6178 305.835 7.95959 0.01 1 64 0
6189 305.835 7.95959 0.01 1 64 0
6191 310.344 8.20696 0.01 1 72 0
6192 305.835 7.95959 0.01 1 63 0
6198 310.33 8.00231 0.01 1 72 0
6205 305.835 7.95959 0.01 1 63 0
6218 310.553 8.03689 0.01 1 80 0
6223 310.305 8.26967 0.01 1 72 0
6230 305.835 7.95959 0.01 1 64 0
6232 310.553 8.03689 0.01 1 80 0
6234 305.835 7.95959 0.01 1 64 0
6236 310.744 8.12206 0.01 1 80 0
6248 305.835 7.95959 0.01 1 62 0
6252 305.888 7.95959 0.01 1 63 0
6253 305.835 7.95959 0.01 1 64 0
6255 305.787 8.01353 0.01 1 64 0
6264 307.933 8.11947 0.01 1 72 0
6268 305.047 7.95959 0.01 1 64 0
6270 305.835 7.95959 0.01 1 63 0
6276 310.744 8.05059 0.01 1 80 0
6277 305.835 7.95959 0.01 1 63 0
6279 310.687 8.11187 0.01 1 80 0
6280 309.197 8.3535 0.01 1 72 0
6286 305.513 7.95959 0.01 1 64 0
6287 309.197 8.3535 0.01 1 72 0
6289 307.199 8.12304 0.01 1 64 0
6292 305.835 7.95959 0.01 1 63 0
6293 308.467 8.0104 0.01 1 72 0
6296 305.835 7.95959 0.01 1 63 0
6299 306.089 7.95959 0.01 1 62 0
6303 305.835 7.95959 0.01 1 64 0
6308 305.835 7.95959 0.01 1 63 0
6311 305.835 7.95959 0.01 1 63 0
6312 305.896 7.89756 0.01 1 64 0
6313 310.33 7.95011 0.01 1 72 0
6314 305.835 7.95959 0.01 1 63 0
6316 309.197 8.3535 0.01 1 72 0
6318 309.156 8.05213 0.01 1 72 0
6327 305.835 7.95959 0.01 1 64 0
6340 311.097 7.08552 0.01 1 72 0
6347 310.553 8.03689 0.01 1 80 0
6348 310.553 8.19492 0.01 1 80 0
6353 309.072 8.18996 0.01 1 72 0
6355 310.744 8.12206 0.01 1 81 0
6356 309.984 7.92517 0.01 1 72 0
6361 306.089 7.95959 0.01 1 62 -0.00151235
6363 305.835 7.95959 0.01 1 63 0
6373 304.858 7.95959 0.01 1 62 0
6376 310.344 8.20696 0.01 1 72 0
6386 308.509 8.08283 0.01 1 72 0
6392 305.835 8.16364 0.01 1 64 0
6398 305.835 7.95959 0.01 1 63 0
6403 305.835 7.95959 0.01 1 64 0
6407 310.04 8.33478 0.01 1 72 0.000415251
6413 310.553 8.08683 0.01 1 72 0
6414 305.835 7.95959 0.01 1 62 0
6418 305.835 7.95959 0.01 1 64 0
6430 310.169 7.76589 0.01 1 72 0
6433 305.835 7.95959 0.01 1 63 0
6438 305.896 7.97083 0.01 1 64 0
6455 305.835 7.95959 0.01 1 63 0
6456 310.553 8.03689 0.01 1 80 0
6457 305.835 7.95959 0.01 1 63 0
6463 305.513 7.95959 0.01 1 64 0
6466 310.553 8.03689 0.01 1 80 0
6475 305.835 7.95959 0.01 1 64 0
6478 305.835 8.03352 0.01 1 64 0
6482 305.835 7.95959 0.01 1 64 0
6487 304.858 7.95959 0.01 1 64 0
6498 305.835 7.95959 0.01 1 64 0
6502 305.612 7.90305 0.01 1 64 0
6508 305.835 7.97668 0.01 1 64 0
6509 310.744 8.12206 0.01 1 82 0
6517 305.787 8.01353 0.01 1 64 0
6518 310.305 8.26967 0.01 1 72 0
6522 305.835 7.95959 0.01 1 64 0
6524 305.835 7.95959 0.01 1 63 0
6537 305.835 7.95959 0.01 1 63 0
6538 305.896 7.97083 0.01 1 64 0
6540 305.835 7.95959 0.01 1 64 0
6544 305.835 8.02569 0.01 1 63 0
6549 305.835 7.95959 0.01 1 64 0
6553 305.835 7.93576 0.01 1 64 -6.55651e-06
6568 305.835 7.95959 0.01 1 64 0
6573 305.896 7.97083 0.01 1 64 0
6580 305.896 7.97083 0.01 1 64 0
6581 305.835 7.95959 0.01 1 62 0
6582 305.835 7.95959 0.01 1 64 0
6588 310.172 8.14862 0.01 1 72 0
6589 305.835 7.95959 0.01 1 64 0
6597 310.69 7.95807 0.01 1 72 0
6609 308.467 8.05825 0.01 1 72 0
6616 305.835 7.95959 0.01 1 64 0
6633 306.429 8.42524 0.01 1 72 0
6638 310.078 8.05477 0.01 1 80 0
6647 305.835 7.95959 0.01 1 63 0
6653 305.896 7.97083 0.01 1 64 0
6656 305.835 7.95959 0.01 1 63 0
6659 305.612 7.90305 0.01 1 64 0
6660 305.835 7.95959 0.01 1 62 0
6667 305.835 7.95959 0.01 1 62 0
6671 312.804 8.03689 0.01 1 82 0
6672 310.69 7.95807 0.01 1 72 0
6675 305.835 7.95959 0.01 1 62 0
6678 310.047 7.92568 0.01 1 72 0
6681 305.835 7.95959 0.01 1 62 0
6685 305.835 7.90027 0.01 1 64 -1.64062e-05
6686 306.429 8.42524 0.01 1 72 0
6689 308.472 8.32583 0.01 1 72 0
6692 311.633 8.03689 0.01 1 80 0
6696 310.744 8.12206 0.01 1 81 0
6706 310.553 8.03689 0.01 1 80 0
6708 310.744 8.24601 0.01 1 80 0
6713 311.633 8.03689 0.01 1 80 0
6717 305.787 8.01353 0.01 1 64 0
6724 305.835 7.95959 0.01 1 63 0
