max_pf 85 min_pf 58
individual T0 sigma disp_rate r0 patch_no mut_eff
0 308.018 8.32672 0.01 1 60 0
5 307.486 8.19297 0.01 1 72 0
6 309.705 8.32672 0.01 1 60 0
11 309.621 8.18422 0.01 1 72 0
28 308.694 8.04857 0.01 1 72 0
33 312.738 8.12152 0.01 1 83 0
37 308.018 8.19805 0.01 1 60 0
42 308.018 8.29892 0.01 1 58 0
53 308.03 8.17435 0.01 1 72 0
55 308.03 8.17435 0.01 1 72 0
59 308.018 8.32672 0.01 1 60 0
61 315.893 8.1348 0.01 1 83 0
62 308.018 8.38492 0.01 1 60 0
73 310.266 7.91379 0.01 1 72 0
97 314.016 8.20891 0.01 1 84 0
99 308.018 8.38492 0.01 1 59 0
101 308.018 8.29892 0.01 1 59 0
128 309.177 8.15773 0.01 1 59 0
129 314.016 8.20891 0.01 1 84 0
132 309.177 8.15773 0.01 1 59 0
135 308.018 8.32672 0.01 1 59 0
136 308.018 8.32672 0.01 1 60 0
148 308.018 8.32672 0.01 1 60 0
150 305.765 7.97687 0.01 1 72 0
158 308.018 8.32672 0.01 1 58 0
162 314.016 8.1348 0.01 1 83 0
167 308.018 8.32672 0.01 1 58 0
169 308.018 8.30282 0.01 1 60 0
175 307.409 8.32672 0.01 1 60 0
185 314.016 8.20891 0.01 1 84 0
192 306.963 8.2918 0.01 1 60 0
196 314.016 8.20891 0.01 1 84 0
198 306.692 8.32672 0.01 1 58 0
202 309.705 8.31738 0.01 1 58 0
229 309.423 8.1807 0.01 1 72 0
230 308.018 8.22862 0.01 1 60 -0.000720307
231 314.016 8.18465 0.01 1 83 0
232 308.018 8.32672 0.01 1 60 0
233 312.738 8.12152 0.01 1 83 0
235 308.728 7.91379 0.01 1 72 0
237 308.018 8.32672 0.01 1 60 0
239 314.016 8.12895 0.01 1 83 0
243 309.625 8.50998 0.01 1 72 0
245 308.018 8.32672 0.01 1 59 0
259 308.018 8.32672 0.01 1 59 0
262 306.963 8.2918 0.01 1 60 0
263 308.018 8.32672 0.01 1 60 0
285 311.377 7.98827 0.01 1 72 0
287 308.587 8.01411 0.01 1 72 0
293 308.018 8.32672 0.01 1 60 0
300 308.084 8.33524 0.01 1 72 0
310 308.696 8.31476 0.01 1 72 0
325 308.018 8.32672 0.01 1 60 0
345 314.016 8.20891 0.01 1 84 0
360 306.692 8.32672 0.01 1 59 0
372 309.965 7.91379 0.01 1 72 0
375 308.018 8.32672 0.01 1 60 0
378 308.03 8.10618 0.01 1 72 -5.34058e-05
387 314.016 8.1348 0.01 1 83 0
398 310.645 7.91091 0.01 1 72 0
405 305.603 8.32672 0.01 1 59 0
408 309.554 8.32672 0.01 1 58 0
410 308.018 8.32672 0.01 1 60 0
415 309.461 8.01902 0.01 1 72 0
422 308.018 8.30807 0.01 1 60 0
426 308.018 8.32672 0.01 1 60 0
428 310.35 8.1348 0.01 1 83 0
430 308.018 8.38492 0.01 1 59 0
438 306.963 8.2918 0.01 1 60 0
443 308.018 8.38492 0.01 1 59 0
455 310.21 8.24534 0.01 1 72 0
468 308.018 8.32672 0.01 1 60 0
475 314.016 8.20891 0.01 1 84 0
498 309.423 8.1807 0.01 1 72 0
511 308.474 8.36081 0.01 1 72 0
516 309.725 8.01661 0.01 1 72 6.55651e-07
525 314.016 8.20891 0.01 1 85 0
557 306.692 8.32672 0.01 1 60 0
558 308.018 8.32672 0.01 1 60 0
576 314.016 8.20891 0.01 1 85 0
584 308.018 8.38492 0.01 1 59 0
593 305.765 7.97687 0.01 1 72 0
601 314.016 8.13026 0.01 1 83 0
605 309.177 8.15773 0.01 1 59 0
606 309.177 8.15773 0.01 1 59 0
608 310.248 7.90938 0.01 1 72 0
609 309.078 8.40912 0.01 1 72 0
617 306.963 8.32672 0.01 1 60 0
625 305.918 7.92633 0.01 1 72 0
626 308.018 8.32672 0.01 1 59 0
631 310.176 7.9063 0.01 1 72 0
635 306.528 8.00981 0.01 1 72 0
640 314.016 8.1348 0.01 1 83 0
641 310.627 7.91379 0.01 1 72 0
642 314.016 8.1348 0.01 1 83 0
649 308.814 7.97033 0.01 1 72 0
650 312.738 8.12152 0.01 1 83 0
653 309.664 8.22372 0.01 1 72 0
661 314.016 8.20891 0.01 1 84 0
662 308.751 8.23526 0.01 1 60 -0.0087914
663 307.549 7.71868 0.01 1 72 0
676 308.018 8.32672 0.01 1 58 0
677 307.419 7.92349 0.01 1 72 0
690 308.018 8.23149 0.01 1 60 0
691 309.705 8.32672 0.01 1 59 0
692 308.018 8.02664 0.01 1 60 0
697 308.018 8.29892 0.01 1 58 0
698 314.016 8.20891 0.01 1 84 0
701 309.705 8.32672 0.01 1 60 0
703 308.018 8.32672 0.01 1 59 0
708 308.694 8.01411 0.01 1 72 0
724 308.018 8.34776 0.01 1 59 0
725 310.337 8.43085 0.01 1 72 0
726 308.018 8.38492 0.01 1 58 0
728 314.016 8.1348 0.01 1 83 0
738 308.279 7.62741 0.01 1 72 0
741 309.423 8.1807 0.01 1 72 0
745 308.084 8.33524 0.01 1 72 0
751 314.016 8.20891 0.01 1 84 0
755 310.337 8.43085 0.01 1 72 0
757 308.018 8.32672 0.01 1 58 0
758 314.016 8.20891 0.01 1 83 0
759 307.549 7.71868 0.01 1 72 0
763 308.694 8.01411 0.01 1 72 0
764 314.016 8.20891 0.01 1 83 0
767 310.005 8.12771 0.01 1 72 0
773 314.016 8.1348 0.01 1 84 0
774 308.018 8.32672 0.01 1 58 0
775 314.016 8.20891 0.01 1 84 0
778 308.018 8.32672 0.01 1 60 0
788 309.554 8.32672 0.01 1 58 0
803 314.96 8.20891 0.01 1 83 3.4228e-05
809 312.738 8.12152 0.01 1 83 0
814 314.016 8.1348 0.01 1 83 0
824 308.018 8.38492 0.01 1 59 0
826 309.725 8.06355 0.01 1 72 0
830 308.018 8.02664 0.01 1 59 0
838 314.016 8.20891 0.01 1 84 0
843 315.893 8.1348 0.01 1 83 0
845 309.705 8.32672 0.01 1 59 0
849 308.696 8.31476 0.01 1 72 0
850 308.018 8.29892 0.01 1 58 0
854 308.018 8.38916 0.01 1 58 0
861 314.016 8.20891 0.01 1 84 0
863 308.084 8.33524 0.01 1 72 0
867 308.018 8.02664 0.01 1 60 0
873 314.016 8.20891 0.01 1 84 0
893 314.016 8.12895 0.01 1 83 0
898 309.705 8.32672 0.01 1 59 0
899 311.712 8.1348 0.01 1 83 0
903 310.337 8.43085 0.01 1 72 0
907 306.963 8.32672 0.01 1 60 0
912 307.853 7.65219 0.01 1 72 0
921 308.018 8.32672 0.01 1 60 0
926 307.308 7.85746 0.01 1 72 -0.00021179
929 310.248 7.90938 0.01 1 72 0
936 315.133 8.12152 0.01 1 83 0
942 314.016 8.1348 0.01 1 84 0
953 314.016 8.1348 0.01 1 83 0
963 314.016 8.20891 0.01 1 83 0
964 309.281 8.1455 0.01 1 72 -0.000118181
977 305.792 8.17435 0.01 1 72 0
987 309.423 8.1807 0.01 1 72 0
990 311.712 8.1348 0.01 1 83 0
1006 307.549 7.71868 0.01 1 72 0
1012 306.692 8.32672 0.01 1 60 0
1014 308.018 8.32672 0.01 1 60 0
1021 315.133 8.12152 0.01 1 83 0
1025 314.016 8.1348 0.01 1 83 0
1028 307.03 8.32672 0.01 1 59 0
1031 308.018 8.32672 0.01 1 60 0
1033 307.172 8.1094 0.01 1 72 0
1034 308.631 7.91315 0.01 1 72 0
1047 314.016 8.1348 0.01 1 83 0
1048 306.963 8.2918 0.01 1 60 0
1053 311.712 8.1348 0.01 1 84 0
1055 306.692 8.32672 0.01 1 60 0
1057 307.485 8.32672 0.01 1 60 -0.00504301
1061 309.177 8.15773 0.01 1 59 0
1079 308.018 8.32672 0.01 1 60 0
1084 307.308 8.04893 0.01 1 72 0
1085 310.005 8.12771 0.01 1 72 0
1098 310.645 7.91091 0.01 1 72 0
1101 308.018 8.38492 0.01 1 59 0
1107 308.018 8.38492 0.01 1 59 0
1110 309.664 8.09449 0.01 1 72 0
1113 309.621 8.17597 0.01 1 72 0
1124 314.016 8.1348 0.01 1 83 0
1129 314.016 8.20891 0.01 1 83 0
1130 308.018 8.32672 0.01 1 59 0
1132 310.645 7.91091 0.01 1 72 0
1135 314.016 8.1348 0.01 1 83 0
1151 314.016 8.12895 0.01 1 83 0
1156 314.016 8.20891 0.01 1 84 0
1162 310.271 7.90938 0.01 1 72 0
1166 308.018 8.32672 0.01 1 59 0
1177 311.548 8.24534 0.01 1 83 0
1182 308.018 8.38492 0.01 1 59 0
1185 314.016 8.1348 0.01 1 83 0
1190 305.918 7.95332 0.01 1 72 9.43542e-05
1193 314.016 8.1348 0.01 1 83 0
1203 308.018 8.32672 0.01 1 60 0
1216 308.018 8.02664 0.01 1 60 0
1228 308.728 7.91379 0.01 1 72 0
1231 308.018 8.32373 0.01 1 60 0
1238 306.692 8.32672 0.01 1 60 0
1247 309.423 8.1807 0.01 1 72 0
1265 311.712 8.1348 0.01 1 84 0
1270 308.018 8.32672 0.01 1 60 0
1291 307.208 8.32672 0.01 1 60 0
1293 310.17 7.92995 0.01 1 72 0
1305 308.084 8.33524 0.01 1 72 0
1307 309.725 8.01343 0.01 1 72 0
1309 309.423 8.1807 0.01 1 72 0
1310 308.018 8.26825 0.01 1 60 0
1313 308.018 8.02664 0.01 1 60 0
1318 308.018 8.38492 0.01 1 60 0
1319 308.03 8.17435 0.01 1 72 0
1337 312.703 8.1348 0.01 1 83 0.00520004
1341 309.461 8.01902 0.01 1 72 0
1345 308.018 8.38492 0.01 1 59 0
1351 308.018 8.28337 0.01 1 72 0
1368 308.018 8.32672 0.01 1 58 0
1375 308.018 8.32672 0.01 1 59 0
1383 305.918 7.92633 0.01 1 72 0
1386 308.018 8.19805 0.01 1 60 0
1387 307.03 8.32672 0.01 1 59 0
1396 314.016 8.20891 0.01 1 84 0
1398 308.018 8.32672 0.01 1 58 0
1400 306.963 8.32672 0.01 1 60 0
1408 305.918 7.92633 0.01 1 72 0
1411 308.018 8.30282 0.01 1 60 0
1413 308.018 8.32672 0.01 1 59 0
1422 314.016 8.1348 0.01 1 83 0
1423 310.96 7.90938 0.01 1 72 -0.00346117
1435 314.016 8.20891 0.01 1 84 0
1438 311.177 8.06694 0.01 1 72 0
1442 308.018 8.32672 0.01 1 59 0
1443 314.016 8.20891 0.01 1 83 0
1463 306.692 8.28435 0.01 1 59 0
1464 314.016 8.20891 0.01 1 84 0
1465 314.016 8.20891 0.01 1 84 0
1471 314.016 8.1348 0.01 1 83 0
1481 309.725 8.01343 0.01 1 72 0
1489 307.409 8.32672 0.01 1 59 0
1490 314.016 8.20891 0.01 1 84 0
1494 312.738 8.12152 0.01 1 83 0
1502 308.018 8.32672 0.01 1 59 0
1503 308.814 7.97033 0.01 1 72 0
1507 308.694 8.01411 0.01 1 72 0
1509 308.018 8.33543 0.01 1 72 0
1511 309.705 8.32672 0.01 1 60 0
1517 308.018 8.32672 0.01 1 60 0
1522 314.016 8.20891 0.01 1 83 0
1527 309.177 8.15773 0.01 1 58 0
1531 308.018 8.32672 0.01 1 60 0
1536 308.018 8.37285 0.01 1 60 0.000331014
1538 311.712 8.23583 0.01 1 83 0
1541 308.018 8.32672 0.01 1 60 0
1548 308.018 8.38492 0.01 1 59 0
1552 308.018 8.32672 0.01 1 58 0
1555 314.016 8.20891 0.01 1 83 0
1569 314.016 8.20891 0.01 1 84 0
1570 308.03 8.17435 0.01 1 72 0
1581 308.018 8.02664 0.01 1 60 0
1585 308.018 8.32672 0.01 1 60 0
1596 307.101 8.0786 0.01 1 72 0
1604 306.692 8.32672 0.01 1 59 0
1609 311.712 8.23583 0.01 1 83 0
1613 309.705 8.32672 0.01 1 60 0
1621 308.018 8.32672 0.01 1 60 0
1622 314.016 8.1348 0.01 1 83 0
1629 308.696 8.31476 0.01 1 72 0
1643 307.308 8.04893 0.01 1 72 0
1649 308.018 8.32672 0.01 1 60 0
1665 308.018 8.32672 0.01 1 60 0
1668 308.018 8.38492 0.01 1 60 0
1688 307.409 8.32672 0.01 1 60 0
1691 308.018 8.32672 0.01 1 60 0
1696 308.018 8.32672 0.01 1 59 0
1716 309.625 8.50998 0.01 1 72 0
1728 308.018 8.32672 0.01 1 60 0
1732 310.496 7.90938 0.01 1 72 0
1743 306.692 8.32932 0.01 1 60 1.10269e-05
1771 310.266 7.91379 0.01 1 72 0
1778 308.018 8.32672 0.01 1 60 0
1794 309.705 8.31738 0.01 1 58 0
1797 308.018 8.32672 0.01 1 59 0
1798 308.018 8.32672 0.01 1 58 0
1799 308.018 8.38492 0.01 1 59 0
1800 308.018 8.38492 0.01 1 59 0
1804 308.018 8.38492 0.01 1 59 0
1808 308.018 8.23526 0.01 1 60 0
1811 308.018 8.29892 0.01 1 58 0
1816 304.913 8.32672 0.01 1 60 0
1830 308.11 7.93459 0.01 1 72 0
1832 308.018 8.02664 0.01 1 59 0
1837 306.692 8.32672 0.01 1 60 0
1846 306.692 8.32672 0.01 1 59 0
1849 308.018 8.32672 0.01 1 59 0
1856 306.692 8.28435 0.01 1 59 0
1859 311.712 8.1348 0.01 1 83 0
1861 308.989 8.1455 0.01 1 72 0
1865 308.018 8.32672 0.01 1 60 0
1869 309.965 7.79959 0.01 1 72 0
1872 308.018 8.32672 0.01 1 59 0
1883 310.496 7.90578 0.01 1 72 -3.17395e-06
1893 314.016 8.1348 0.01 1 83 0
1910 308.018 8.32672 0.01 1 60 0
1922 310.17 7.92995 0.01 1 72 0
1927 308.1 8.038 0.01 1 72 0
1931 308.18 8.33543 0.01 1 72 0
1932 314.016 8.1348 0.01 1 83 0
1933 314.906 8.20891 0.01 1 84 0.00141053
1937 308.018 8.32672 0.01 1 60 0
1947 309.705 8.32672 0.01 1 59 0
1951 309.177 8.15773 0.01 1 59 0
1953 309.423 8.1807 0.01 1 72 0
1956 314.016 8.20891 0.01 1 84 0
1968 314.016 8.20891 0.01 1 83 0
1971 307.101 8.0786 0.01 1 72 0
1972 314.016 8.17518 0.01 1 84 0
1974 314.016 8.20891 0.01 1 84 0
1976 314.016 8.14063 0.01 1 84 -2.39015e-05
1988 309.705 8.31738 0.01 1 58 -0.000114962
1993 307.549 7.71868 0.01 1 72 0
2002 310.627 7.91379 0.01 1 72 0
2003 311.377 7.98827 0.01 1 72 0
2014 314.016 8.12895 0.01 1 83 0
2031 308.018 8.02664 0.01 1 59 0
2035 307.853 7.65219 0.01 1 72 0
2037 308.018 8.38492 0.01 1 60 0
2044 311.712 8.1348 0.01 1 84 0
2053 311.712 8.23583 0.01 1 83 0
2055 308.018 8.33543 0.01 1 72 0
2058 310.266 7.91379 0.01 1 72 0
2065 308.018 8.32672 0.01 1 59 0
2070 308.571 8.32672 0.01 1 60 0
2078 314.016 8.13026 0.01 1 83 0
2079 308.018 8.32672 0.01 1 59 0
2085 308.018 8.32672 0.01 1 60 0
2090 308.018 8.38492 0.01 1 59 0
2102 308.018 8.32672 0.01 1 60 0
2106 305.792 8.17435 0.01 1 72 0
2107 308.018 8.38492 0.01 1 59 0
2113 308.018 8.32672 0.01 1 59 0
2114 311.712 8.1348 0.01 1 83 0
2118 314.016 8.20891 0.01 1 84 0
2132 305.918 7.92633 0.01 1 72 0
2146 308.018 8.30807 0.01 1 60 0
2154 310.248 7.90938 0.01 1 72 0
2157 309.705 8.32672 0.01 1 60 0
2158 308.018 8.32672 0.01 1 58 0
2165 308.018 8.30282 0.01 1 60 0
2167 306.963 8.32672 0.01 1 60 0
2170 308.591 8.32672 0.01 1 60 0
2174 309.725 8.01343 0.01 1 72 0
2188 307.867 8.32672 0.01 1 59 0
2189 314.016 8.20891 0.01 1 85 0
2194 308.018 8.32672 0.01 1 60 0
2212 308.018 8.33543 0.01 1 72 0
2216 306.963 8.2918 0.01 1 60 0
2217 308.018 8.29892 0.01 1 58 0
2220 305.603 8.32672 0.01 1 59 0.0103271
2221 315.133 8.12152 0.01 1 83 0
2222 311.712 8.1348 0.01 1 83 0
2230 308.018 8.38492 0.01 1 60 0
2233 308.018 8.32672 0.01 1 60 0
2240 306.963 8.32672 0.01 1 60 0
2241 308.018 8.23149 0.01 1 60 0
2243 308.631 7.91315 0.01 1 72 0
2268 308.018 8.32672 0.01 1 59 0
2271 314.016 8.1348 0.01 1 83 0
2284 307.308 8.04893 0.01 1 72 0
2287 308.018 8.32672 0.01 1 59 0
2290 308.018 8.1908 0.01 1 60 0
2294 308.018 8.32672 0.01 1 59 0
2299 308.696 8.31476 0.01 1 72 0
2307 308.694 8.01411 0.01 1 72 0
2317 308.018 8.23149 0.01 1 60 0
2318 308.018 8.32672 0.01 1 60 0
2321 311.712 8.23583 0.01 1 83 0
2326 307.472 7.93346 0.01 1 72 0
2327 307.101 8.0786 0.01 1 72 0
2328 308.018 8.32672 0.01 1 60 0
2329 309.965 7.91379 0.01 1 72 0
2332 308.018 8.29892 0.01 1 58 0
2334 309.177 8.15773 0.01 1 59 0
2336 308.018 8.38492 0.01 1 60 0
2349 308.018 8.30723 0.01 1 59 0
2350 311.712 8.1348 0.01 1 84 0
2357 308.11 7.93459 0.01 1 72 0
2362 308.018 8.23526 0.01 1 60 0
2366 312.738 8.12152 0.01 1 83 0
2373 308.03 8.17435 0.01 1 72 0
2377 310.818 8.41405 0.01 1 72 0
2380 305.879 8.32672 0.01 1 60 0
2383 308.018 8.29892 0.01 1 58 0
2384 312.738 8.12152 0.01 1 83 0
2386 308.018 8.38492 0.01 1 59 0
2391 310.072 8.50998 0.01 1 72 -0.00103624
2395 314.613 8.12895 0.01 1 83 0.000333443
2398 314.016 8.20891 0.01 1 84 0
2399 306.963 8.32672 0.01 1 60 0
2402 308.018 8.32672 0.01 1 59 0
2403 314.016 8.1348 0.01 1 83 0
2416 308.018 8.32672 0.01 1 60 0
2419 308.018 8.32672 0.01 1 59 0
2425 308.018 8.38492 0.01 1 59 0
2434 308.018 8.29892 0.01 1 58 0
2435 308.631 7.91315 0.01 1 72 0
2444 311.548 8.24534 0.01 1 83 0
2452 308.018 8.32672 0.01 1 60 0
2454 308.018 8.32672 0.01 1 60 0
2455 308.018 8.32672 0.01 1 58 0
2456 309.725 8.15868 0.01 1 72 0
2459 308.018 8.32672 0.01 1 60 0
2496 311.712 8.1348 0.01 1 83 0
2502 310.645 7.91091 0.01 1 72 0
2514 311.805 8.1348 0.01 1 83 0
2515 309.461 8.01902 0.01 1 72 9.14931e-06
2526 308.018 8.32672 0.01 1 60 0
2528 308.018 8.38492 0.01 1 59 0
2533 306.692 8.32932 0.01 1 60 0
2547 308.018 8.38492 0.01 1 60 0
2557 308.018 8.26825 0.01 1 60 0
2562 306.692 8.32672 0.01 1 60 0
2564 307.484 8.32672 0.01 1 60 0
2565 309.078 8.40912 0.01 1 72 0
2568 308.018 8.32672 0.01 1 60 0
2573 306.963 8.32672 0.01 1 59 0
2578 308.018 8.34776 0.01 1 59 0
2583 315.133 8.12152 0.01 1 83 0
2594 308.018 8.32672 0.01 1 58 0
2595 314.016 8.20891 0.01 1 84 0
2596 314.016 8.1348 0.01 1 84 0
2602 315.133 8.12152 0.01 1 83 0
2604 314.016 8.1348 0.01 1 84 0
2614 314.016 8.1348 0.01 1 84 0
2642 310.35 8.1348 0.01 1 83 0
2645 314.016 8.20891 0.01 1 84 0
2646 309.965 7.91379 0.01 1 72 0
2660 308.018 8.32672 0.01 1 60 0
2665 308.018 8.32672 0.01 1 59 0
2666 306.692 8.32672 0.01 1 60 0
2672 308.018 8.26825 0.01 1 60 0
2677 308.018 8.32672 0.01 1 60 0
2678 310.031 8.2379 0.01 1 72 0
2684 307.915 8.10053 0.01 1 72 0
2690 314.734 8.20891 0.01 1 83 0
2702 308.018 8.23526 0.01 1 60 0
2706 308.018 8.32672 0.01 1 60 0
2716 308.018 8.33543 0.01 1 72 0
2722 310.17 7.92995 0.01 1 72 0
2736 308.018 8.32672 0.01 1 60 0
2738 309.625 8.50998 0.01 1 72 0
2761 310.266 7.91379 0.01 1 72 0
2765 308.018 8.32672 0.01 1 59 0
2772 310.819 7.91379 0.01 1 72 -0.000938356
2780 312.012 8.23701 0.01 1 72 0
2781 308.631 7.91315 0.01 1 72 0
2814 314.016 8.20891 0.01 1 84 0
2836 310.17 7.92995 0.01 1 72 0
2841 308.018 8.38492 0.01 1 59 0
2845 310.96 7.90938 0.01 1 72 0
2861 314.016 8.20891 0.01 1 85 0
2876 310.337 8.43085 0.01 1 72 0
2877 308.018 8.32672 0.01 1 60 0
2881 308.018 8.32672 0.01 1 60 0
2882 308.018 8.32672 0.01 1 60 0
2883 305.792 8.17435 0.01 1 72 0
2884 308.018 8.32797 0.01 1 60 0
2885 307.409 8.26282 0.01 1 59 0
2898 312.738 8.12152 0.01 1 83 0
2899 309.705 8.32672 0.01 1 59 0
2904 308.03 8.17435 0.01 1 72 0
2905 309.078 8.40912 0.01 1 72 0
2906 314.016 8.1348 0.01 1 83 0
2921 308.018 8.34776 0.01 1 59 0
2933 310.266 7.91379 0.01 1 72 0
2938 311.377 7.98827 0.01 1 72 0
2948 309.965 7.91379 0.01 1 72 0
2956 308.018 8.32672 0.01 1 60 0
2960 314.016 8.20891 0.01 1 85 0
2963 314.55 8.12152 0.01 1 83 0
2965 314.016 8.20891 0.01 1 84 0
2970 309.423 8.1807 0.01 1 72 0
2972 314.016 8.1348 0.01 1 83 0
2973 315.893 8.1348 0.01 1 83 0
2975 308.018 8.32672 0.01 1 59 0
2982 308.018 8.34776 0.01 1 59 0
2996 309.705 8.32672 0.01 1 60 0
3015 308.018 8.32672 0.01 1 59 0
3021 307.549 7.65219 0.01 1 72 0
3024 308.018 8.32672 0.01 1 60 0
3025 312.738 8.12152 0.01 1 83 0
3050 308.018 8.32672 0.01 1 59 0
3051 308.084 8.33524 0.01 1 72 0
3058 308.018 8.38492 0.01 1 58 0
3062 308.018 8.29892 0.01 1 58 0
3078 307.409 8.32672 0.01 1 60 0
3081 314.016 8.20891 0.01 1 83 0
3084 308.018 8.38492 0.01 1 60 0
3093 310.627 7.91379 0.01 1 72 0
3102 308.018 8.32373 0.01 1 60 0
3110 310.266 7.91379 0.01 1 72 0
3114 314.016 8.20891 0.01 1 84 0
3122 308.018 8.29892 0.01 1 58 0
3126 309.725 8.06355 0.01 1 72 0
3127 308.694 8.01411 0.01 1 72 0
3137 314.016 8.1348 0.01 1 83 0
3147 314.016 8.1348 0.01 1 83 0
3153 308.018 8.29892 0.01 1 58 0
3156 314.613 8.12895 0.01 1 83 0
3161 308.018 8.02664 0.01 1 59 0
3162 308.018 8.33543 0.01 1 72 0
3164 309.625 8.48008 0.01 1 72 -3.78489e-06
3179 310.96 7.90938 0.01 1 72 0
3180 308.018 8.29892 0.01 1 59 0
3182 307.03 8.32672 0.01 1 59 0
3185 311.712 8.1348 0.01 1 83 0
3195 307.549 7.71868 0.01 1 72 0
3201 314.016 8.20891 0.01 1 83 0
3202 309.625 8.50998 0.01 1 72 0
3203 308.018 8.33543 0.01 1 72 0
3212 314.016 8.1348 0.01 1 84 0
3217 309.621 8.18422 0.01 1 72 0
3220 308.018 8.38492 0.01 1 59 0
3235 307.915 8.10053 0.01 1 72 0
3240 314.016 8.20891 0.01 1 83 0
3249 314.016 8.20891 0.01 1 84 0
3254 314.016 8.20891 0.01 1 84 0
3274 305.918 7.92633 0.01 1 72 0
3282 308.018 8.29892 0.01 1 58 0
3288 308.018 8.32672 0.01 1 59 0
3297 308.018 8.32672 0.01 1 60 0
3300 308.018 8.32672 0.01 1 60 0
3316 308.018 8.32672 0.01 1 59 0
3317 309.177 8.15773 0.01 1 59 0
3328 308.018 8.29892 0.01 1 58 0
3343 308.018 8.32672 0.01 1 60 0
3351 308.018 8.32672 0.01 1 59 0
3354 309.965 7.91379 0.01 1 72 0
3359 311.712 8.1348 0.01 1 83 0
3371 314.016 8.20891 0.01 1 83 0
3372 313.351 8.28455 0.01 1 85 -0.00341022
3392 308.018 8.32672 0.01 1 59 0
3398 313.132 8.1348 0.01 1 83 -0.00243805
3400 305.918 7.95332 0.01 1 72 0
3417 314.016 8.1348 0.01 1 83 0
3421 309.965 7.79959 0.01 1 72 0
3422 310.031 8.2379 0.01 1 72 0
3424 314.016 8.1348 0.01 1 83 0
3433 314.016 8.1348 0.01 1 83 0
3434 307.101 8.0786 0.01 1 72 0
3444 308.018 8.32672 0.01 1 60 0
3450 312.738 8.12152 0.01 1 83 0
3455 308.018 8.38492 0.01 1 59 0
3459 308.018 8.29892 0.01 1 58 0
3471 308.018 8.02664 0.01 1 60 0
3474 306.963 8.32672 0.01 1 60 0
3479 308.279 7.70864 0.01 1 72 0
3482 308.018 8.32672 0.01 1 60 0
3485 307.409 8.32672 0.01 1 60 0
3487 308.018 8.38492 0.01 1 59 0
3490 308.018 8.33543 0.01 1 72 0
3500 310.268 7.82732 0.01 1 72 0
3503 308.279 7.62741 0.01 1 72 0
3509 307.127 8.32672 0.01 1 60 0
3513 314.016 8.1348 0.01 1 83 0
3518 309.705 8.32672 0.01 1 59 0
3521 308.018 8.32672 0.01 1 60 0
3522 310.627 7.91379 0.01 1 72 0
3524 305.603 8.32672 0.01 1 59 0
3535 305.603 8.32672 0.01 1 58 0
3542 308.018 8.34766 0.01 1 59 0.000175565
3555 308.084 8.33524 0.01 1 72 0
3569 307.172 8.1094 0.01 1 72 0
3576 314.016 8.20891 0.01 1 84 0
3582 309.423 8.1807 0.01 1 72 0
3584 314.016 8.20891 0.01 1 84 0
3594 314.016 8.1348 0.01 1 83 0
3599 308.018 8.32672 0.01 1 60 0
3601 310.459 8.31476 0.01 1 72 -0.00290267
3616 308.217 8.00641 0.01 1 72 0
3620 314.016 8.20891 0.01 1 83 0
3630 309.725 8.06355 0.01 1 72 0
3637 308.694 8.01411 0.01 1 72 0
3639 308.018 8.38492 0.01 1 59 0
3640 314.016 8.20891 0.01 1 84 0
3651 308.018 8.32672 0.01 1 60 0
3653 308.694 8.04857 0.01 1 72 0
3669 308.084 8.33524 0.01 1 72 0
3680 310.337 8.32845 0.01 1 72 0
3686 306.692 8.32672 0.01 1 60 0
3694 308.018 8.32672 0.01 1 58 0
3708 314.734 8.20891 0.01 1 83 0
3714 314.016 8.20891 0.01 1 83 0
3715 305.792 8.17435 0.01 1 72 0
3716 307.419 7.92349 0.01 1 72 0
3718 308.018 8.32672 0.01 1 60 0
3723 307.101 8.0786 0.01 1 72 0
3750 305.918 7.92633 0.01 1 72 0
3759 314.016 8.20891 0.01 1 84 0
3760 307.208 8.32672 0.01 1 60 0
3766 308.018 8.02664 0.01 1 60 0
3767 314.016 8.20891 0.01 1 83 0
3776 308.018 8.38492 0.01 1 58 0
3781 308.018 8.32672 0.01 1 60 0
3782 314.016 8.20891 0.01 1 85 0
3784 308.018 8.26825 0.01 1 60 0
3788 309.461 8.01902 0.01 1 72 0
3805 308.018 8.32672 0.01 1 60 0
3807 308.018 8.32672 0.01 1 60 0
3814 308.018 8.32672 0.01 1 60 0
3816 309.177 8.15773 0.01 1 60 0
3820 308.728 7.91379 0.01 1 72 0
3821 311.8 8.43085 0.01 1 72 0
3834 307.549 7.71868 0.01 1 72 0
3845 308.018 8.19805 0.01 1 60 0
3860 308.018 8.32672 0.01 1 60 0
3864 312.738 8.12152 0.01 1 83 0
3876 308.018 8.29892 0.01 1 58 0
3888 314.016 8.20891 0.01 1 84 0
3896 308.018 8.30282 0.01 1 60 0
3900 308.018 8.32672 0.01 1 58 0
3906 314.016 8.20891 0.01 1 84 0
3911 309.621 8.17597 0.01 1 72 0
3923 312.514 7.91091 0.01 1 72 0
3925 314.016 8.20891 0.01 1 85 0
3927 308.018 8.32672 0.01 1 59 0
3939 307.127 8.32672 0.01 1 60 0
3949 307.915 8.10053 0.01 1 72 0
3951 308.018 8.38492 0.01 1 59 0
3959 308.018 8.32672 0.01 1 60 0
3961 314.016 8.20891 0.01 1 84 0
3965 308.018 8.02664 0.01 1 59 0
3968 309.965 7.91379 0.01 1 72 0
3970 311.712 8.1348 0.01 1 84 0
3973 313.48 8.20891 0.01 1 84 -0.00195216
3985 308.018 8.32672 0.01 1 60 0
3988 308.018 8.32672 0.01 1 60 0
3991 314.016 8.20891 0.01 1 84 0
4003 308.018 8.32672 0.01 1 60 0
4005 314.016 8.20891 0.01 1 85 0
4010 308.751 8.23526 0.01 1 60 0
4021 314.016 8.20891 0.01 1 84 0
4024 308.018 8.32672 0.01 1 60 0
4026 308.018 8.32672 0.01 1 60 0
4027 314.016 8.20891 0.01 1 84 0
4031 314.016 8.20891 0.01 1 85 0
4033 309.177 8.15773 0.01 1 59 0
4036 307.308 8.04893 0.01 1 72 0
4041 309.177 8.15773 0.01 1 59 0
4049 308.631 7.91315 0.01 1 72 0
4052 308.03 8.17435 0.01 1 72 0
4053 308.018 8.32672 0.01 1 60 0
4059 308.696 8.29516 0.01 1 72 0
4067 308.018 8.32672 0.01 1 60 0
4072 314.016 8.20891 0.01 1 84 0
4078 314.016 8.20891 0.01 1 83 0
4085 309.625 8.50998 0.01 1 72 0
4093 308.018 8.32672 0.01 1 59 0
4098 314.016 8.1348 0.01 1 83 0
4117 308.696 8.31476 0.01 1 72 0
4124 308.018 8.32672 0.01 1 59 0
4126 308.018 8.32672 0.01 1 60 0
4128 314.016 8.1348 0.01 1 84 0
4129 310.627 7.91379 0.01 1 72 0
4131 308.018 8.32672 0.01 1 60 0
4133 308.018 8.29892 0.01 1 58 0
4141 308.018 8.38492 0.01 1 59 0
4147 308.084 8.33524 0.01 1 72 0
4150 308.018 8.32672 0.01 1 60 0
4155 308.018 8.29892 0.01 1 58 0
4162 314.016 8.1348 0.01 1 84 0
4165 314.016 8.20891 0.01 1 84 0
4168 308.696 8.29516 0.01 1 72 0
4217 308.018 8.32672 0.01 1 60 0
4221 305.918 7.92633 0.01 1 72 0
4223 309.062 8.5872 0.01 1 72 0
4231 311.712 8.23583 0.01 1 83 0
4232 308.018 8.32672 0.01 1 60 0
4242 310.645 7.91379 0.01 1 72 0
4257 308.018 8.38492 0.01 1 59 0
4259 308.018 8.38492 0.01 1 58 0
4262 314.016 8.1348 0.01 1 84 0
4269 308.018 8.34776 0.01 1 59 0
4283 308.018 8.32672 0.01 1 60 0
4287 315.133 8.12152 0.01 1 84 0
4289 308.989 8.1455 0.01 1 72 0
4298 307.409 8.26282 0.01 1 59 -0.000450045
4303 310.472 7.86919 0.01 1 72 0
4313 314.016 8.20891 0.01 1 85 0
4319 314.016 8.20891 0.01 1 83 0
4321 315.011 8.20891 0.01 1 84 0.00142345
4325 307.25 7.62741 0.01 1 72 0
4332 308.018 8.32672 0.01 1 58 0
4337 308.018 8.38492 0.01 1 58 0
4345 314.016 8.24051 0.01 1 84 1.0848e-05
4355 315.893 8.1348 0.01 1 84 0
4359 308.018 8.32672 0.01 1 60 0
4374 314.016 8.20891 0.01 1 84 0
4383 308.018 8.47319 0.01 1 58 0.0013762
4387 309.177 8.15773 0.01 1 58 0
4388 308.018 8.25041 0.01 1 60 0.000140548
4396 308.018 8.32672 0.01 1 60 0
4402 314.734 8.20891 0.01 1 83 0.000265166
4412 314.016 8.15822 0.01 1 83 2.02656e-06
4415 305.792 8.17435 0.01 1 72 0
4421 308.018 8.32672 0.01 1 59 0
4427 314.016 8.20891 0.01 1 84 0
4429 308.018 8.32672 0.01 1 60 0
4431 310.645 7.91091 0.01 1 72 0
4435 309.423 8.2286 0.01 1 72 0
4439 310.627 7.91379 0.01 1 72 0
4443 314.016 8.20891 0.01 1 83 0
4444 314.016 8.20891 0.01 1 85 0
4446 308.018 8.32672 0.01 1 60 0
4461 310.17 7.92995 0.01 1 72 0
4463 308.018 8.32672 0.01 1 59 0
4464 309.625 8.50998 0.01 1 72 0
4473 306.412 7.8696 0.01 1 72 0
4478 308.03 8.17435 0.01 1 72 0
4479 314.016 8.20891 0.01 1 84 0
4489 309.177 8.15773 0.01 1 58 0
4496 305.603 8.32672 0.01 1 59 0
4501 314.016 8.20891 0.01 1 85 0
4506 311.712 8.1348 0.01 1 84 0
4511 314.016 8.1348 0.01 1 83 0
4515 306.302 7.9765 0.01 1 72 0
4516 308.084 8.33524 0.01 1 72 0
4525 308.018 8.32672 0.01 1 60 0
4528 308.018 8.38492 0.01 1 59 0
4529 309.705 8.32672 0.01 1 60 0
4548 308.018 8.32672 0.01 1 59 0
4552 308.018 8.38492 0.01 1 59 0
4555 308.018 8.32672 0.01 1 60 0
4559 314.016 8.20891 0.01 1 83 0
4562 308.084 8.33524 0.01 1 72 0
4568 308.018 8.38492 0.01 1 58 0
4577 308.03 8.17435 0.01 1 72 0
4579 306.692 8.32672 0.01 1 60 0
4616 314.016 8.20891 0.01 1 84 0
4619 308.018 8.38492 0.01 1 59 0
4622 314.016 8.20891 0.01 1 84 0
4624 310.645 7.91091 0.01 1 72 0
4625 309.71 8.32672 0.01 1 60 0
4630 308.084 8.33524 0.01 1 72 0
4643 310.645 7.91379 0.01 1 72 0
4646 308.018 8.1908 0.01 1 60 0
4653 308.018 8.32672 0.01 1 60 0
4661 309.46 8.29516 0.01 1 72 -0.000172183
4669 308.018 8.32672 0.01 1 59 0
4696 308.018 8.32672 0.01 1 60 0
4703 309.625 8.50998 0.01 1 72 0
4706 308.018 8.32672 0.01 1 59 0
4728 308.018 8.32672 0.01 1 59 0
4729 312.738 8.12152 0.01 1 83 0
4737 308.018 8.32672 0.01 1 60 0
4739 314.55 8.12152 0.01 1 83 0
4740 308.018 8.32672 0.01 1 59 0
4754 308.018 8.32672 0.01 1 60 0
4756 307.472 7.93346 0.01 1 72 0
4758 308.018 8.02664 0.01 1 60 0
4763 308.018 8.23149 0.01 1 60 0
4765 307.25 7.62741 0.01 1 72 0
4768 309.177 8.15773 0.01 1 59 0
4770 308.018 8.33543 0.01 1 72 0
4771 314.016 8.20891 0.01 1 85 0
4779 309.177 8.15773 0.01 1 59 0
4782 308.018 8.32672 0.01 1 60 0
4783 310.248 7.90938 0.01 1 72 0
4785 306.963 8.32672 0.01 1 60 0
4787 308.018 8.29892 0.01 1 58 0
4806 308.084 8.33524 0.01 1 72 0
4819 306.963 8.32672 0.01 1 60 0
4821 314.016 8.13026 0.01 1 83 0
4823 308.018 8.38492 0.01 1 58 0
4835 310.248 7.90938 0.01 1 72 0
4840 314.016 8.12895 0.01 1 83 0
4851 309.705 8.32672 0.01 1 59 0
4854 308.018 8.38916 0.01 1 58 0
4868 308.018 8.29892 0.01 1 58 0
4879 307.549 7.65219 0.01 1 72 0
4885 308.018 8.38492 0.01 1 59 0
4896 312.012 8.23701 0.01 1 72 0
4897 309.705 8.32672 0.01 1 60 0
4907 315.893 8.25369 0.01 1 83 8.2165e-05
4912 314.016 8.1348 0.01 1 84 0
4918 310.555 8.43085 0.01 1 72 0
4923 306.963 8.32672 0.01 1 60 0
4932 314.016 8.20891 0.01 1 83 0
4934 308.018 8.32672 0.01 1 60 0
4939 308.018 8.32672 0.01 1 58 0
4942 308.084 8.33524 0.01 1 72 0
4943 308.018 8.38492 0.01 1 60 0
4948 306.692 8.32672 0.01 1 60 0
4950 310.266 7.83358 0.01 1 72 -5.16176e-05
4958 308.018 8.32672 0.01 1 60 0
4962 308.367 8.32672 0.01 1 59 0
4967 308.018 8.30807 0.01 1 60 0
4968 309.705 8.26113 0.01 1 59 -0.000813305
4969 308.018 8.38492 0.01 1 59 0
4972 308.018 8.32672 0.01 1 60 0
4975 306.692 8.32672 0.01 1 59 0
4980 309.177 8.15773 0.01 1 59 0
4981 310.496 7.90938 0.01 1 72 0
4982 306.963 8.32672 0.01 1 60 0
5001 306.692 8.32672 0.01 1 60 0
5006 308.694 8.04857 0.01 1 72 0
5012 314.016 8.1348 0.01 1 83 0
5020 314.016 8.20891 0.01 1 84 0
5035 314.016 8.1348 0.01 1 83 0
5045 314.016 8.1348 0.01 1 84 0
5048 307.03 8.32672 0.01 1 59 0
5055 314.016 8.1348 0.01 1 83 0
5058 314.016 8.20891 0.01 1 83 0
5063 315.133 8.12152 0.01 1 83 0
5067 313.351 8.28455 0.01 1 85 0
5075 308.018 8.02664 0.01 1 59 0
5076 308.018 8.29892 0.01 1 58 0
5080 314.016 8.12895 0.01 1 83 0
5094 308.018 8.33543 0.01 1 72 0
5104 314.016 8.1348 0.01 1 83 0
5106 308.018 8.29892 0.01 1 58 0
5110 308.018 8.34776 0.01 1 59 0
5118 309.255 8.33543 0.01 1 72 3.02047e-05
5132 309.625 8.50998 0.01 1 72 0
5149 308.018 8.38492 0.01 1 60 0
5151 314.016 8.20891 0.01 1 84 0
5165 308.018 8.32672 0.01 1 60 0
5167 308.018 8.33543 0.01 1 72 0
5169 308.631 7.91315 0.01 1 72 0
5170 309.177 8.15773 0.01 1 59 0
5173 314.016 8.12895 0.01 1 83 0
5191 314.016 8.20891 0.01 1 85 0
5214 312.738 8.12152 0.01 1 83 0
5221 308.018 8.38916 0.01 1 58 0
5223 306.963 8.32672 0.01 1 60 0
5228 308.018 8.38492 0.01 1 59 0
5234 308.018 8.32672 0.01 1 60 0
5239 308.018 8.34776 0.01 1 59 0
5249 308.018 8.32672 0.01 1 60 0
5251 308.018 8.29892 0.01 1 58 0
5259 314.016 8.1348 0.01 1 83 0
5275 310.818 8.27843 0.01 1 72 0
5279 314.016 8.20891 0.01 1 84 0
5285 308.018 8.38492 0.01 1 60 0
5287 309.177 8.15773 0.01 1 59 0
5295 314.016 8.20891 0.01 1 84 0
5297 308.018 8.38492 0.01 1 59 0
5320 309.705 8.32672 0.01 1 59 0
5323 307.472 7.93346 0.01 1 72 0
5325 307.043 7.98693 0.01 1 72 0
5338 308.018 8.32672 0.01 1 59 0
5350 309.177 8.15773 0.01 1 59 0
5351 314.016 8.20891 0.01 1 83 0
5375 306.963 8.32672 0.01 1 60 0
5376 308.018 8.02664 0.01 1 59 0
5381 308.018 8.32672 0.01 1 58 0
5393 308.018 8.29892 0.01 1 59 0
5398 314.016 8.20891 0.01 1 83 0
5399 308.018 8.32672 0.01 1 60 0
5404 309.177 8.15773 0.01 1 59 0
5414 311.712 8.1348 0.01 1 83 0
5426 308.018 8.38492 0.01 1 59 0
5431 311.805 8.1348 0.01 1 83 0
5433 306.692 8.32672 0.01 1 60 0
5436 310.818 8.41405 0.01 1 72 0
5439 308.018 8.32672 0.01 1 59 0
5449 314.016 8.1348 0.01 1 84 0
5456 308.018 8.32672 0.01 1 60 0
5462 308.018 8.38492 0.01 1 60 0
5472 308.018 8.23526 0.01 1 60 0
5473 310.031 8.2379 0.01 1 72 0
5474 309.705 8.32672 0.01 1 59 0
5475 308.018 8.12144 0.01 1 60 0
5479 308.018 8.32672 0.01 1 59 0
5480 314.016 8.20891 0.01 1 85 0
5481 315.133 8.12152 0.01 1 84 0
5484 308.018 8.32672 0.01 1 60 0
5496 307.867 8.32672 0.01 1 59 0
5510 308.018 8.29892 0.01 1 58 0
5514 305.918 7.92633 0.01 1 72 0
5527 307.486 8.17435 0.01 1 72 0
5534 314.016 8.20891 0.01 1 83 0
5537 305.792 8.17435 0.01 1 72 0
5539 307.486 8.19297 0.01 1 72 0
5540 314.016 8.1348 0.01 1 83 0
5553 314.016 8.20891 0.01 1 85 0
5556 308.018 8.38492 0.01 1 58 0
5565 309.705 8.32672 0.01 1 58 0
5567 308.018 8.30282 0.01 1 60 0
5568 308.018 8.32797 0.01 1 60 0
5578 311.804 8.26432 0.01 1 83 0.00077343
5579 310.645 7.91091 0.01 1 72 0
5590 308.018 8.32672 0.01 1 60 0
5591 308.018 8.38492 0.01 1 58 0
5592 314.016 8.1348 0.01 1 83 0
5596 314.016 8.20891 0.01 1 84 0
5612 308.018 8.32672 0.01 1 59 0
5614 308.018 8.38492 0.01 1 59 0
5628 312.738 8.12152 0.01 1 83 0
5629 309.062 8.5872 0.01 1 72 0
5632 309.621 8.18422 0.01 1 72 0
5643 309.725 8.01343 0.01 1 72 0
5644 308.018 8.32672 0.01 1 59 0
5656 308.018 8.32672 0.01 1 60 0
5667 314.016 8.20891 0.01 1 84 0
5672 308.018 8.30282 0.01 1 60 0
5673 309.423 8.1807 0.01 1 72 0
5677 308.018 8.32672 0.01 1 60 0
5686 309.705 8.32672 0.01 1 59 0
5707 309.177 8.15773 0.01 1 59 0
5735 308.018 8.32672 0.01 1 60 0
5737 309.705 8.32672 0.01 1 59 0
5747 314.016 8.1348 0.01 1 84 0
5751 308.018 8.38492 0.01 1 59 0
5752 308.018 8.32672 0.01 1 60 0
5755 310.266 7.91379 0.01 1 72 0
5758 308.018 8.32672 0.01 1 59 0
5759 306.692 8.32672 0.01 1 59 0
5769 310.268 7.82732 0.01 1 72 0
5772 306.302 7.9765 0.01 1 72 0
5777 314.016 8.17518 0.01 1 84 0
5784 314.016 8.1348 0.01 1 84 0
5810 308.018 8.32672 0.01 1 60 0
5816 308.018 8.32672 0.01 1 60 0
5822 312.738 8.12152 0.01 1 83 0
5824 314.016 8.20891 0.01 1 85 0
5825 314.016 8.20891 0.01 1 84 0
5828 308.018 8.29892 0.01 1 58 0
5843 306.963 8.32672 0.01 1 59 0
5845 311.548 8.24534 0.01 1 83 0
5846 308.018 8.38492 0.01 1 59 0
5847 309.621 8.17597 0.01 1 72 0
5849 307.484 8.32672 0.01 1 60 0
5879 308.018 8.38492 0.01 1 59 0
5883 309.177 8.15773 0.01 1 59 0
5890 308.018 8.32672 0.01 1 58 0
5892 314.016 8.20891 0.01 1 84 0
5937 312.738 8.12152 0.01 1 83 0
5940 309.177 8.15773 0.01 1 59 0
5943 308.696 8.34655 0.01 1 72 0
5947 308.018 8.29892 0.01 1 58 0
5949 309.177 8.15773 0.01 1 59 0
5954 314.016 8.13026 0.01 1 83 0
5962 309.423 8.1807 0.01 1 72 0
5967 308.018 8.2289 0.01 1 60 -0.000718281
5974 306.963 8.32672 0.01 1 59 0
5987 308.018 8.32672 0.01 1 58 0
5990 314.016 8.20891 0.01 1 85 0
6001 309.705 8.32672 0.01 1 59 0
6003 315.133 8.12152 0.01 1 84 0
6012 314.016 8.1348 0.01 1 83 0
6023 308.018 8.32672 0.01 1 59 0
6024 308.279 7.69583 0.01 1 72 0
6028 308.018 8.32672 0.01 1 60 0
6036 308.018 8.32672 0.01 1 59 0
6057 309.725 8.15868 0.01 1 72 0
6060 308.018 8.26825 0.01 1 60 0
6075 308.018 8.38492 0.01 1 58 0
6077 308.018 8.38492 0.01 1 58 0
6080 308.018 8.32672 0.01 1 59 0
6093 306.595 7.98693 0.01 1 72 0
6109 309.725 8.25876 0.01 1 72 0
6120 308.018 8.32672 0.01 1 59 0
6134 314.016 8.20891 0.01 1 84 0
6135 308.018 8.38492 0.01 1 58 0
6142 309.621 8.18422 0.01 1 72 0
6146 311.548 8.24534 0.01 1 83 0
6150 309.461 8.01902 0.01 1 72 0
6158 315.893 8.1348 0.01 1 83 0
6163 309.281 8.1455 0.01 1 72 0
6166 308.018 8.38492 0.01 1 60 0
6173 308.018 8.32672 0.01 1 60 0
6177 308.018 8.32672 0.01 1 60 0
6184 306.692 8.32672 0.01 1 60 0
6191 308.018 8.38492 0.01 1 59 0
6197 308.018 8.29892 0.01 1 58 0
6205 309.554 8.32672 0.01 1 58 0
6211 308.018 8.32672 0.01 1 59 0
6213 308.018 8.29892 0.01 1 58 0
6223 308.018 8.19805 0.01 1 60 0
6230 308.018 8.38492 0.01 1 59 0
6236 311.712 8.1348 0.01 1 84 0
6243 308.018 8.32672 0.01 1 60 0
6261 309.725 8.01343 0.01 1 72 0
6263 307.549 7.71868 0.01 1 72 0
6264 314.016 8.1348 0.01 1 83 0
6267 308.018 8.29892 0.01 1 58 0
6272 314.016 8.1348 0.01 1 83 0
6275 310.645 7.91091 0.01 1 72 0
6279 307.271 8.32672 0.01 1 59 0.00909795
6298 308.018 8.32672 0.01 1 59 0
6301 306.595 7.98693 0.01 1 72 0
6302 308.018 8.38492 0.01 1 59 0
6304 315.893 8.1348 0.01 1 83 0
6312 306.692 8.32672 0.01 1 59 0
6316 306.963 8.32672 0.01 1 60 0
6317 308.018 8.32672 0.01 1 60 0
6319 309.965 7.91379 0.01 1 72 0
6330 314.016 8.1348 0.01 1 83 0
6335 308.018 8.32672 0.01 1 59 0
6338 308.018 8.32672 0.01 1 60 0
6346 308.018 8.34776 0.01 1 59 0
6347 309.705 8.32672 0.01 1 59 0
6349 314.016 8.1348 0.01 1 83 0
6355 310.991 8.1348 0.01 1 83 -0.00631902
6364 310.17 7.92995 0.01 1 72 0
6365 308.018 8.32672 0.01 1 60 0
6370 314.016 8.20891 0.01 1 85 0
6373 309.72 7.97394 0.01 1 72 0
6380 314.016 8.1348 0.01 1 84 0
6387 308.018 8.30807 0.01 1 60 0
6389 315.893 8.1348 0.01 1 83 0
6394 306.963 8.32672 0.01 1 60 0
6395 308.018 8.02664 0.01 1 59 0
6405 309.725 8.01661 0.01 1 72 0
6406 307.206 8.32672 0.01 1 60 0
6407 310.248 7.90938 0.01 1 72 0
6416 308.018 8.19805 0.01 1 60 0
6417 308.217 8.00641 0.01 1 72 0
6423 308.631 7.91315 0.01 1 72 0
6428 307.308 8.04893 0.01 1 72 0
6429 308.018 8.32672 0.01 1 60 0
6437 308.018 8.32672 0.01 1 60 0
6439 307.409 8.26282 0.01 1 59 0
6440 308.989 8.1455 0.01 1 72 0
6441 308.018 8.09145 0.01 1 60 0.000510439
6446 308.018 8.32672 0.01 1 58 0
6450 309.621 8.17597 0.01 1 72 0
6451 309.725 8.15868 0.01 1 72 0
6461 314.016 8.20891 0.01 1 84 0
6468 314.016 8.1348 0.01 1 83 0
6477 307.472 7.93346 0.01 1 72 0
6485 308.018 8.38492 0.01 1 59 0
6491 306.963 8.32672 0.01 1 60 0
6504 308.018 8.32672 0.01 1 60 0
6522 308.018 8.32672 0.01 1 60 0
6528 308.018 8.32672 0.01 1 59 0
6534 308.367 8.32672 0.01 1 59 0
6537 311.712 8.1348 0.01 1 83 0
6542 310.818 8.27843 0.01 1 72 0
6544 308.018 8.32672 0.01 1 60 0
6545 306.692 8.32672 0.01 1 59 0
6553 309.705 8.32672 0.01 1 59 0
6561 308.694 8.01411 0.01 1 72 0
6562 308.696 8.0283 0.01 1 72 0
6571 308.018 8.38492 0.01 1 59 0
6590 308.018 8.32672 0.01 1 59 0
6595 310.005 8.12771 0.01 1 72 0
6600 306.412 7.8696 0.01 1 72 0
6604 308.018 8.32672 0.01 1 60 0
6609 315.893 8.1348 0.01 1 83 0
6611 309.705 8.32672 0.01 1 59 0
6617 309.177 8.15773 0.01 1 59 0
6623 306.752 7.4651 0.01 1 72 -0.00532398
6628 308.018 8.38492 0.01 1 59 0
6634 308.989 8.1455 0.01 1 72 0
6635 314.016 8.20891 0.01 1 84 0
6638 314.016 8.20891 0.01 1 84 0
6654 308.018 8.38492 0.01 1 59 0
6673 314.016 8.20891 0.01 1 83 0
6677 308.018 8.32672 0.01 1 58 0
6680 314.016 8.1348 0.01 1 84 0
6681 314.016 8.20891 0.01 1 84 0
6684 308.018 8.38492 0.01 1 60 0
6693 307.915 8.10053 0.01 1 72 0
6697 308.018 8.32672 0.01 1 60 0
6698 307.549 7.71868 0.01 1 72 0
6699 311.712 8.1348 0.01 1 84 0
6703 308.1 8.038 0.01 1 72 0
6706 308.018 8.32672 0.01 1 60 0
6712 308.018 8.32672 0.01 1 58 0
6718 308.018 8.32672 0.01 1 59 0
6728 314.016 8.20891 0.01 1 84 0
6737 305.144 8.17435 0.01 1 72 -0.00620253
6744 308.018 8.29892 0.01 1 60 0
6746 314.016 8.20891 0.01 1 85 0
6747 307.308 8.04893 0.01 1 72 0
6759 305.603 8.32672 0.01 1 59 0
6764 309.71 8.32672 0.01 1 60 0
6767 308.018 8.32672 0.01 1 60 0
6777 307.867 8.32672 0.01 1 59 0
6784 314.016 8.1348 0.01 1 83 0
6789 308.018 8.38492 0.01 1 59 0
6796 308.018 8.32672 0.01 1 60 0
6798 307.308 7.85746 0.01 1 72 0
6819 308.018 8.29892 0.01 1 58 0
6840 311.712 8.23583 0.01 1 83 0
6851 314.016 8.1348 0.01 1 83 0
6856 308.018 8.32672 0.01 1 60 0
6859 314.016 8.20891 0.01 1 84 0
6863 308.018 8.32672 0.01 1 60 0
6870 309.705 8.32672 0.01 1 60 0
6873 311.712 8.1348 0.01 1 83 0
6886 309.664 8.09449 0.01 1 72 0
6890 308.018 8.38492 0.01 1 60 0
6894 308.018 8.30282 0.01 1 60 0
6896 314.016 8.20891 0.01 1 84 0
6898 308.018 8.02664 0.01 1 60 0
6900 308.018 8.38492 0.01 1 58 0
6903 308.018 8.23526 0.01 1 60 0
6904 306.692 8.32672 0.01 1 60 0
6907 309.705 8.31738 0.01 1 58 0
6913 310.21 8.24534 0.01 1 72 0
6916 314.016 8.1348 0.01 1 83 0
6917 308.018 8.38492 0.01 1 59 0
6918 308.652 8.33543 0.01 1 72 0
6931 308.018 8.02664 0.01 1 60 0
6940 308.018 8.38492 0.01 1 59 0
6947 308.018 8.32672 0.01 1 58 0
6948 309.177 8.15773 0.01 1 59 0
6951 308.018 8.38492 0.01 1 59 0
6959 314.016 8.20891 0.01 1 84 0
6961 306.692 8.32672 0.01 1 59 0
6969 312.738 8.12152 0.01 1 83 0
6979 308.018 8.32672 0.01 1 59 0
6980 308.978 8.44469 0.01 1 72 -1.49012e-08
6981 308.018 8.29892 0.01 1 58 0
6982 307.172 8.1094 0.01 1 72 0
6983 307.043 7.98693 0.01 1 72 0
6999 312.738 8.12152 0.01 1 83 0
7004 306.692 8.32672 0.01 1 59 0
7018 308.018 8.38492 0.01 1 59 0
7024 308.018 8.32672 0.01 1 58 0
7026 308.018 8.32672 0.01 1 60 0
7034 310.266 7.91379 0.01 1 72 0
7039 314.016 8.13026 0.01 1 83 0
7041 307.101 8.0786 0.01 1 72 0
7047 310.266 7.91379 0.01 1 72 0
7050 308.084 8.33524 0.01 1 72 0
7051 305.792 8.17435 0.01 1 72 0
7060 308.018 8.32672 0.01 1 58 0
7061 308.018 8.32672 0.01 1 60 0
7068 314.016 8.1348 0.01 1 83 0
7074 308.018 8.38492 0.01 1 58 0
7082 314.016 8.1348 0.01 1 83 0
7083 310.496 7.90938 0.01 1 72 0
7089 308.631 7.91315 0.01 1 72 0
7092 308.018 8.02664 0.01 1 60 0
7094 308.018 8.32672 0.01 1 59 0
7114 310.248 7.90938 0.01 1 72 0
7115 309.177 8.15773 0.01 1 59 0
7123 308.018 8.38492 0.01 1 59 0
7137 308.018 8.32672 0.01 1 60 0
7146 308.018 8.38492 0.01 1 59 0
7147 309.705 8.32672 0.01 1 60 0
7155 314.016 8.1348 0.01 1 83 0
7157 314.016 8.1348 0.01 1 83 0
7160 315.133 8.12152 0.01 1 83 0
7164 306.182 8.32672 0.01 1 60 0
7169 309.625 8.50998 0.01 1 72 0
7176 310.13 7.52028 0.01 1 72 0
7181 314.016 8.20891 0.01 1 84 0
7182 314.016 8.20891 0.01 1 84 0
7185 306.219 8.32672 0.01 1 60 0.00697078
7194 314.016 8.20891 0.01 1 83 0
7197 308.018 8.02664 0.01 1 60 0
7201 306.963 8.32672 0.01 1 60 0
7205 308.694 8.15773 0.01 1 59 0.00679405
7209 308.018 8.38492 0.01 1 58 0
7212 308.018 8.32672 0.01 1 59 0
7223 308.571 8.32672 0.01 1 60 0
7228 306.692 8.32672 0.01 1 60 0
7231 308.124 8.32672 0.01 1 60 -0.0129954
7233 309.74 8.15773 0.01 1 59 -0.00812021
7234 309.705 8.32672 0.01 1 58 0
7246 314.016 8.20891 0.01 1 84 0
7248 307.409 8.32672 0.01 1 60 0
7260 306.963 8.2918 0.01 1 60 0
7267 308.018 8.38492 0.01 1 60 0
7272 314.016 8.20891 0.01 1 84 0
7273 308.018 8.56205 0.01 1 60 0
7277 308.018 8.29892 0.01 1 58 0
7279 311.712 8.10793 0.01 1 83 -5.01722e-05
7282 314.016 8.24051 0.01 1 84 0
7283 308.018 8.32672 0.01 1 60 0
7284 308.694 8.01411 0.01 1 72 0
7286 306.692 8.28435 0.01 1 59 0
7289 308.018 8.1908 0.01 1 60 0
7290 314.016 8.20891 0.01 1 83 0
7296 311.712 8.1348 0.01 1 83 0
7301 309.705 8.32672 0.01 1 60 0
7303 308.018 8.38492 0.01 1 59 0
7305 309.141 8.29892 0.01 1 58 -0.0155403
7306 308.018 8.21 0.01 1 60 0
7308 314.016 8.20891 0.01 1 83 0
7324 314.734 8.20891 0.01 1 83 0
7341 308.018 8.38492 0.01 1 59 0
7348 306.692 8.28435 0.01 1 59 0
7350 308.018 8.32672 0.01 1 59 0
7354 307.101 8.34706 0.01 1 72 0
7361 308.018 8.32672 0.01 1 60 0
7362 308.018 8.32672 0.01 1 59 0
7363 309.554 8.32672 0.01 1 58 0
7382 306.981 8.32672 0.01 1 59 0
7395 309.554 8.32672 0.01 1 58 0
7403 308.018 8.23149 0.01 1 60 0
7406 310.645 7.91379 0.01 1 72 0
7408 308.018 8.38492 0.01 1 59 0
7419 308.018 8.29892 0.01 1 58 0
7433 308.018 8.38492 0.01 1 58 0
7440 305.603 8.32672 0.01 1 59 0
7442 308.694 8.01411 0.01 1 72 0
7459 314.016 8.1348 0.01 1 83 0
7470 308.084 8.33524 0.01 1 72 0
7478 314.016 8.20891 0.01 1 83 0
7507 306.963 8.32672 0.01 1 60 0
7509 314.016 8.20891 0.01 1 85 0
7512 310.472 7.86919 0.01 1 72 0
7517 307.472 7.93346 0.01 1 72 0
7521 308.018 8.32672 0.01 1 59 0
7526 309.554 8.32672 0.01 1 58 0
7527 308.018 8.32672 0.01 1 59 0
7528 308.018 8.32672 0.01 1 59 0
7538 308.018 8.38492 0.01 1 59 0
7541 314.734 8.20891 0.01 1 83 0
7542 308.018 8.32672 0.01 1 60 0
7543 308.018 8.32672 0.01 1 60 0
7547 308.694 8.01411 0.01 1 72 0
7548 309.725 8.01661 0.01 1 72 0
7557 314.016 8.20891 0.01 1 84 0
7560 308.084 8.33524 0.01 1 72 0
7578 314.016 8.13026 0.01 1 83 0
7582 314.55 8.12152 0.01 1 83 0
7590 306.963 8.32672 0.01 1 59 0
7599 308.018 8.32672 0.01 1 58 0
7602 308.018 8.30282 0.01 1 60 0
7604 305.879 8.32672 0.01 1 60 0
7629 314.016 8.20891 0.01 1 84 0
7659 311.712 8.1348 0.01 1 83 0
7662 314.016 8.1348 0.01 1 83 0
7675 308.018 8.32672 0.01 1 60 0
7698 308.018 8.32672 0.01 1 60 0
7702 306.692 8.32672 0.01 1 59 0
7706 309.705 8.32672 0.01 1 59 0
7711 308.018 8.32672 0.01 1 60 0
7716 309.705 8.32672 0.01 1 58 0
7721 314.016 8.20891 0.01 1 84 0
7723 308.694 8.04857 0.01 1 72 0
7724 310.472 7.87748 0.01 1 72 0
7725 308.018 8.38916 0.01 1 58 0
7733 308.018 8.32672 0.01 1 60 0
7734 308.03 8.17435 0.01 1 72 0
7735 314.016 8.20891 0.01 1 84 0
7737 309.725 8.15868 0.01 1 72 0
7749 308.694 8.04857 0.01 1 72 0
7752 314.016 8.20891 0.01 1 84 0
7753 308.018 8.33543 0.01 1 72 0
7755 308.018 8.32672 0.01 1 60 0
7774 311.712 8.1348 0.01 1 83 0
7789 306.517 8.32672 0.01 1 60 0
7793 307.867 8.32672 0.01 1 59 0
7796 308.018 8.38492 0.01 1 59 0
7797 309.177 8.15773 0.01 1 59 0
7798 314.016 8.20891 0.01 1 85 0
7799 307.308 8.04893 0.01 1 72 0
7801 308.018 8.32672 0.01 1 59 0
7805 310.337 8.43085 0.01 1 72 0
7816 307.409 8.32672 0.01 1 60 0
7818 308.018 8.38492 0.01 1 60 0
7824 309.461 8.01902 0.01 1 72 0
7838 308.018 8.38492 0.01 1 59 0
7839 309.72 7.97394 0.01 1 72 0
7842 306.963 8.32672 0.01 1 60 0
7847 310.472 7.86919 0.01 1 72 0
7887 314.016 8.1348 0.01 1 83 0
7889 308.018 8.38492 0.01 1 60 0
7896 308.018 8.32797 0.01 1 60 0
7902 306.963 8.58627 0.01 1 60 0.00137024
7908 314.016 8.1348 0.01 1 83 0
7916 309.461 7.90938 0.01 1 72 0
7920 308.018 8.38492 0.01 1 59 0
7929 310.248 7.90938 0.01 1 72 0
7932 309.71 8.32672 0.01 1 60 -0.0220857
7944 308.018 8.38492 0.01 1 58 0
7954 314.016 8.1348 0.01 1 83 0
7970 308.018 8.32672 0.01 1 59 0
7971 308.018 8.29892 0.01 1 58 0
7975 309.177 8.15773 0.01 1 59 0
7989 308.018 8.32672 0.01 1 60 0
7994 308.018 8.34776 0.01 1 60 0
8013 314.016 8.20891 0.01 1 83 0
8014 308.018 8.33543 0.01 1 72 0
8021 308.018 8.32672 0.01 1 60 0
8025 307.03 8.32672 0.01 1 59 0
8027 311.452 7.83939 0.01 1 72 0
8029 314.016 8.2777 0.01 1 84 2.34842e-05
8038 314.016 8.20891 0.01 1 85 0
8044 307.915 8.10053 0.01 1 72 0
8076 308.018 8.32672 0.01 1 60 0
8091 310.266 7.91379 0.01 1 72 0
8103 314.016 8.20891 0.01 1 84 0
8104 314.016 8.20891 0.01 1 84 0
8109 307.409 8.32672 0.01 1 60 0
8112 315.133 8.12152 0.01 1 83 0
8114 310.266 7.91379 0.01 1 72 0
8127 308.018 8.32672 0.01 1 60 0
8145 308.11 7.93459 0.01 1 72 0
8161 314.016 8.20891 0.01 1 84 0
8169 305.792 8.17435 0.01 1 72 0
8178 308.018 8.32672 0.01 1 58 0
8179 308.018 8.02664 0.01 1 60 0
8182 309.705 8.32672 0.01 1 60 0
8190 309.621 8.17597 0.01 1 72 0
8201 305.918 7.92633 0.01 1 72 0
8202 307.853 7.65219 0.01 1 72 0
8209 310.627 7.91379 0.01 1 72 0
8210 309.062 8.5872 0.01 1 72 0
8221 308.279 7.62741 0.01 1 72 0
8224 308.018 8.32672 0.01 1 60 0
8227 308.018 8.38492 0.01 1 60 0
8235 308.279 7.62741 0.01 1 72 0
8239 308.084 8.33524 0.01 1 72 0
8262 306.963 8.2918 0.01 1 60 0
8263 310.268 7.82732 0.01 1 72 0
8275 308.694 7.91553 0.01 1 72 -3.62098e-06
8277 308.018 8.38916 0.01 1 58 0
8295 308.018 8.23149 0.01 1 60 0
8296 311.712 8.1348 0.01 1 84 0
8307 308.018 8.38492 0.01 1 59 0
8314 308.018 8.29892 0.01 1 58 0
8329 308.018 8.32672 0.01 1 60 0
8332 314.016 8.20891 0.01 1 83 0
8335 308.018 8.32672 0.01 1 60 0
8338 308.018 8.32672 0.01 1 60 0
8357 313.253 8.20891 0.01 1 84 0
8360 307.549 7.57809 0.01 1 72 -6.89775e-05
8361 314.016 8.20891 0.01 1 84 0
8373 308.018 8.32672 0.01 1 60 0
8376 309.621 8.17597 0.01 1 72 0
8381 310.645 7.91091 0.01 1 72 0
8390 308.018 8.32672 0.01 1 60 0
8397 308.018 8.32672 0.01 1 60 0
8398 308.018 8.32672 0.01 1 60 0
8409 309.705 8.32672 0.01 1 59 0
8410 308.018 8.32672 0.01 1 60 0
8422 307.101 8.34706 0.01 1 72 0
8423 314.016 8.20891 0.01 1 84 0
8428 314.016 8.1348 0.01 1 83 0
8451 309.621 8.17597 0.01 1 72 0
8458 308.018 8.02664 0.01 1 59 0
8462 310.337 8.43085 0.01 1 72 0
8470 314.016 8.20891 0.01 1 84 0
8481 308.018 8.38492 0.01 1 59 0
8488 315.133 8.12152 0.01 1 83 0
8489 307.125 8.32672 0.01 1 59 0.010771
8496 314.016 8.1348 0.01 1 83 0
8500 311.712 8.1348 0.01 1 83 0
8502 309.423 8.1807 0.01 1 72 0
8522 309.177 8.15773 0.01 1 59 0
8527 311.712 8.1348 0.01 1 83 0
8528 306.692 8.32672 0.01 1 58 0
8532 310.818 8.28708 0.01 1 72 0
8534 306.122 8.32672 0.01 1 58 0.0227685
8558 314.016 8.20891 0.01 1 85 0
8562 309.423 8.1807 0.01 1 72 0
8569 314.016 8.13026 0.01 1 83 0
8579 309.625 8.50998 0.01 1 72 0
8616 314.016 8.20891 0.01 1 84 0
8620 309.461 8.01902 0.01 1 72 0
8623 314.016 8.1348 0.01 1 84 0
8626 308.018 8.38492 0.01 1 58 0
8628 309.177 8.15773 0.01 1 59 0
8630 310.645 7.91091 0.01 1 72 0
8640 308.018 8.32672 0.01 1 60 0
8648 308.018 8.32672 0.01 1 59 0
8655 309.423 8.1807 0.01 1 72 0
8657 314.016 8.20891 0.01 1 83 0
8658 308.018 8.32672 0.01 1 60 0
8661 314.016 8.1348 0.01 1 83 0
8678 308.018 8.32672 0.01 1 60 0
8681 311.548 8.24534 0.01 1 83 0
8696 307.101 8.34706 0.01 1 72 0
8703 308.018 8.38492 0.01 1 59 0
8717 310.627 7.91379 0.01 1 72 0
8732 309.705 8.32672 0.01 1 60 0
8744 310.005 8.12771 0.01 1 72 0
8745 306.963 8.32672 0.01 1 60 0
8747 308.018 8.32672 0.01 1 60 0
8751 308.018 8.32672 0.01 1 60 0
8776 311.712 8.1348 0.01 1 83 0
8792 308.018 8.30807 0.01 1 60 0
8840 311.712 7.99035 0.01 1 83 -0.000401184
8847 306.692 8.32672 0.01 1 60 0
8852 308.018 8.29892 0.01 1 58 0
8853 308.018 8.38492 0.01 1 59 0
8861 308.018 8.02664 0.01 1 60 0
8862 306.122 8.32672 0.01 1 58 0
8875 307.915 8.10053 0.01 1 72 0
8879 308.018 8.29786 0.01 1 59 -0.000729308
8890 308.217 8.00641 0.01 1 72 0
8891 308.018 8.32672 0.01 1 60 0
8909 308.018 8.32672 0.01 1 60 0
8929 308.018 8.19805 0.01 1 60 0
8935 308.084 8.33524 0.01 1 72 0
8948 311.712 8.1348 0.01 1 84 0
8949 308.018 8.38492 0.01 1 60 0
8959 314.016 8.20891 0.01 1 85 0
8960 308.018 8.32672 0.01 1 59 0
8983 308.018 8.38492 0.01 1 59 0
8984 308.694 8.01411 0.01 1 72 0
8988 308.279 7.62741 0.01 1 72 0
9013 308.018 8.29892 0.01 1 58 0
9024 308.694 7.90977 0.01 1 72 0
9032 308.367 8.32672 0.01 1 59 0
9045 314.016 8.1348 0.01 1 83 0
9058 315.133 8.12152 0.01 1 83 0
9059 307.25 7.62741 0.01 1 72 0
9074 312.008 8.1348 0.01 1 84 0
9078 308.018 8.38492 0.01 1 59 0
9080 308.018 8.32797 0.01 1 60 9.0301e-06
9116 307.03 8.32672 0.01 1 59 0
9122 314.016 8.1348 0.01 1 83 0
9126 312.008 8.1348 0.01 1 84 0
9127 310.072 8.50998 0.01 1 72 0
9130 311.712 8.1348 0.01 1 83 0
9131 311.712 8.1348 0.01 1 83 0
9135 307.208 8.32672 0.01 1 60 0
9137 312.738 8.12152 0.01 1 83 0
9140 308.018 8.32672 0.01 1 60 0
9156 305.879 8.32672 0.01 1 60 0
9157 309.725 8.01343 0.01 1 72 0
9162 308.018 8.32672 0.01 1 60 0
9166 308.018 8.32672 0.01 1 60 0
9188 314.016 8.20891 0.01 1 84 0
9192 306.963 8.32672 0.01 1 60 0
9198 307.409 8.32672 0.01 1 60 0
9201 308.018 8.32672 0.01 1 59 0
9210 314.016 8.20891 0.01 1 84 0
9211 308.018 8.32672 0.01 1 60 0
9220 314.016 8.20891 0.01 1 84 0
9223 308.018 8.38492 0.01 1 59 0
9229 308.018 8.32672 0.01 1 60 0
9235 309.72 7.97394 0.01 1 72 0
9237 307.409 8.32672 0.01 1 60 0
9260 309.177 8.15773 0.01 1 59 0
9262 308.018 8.32672 0.01 1 60 0
9265 314.016 8.1348 0.01 1 83 0
9266 308.694 8.01411 0.01 1 72 0
9274 309.177 8.15773 0.01 1 59 0
9278 314.016 8.1348 0.01 1 83 0
9281 308.018 8.02664 0.01 1 60 0
9283 308.018 8.36955 0.01 1 60 0.000307515
9285 308.018 8.38492 0.01 1 59 0
9291 314.016 8.20891 0.01 1 84 0
9293 308.018 8.02664 0.01 1 59 0
9294 307.549 7.71868 0.01 1 72 0
9296 308.018 8.32672 0.01 1 59 0
9299 314.016 8.1348 0.01 1 83 0
9312 306.122 8.32672 0.01 1 58 0
9314 306.692 8.32672 0.01 1 60 0
9318 307.208 8.32672 0.01 1 60 0
9326 314.016 8.1348 0.01 1 83 0
9336 310.21 8.24534 0.01 1 72 0
9339 308.978 8.4984 0.01 1 72 0
9341 309.625 8.50998 0.01 1 72 0
9346 308.018 8.32672 0.01 1 60 0
9353 308.018 8.32672 0.01 1 59 0
9359 314.016 8.13026 0.01 1 83 -3.8743e-07
9375 306.963 8.32672 0.01 1 60 0
9382 308.018 8.23149 0.01 1 60 0
9386 314.016 8.20891 0.01 1 84 0
9388 309.705 8.32672 0.01 1 58 0
9390 309.177 8.15773 0.01 1 60 0
9401 314.016 8.38364 0.01 1 83 2.05636e-05
9409 308.018 8.30282 0.01 1 60 0
9420 314.016 8.1348 0.01 1 83 0
9422 308.018 8.32672 0.01 1 59 0
9426 306.963 8.32672 0.01 1 60 0
9444 309.461 8.01902 0.01 1 72 0
9447 308.018 8.32672 0.01 1 60 0
9451 309.554 8.32672 0.01 1 58 0
9453 309.725 8.01661 0.01 1 72 0
9455 310.932 7.91379 0.01 1 72 0
9467 308.018 8.32672 0.01 1 60 0
9476 308.018 8.32672 0.01 1 59 0
9479 305.792 8.17435 0.01 1 72 0
9483 314.016 8.12895 0.01 1 83 0
9484 310.248 7.90938 0.01 1 72 0
9512 308.018 8.32672 0.01 1 58 0
9515 308.279 7.62741 0.01 1 72 0
9520 308.018 8.32672 0.01 1 60 0
9521 310.337 8.43085 0.01 1 72 0
9526 308.018 8.38492 0.01 1 59 0
9528 308.694 7.90977 0.01 1 72 0
9535 309.625 8.50998 0.01 1 72 0
9539 308.018 8.38492 0.01 1 60 0
9546 309.423 8.1807 0.01 1 72 0
9552 308.018 8.32672 0.01 1 60 0
9559 314.016 8.20891 0.01 1 83 0
9563 308.018 8.32672 0.01 1 58 0
9576 314.016 8.20891 0.01 1 84 0
9577 308.018 8.32672 0.01 1 60 0
9580 309.664 8.09449 0.01 1 72 0
9592 306.412 7.8696 0.01 1 72 0
9597 308.018 8.32672 0.01 1 60 0
9606 314.016 8.20891 0.01 1 84 0
9609 308.018 8.32672 0.01 1 58 0
9610 310.266 7.91379 0.01 1 72 0
9628 308.018 8.32672 0.01 1 60 0
9634 308.018 8.32672 0.01 1 59 0
9637 315.133 8.12152 0.01 1 83 0
9640 308.018 8.38492 0.01 1 59 0
9641 314.016 8.1348 0.01 1 83 0
9650 308.018 8.02664 0.01 1 59 0
9655 309.725 8.01661 0.01 1 72 0
9658 308.631 7.91315 0.01 1 72 0
9667 305.603 8.32672 0.01 1 58 0
9668 314.016 8.20891 0.01 1 84 0
9674 310.266 7.91379 0.01 1 72 0
9679 314.734 8.20891 0.01 1 83 0
9686 314.016 8.20891 0.01 1 84 0
9688 314.016 8.20891 0.01 1 84 0
9690 309.705 8.32672 0.01 1 59 0
9698 305.879 8.10902 0.01 1 60 -0.000607893
9699 313.351 8.28455 0.01 1 85 0
9703 308.018 8.38492 0.01 1 59 0
9707 310.627 7.91379 0.01 1 72 0
9717 308.084 8.33524 0.01 1 72 0
9722 308.018 8.32672 0.01 1 60 0
9724 308.018 8.32672 0.01 1 58 0
9728 308.018 8.32672 0.01 1 58 0
9729 314.016 8.20891 0.01 1 84 0
9733 311.377 7.76619 0.01 1 72 -0.00048767
9747 307.409 8.26282 0.01 1 60 0
9750 309.705 8.32672 0.01 1 59 0
9752 307.208 8.32672 0.01 1 60 0
9756 308.018 8.29892 0.01 1 59 0
9759 315.893 8.1348 0.01 1 83 0
9769 308.018 8.38492 0.01 1 59 0
9772 308.587 8.01411 0.01 1 72 -0.000119284
9784 314.016 8.20891 0.01 1 83 0
9789 308.018 8.32672 0.01 1 60 0
9791 308.03 8.17435 0.01 1 72 0
9806 308.018 8.32672 0.01 1 60 0
9814 314.016 8.13026 0.01 1 83 0
9823 314.016 8.20891 0.01 1 84 0
9829 314.016 8.20891 0.01 1 84 0
9841 308.018 8.32672 0.01 1 60 0
9842 308.018 8.38492 0.01 1 59 0
9843 309.177 8.15773 0.01 1 59 0
9859 309.078 8.40912 0.01 1 72 0
9866 309.705 8.32672 0.01 1 60 0
9874 308.018 8.38492 0.01 1 58 0
9878 314.016 8.20891 0.01 1 84 0
9885 310.248 7.90938 0.01 1 72 0
9889 307.206 8.32672 0.01 1 60 0
9896 314.016 8.1348 0.01 1 83 0
9900 308.018 8.38492 0.01 1 59 0
9903 314.016 8.20891 0.01 1 84 0
9909 310.411 8.2379 0.01 1 72 -0.00134142
9926 308.367 8.32672 0.01 1 59 0
9927 307.549 7.65219 0.01 1 72 0
9933 309.705 8.32672 0.01 1 59 0
9939 308.018 8.26825 0.01 1 60 0
9941 309.177 8.15773 0.01 1 59 0
9942 308.018 8.38492 0.01 1 58 0
9944 308.018 8.32672 0.01 1 60 0
9946 314.016 8.1348 0.01 1 84 0
9952 308.018 8.32672 0.01 1 60 0
9953 308.018 8.29892 0.01 1 59 0
9954 308.018 8.32672 0.01 1 59 0
9959 308.018 8.29892 0.01 1 58 0
9965 314.016 8.20891 0.01 1 84 0
9979 308.03 8.10618 0.01 1 72 0
9984 308.018 8.30282 0.01 1 60 0
9995 308.018 8.32672 0.01 1 60 0
9996 309.423 8.1807 0.01 1 72 0
9997 309.423 8.1807 0.01 1 72 0
10010 308.018 8.38492 0.01 1 59 0
10013 306.963 8.2918 0.01 1 60 0
10022 309.461 8.01902 0.01 1 72 0
10029 310.266 7.91379 0.01 1 72 0
10036 308.018 8.38492 0.01 1 58 0
10038 314.016 8.1348 0.01 1 84 0
10040 308.018 8.32672 0.01 1 59 0
10044 308.694 8.01411 0.01 1 72 0
10045 314.016 8.1348 0.01 1 84 0
10056 307.271 8.32672 0.01 1 59 0
10062 308.018 8.38492 0.01 1 58 0
10063 308.018 8.38492 0.01 1 59 0
10066 312.738 8.12152 0.01 1 83 0
10077 314.016 8.20891 0.01 1 84 0
10083 314.016 8.38364 0.01 1 83 0
10084 308.018 8.32672 0.01 1 60 0
10086 314.016 8.20891 0.01 1 85 0
10087 314.016 8.20891 0.01 1 83 0
10089 308.018 8.32672 0.01 1 58 0
10095 308.018 8.38492 0.01 1 59 0
10104 314.016 8.20891 0.01 1 84 0
10109 308.018 8.29892 0.01 1 58 0
10110 310.005 8.12771 0.01 1 72 0
10121 314.016 8.20891 0.01 1 85 0
10122 308.018 8.38492 0.01 1 59 0
10125 308.018 8.38492 0.01 1 59 0
10129 305.918 7.92633 0.01 1 72 0
10140 309.554 8.32672 0.01 1 58 0
