max_pf 84 min_pf 59
individual T0 sigma disp_rate r0 patch_no mut_eff
35 312.081 7.89727 0.01 1 82 0
49 308.168 8.43 0.01 1 61 0
54 308.168 8.43 0.01 1 61 0
64 308.168 8.43 0.01 1 61 0
74 311.5 8.12239 0.01 1 82 0
90 308.168 8.43 0.01 1 61 0
92 308.168 8.43 0.01 1 60 0
97 312.081 7.88239 0.01 1 82 0
117 308.168 8.45749 0.01 1 59 0
125 308.168 8.43 0.01 1 61 0
128 310.526 7.21795 0.01 1 83 0
129 308.168 8.43 0.01 1 61 0
131 308.168 8.42872 0.01 1 60 0
142 308.168 8.43 0.01 1 60 0
151 308.168 8.43 0.01 1 61 0
159 308.168 8.43 0.01 1 61 0
161 313.591 8.14888 0.01 1 83 0
170 308.168 8.43 0.01 1 61 0
184 308.168 8.43 0.01 1 60 0
186 308.168 8.43 0.01 1 61 0
200 310.042 7.6142 0.01 1 72 0
202 313.591 8.12239 0.01 1 82 0
212 308.168 8.43 0.01 1 61 0
217 308.168 8.28049 0.01 1 61 -0.000949517
221 307.686 8.65024 0.01 1 60 0.00452727
224 313.591 8.12239 0.01 1 82 0
230 309.49 8.13717 0.01 1 72 0
235 313.591 8.14888 0.01 1 83 0
236 310.477 8.47586 0.01 1 72 0
240 309.49 8.13717 0.01 1 72 0
248 308.168 8.43 0.01 1 61 0
256 310.111 7.95653 0.01 1 72 0
258 310.274 7.21795 0.01 1 82 0
264 309.534 7.21795 0.01 1 82 0
283 308.168 8.43 0.01 1 60 0
285 307.607 8.2381 0.01 1 72 -8.34614e-05
287 310.651 8.25852 0.01 1 72 0
310 310.526 7.21795 0.01 1 83 0
314 308.168 8.43 0.01 1 60 0
315 308.168 8.43 0.01 1 61 0
323 307.898 8.36358 0.01 1 72 0
325 312.081 7.88239 0.01 1 82 0
335 309.49 8.13717 0.01 1 72 0
337 308.549 8.43 0.01 1 61 0
342 308.168 8.43 0.01 1 61 0
346 307.14 8.43 0.01 1 72 0
348 309.113 8.43 0.01 1 61 -0.0112669
355 308.698 8.05886 0.01 1 72 0
358 307.29 7.95903 0.01 1 72 0
370 309.534 7.21795 0.01 1 83 0
379 308.168 8.31748 0.01 1 61 0
386 308.168 8.43 0.01 1 61 0
395 308.168 8.43 0.01 1 60 0
400 308.168 8.43 0.01 1 61 0
426 313.591 8.12239 0.01 1 82 0
438 310.147 7.60767 0.01 1 72 0
449 310.526 7.21795 0.01 1 84 0
463 308.168 8.43 0.01 1 60 0
485 309.613 8.05003 0.01 1 72 0
494 308.168 8.43 0.01 1 61 0
506 309.613 8.05003 0.01 1 72 0
543 307.92 8.43 0.01 1 61 0
544 308.45 8.43 0.01 1 61 0
547 312.41 8.13587 0.01 1 72 0
552 309.524 7.97185 0.01 1 72 0
555 308.168 8.43 0.01 1 61 0
557 312.081 7.88239 0.01 1 82 0
577 308.168 8.43 0.01 1 61 0
580 309.524 7.83039 0.01 1 72 0
585 308.168 8.43 0.01 1 60 0
604 311.044 8.525 0.01 1 72 0
612 308.402 7.94481 0.01 1 72 0
618 309.534 7.21795 0.01 1 84 0
629 310.477 8.47586 0.01 1 72 0
634 308.168 8.43 0.01 1 61 0
640 307.898 8.36358 0.01 1 72 0
649 309.49 8.13717 0.01 1 72 0
660 308.168 8.43 0.01 1 61 0
667 308.168 8.43 0.01 1 60 0
676 310.048 8.43 0.01 1 61 0
683 309.534 7.78009 0.01 1 72 0
688 308.168 8.43 0.01 1 61 0
698 310.526 7.21795 0.01 1 83 0
704 308.168 8.43 0.01 1 61 0
716 311.909 7.84196 0.01 1 82 0
721 307.898 8.36358 0.01 1 72 0
727 309.888 8.2254 0.01 1 72 0
728 308.168 8.43 0.01 1 61 0
738 312.081 7.89727 0.01 1 83 0
739 307.169 8.43 0.01 1 61 0.0102859
748 307.861 8.43 0.01 1 61 0
765 309.613 8.05003 0.01 1 72 0
771 308.168 8.43 0.01 1 60 0
773 309.582 8.1163 0.01 1 72 0
775 309.524 7.97185 0.01 1 72 0
777 308.168 8.43 0.01 1 61 0
780 311.5 8.10465 0.01 1 82 0
784 307.386 8.00539 0.01 1 72 0
787 308.168 8.43 0.01 1 60 0
790 312.081 7.89727 0.01 1 83 0
797 308.168 8.43 0.01 1 61 0
810 308.168 8.58215 0.01 1 61 0.000920787
820 308.168 8.43 0.01 1 61 0
822 308.168 8.27715 0.01 1 61 0
844 307.156 7.88427 0.01 1 72 0
850 312.081 7.89727 0.01 1 83 0
852 311.909 7.84196 0.01 1 82 0
854 308.168 8.43 0.01 1 61 0
857 308.455 7.95362 0.01 1 72 0
859 308.168 8.41227 0.01 1 61 0
860 309.534 7.78009 0.01 1 72 0
865 308.168 8.58238 0.01 1 60 0.00109257
868 312.081 7.89727 0.01 1 82 0
876 310.694 8.11426 0.01 1 72 0
881 310.526 7.21795 0.01 1 83 0
893 310.651 8.25852 0.01 1 72 0
896 308.168 8.43 0.01 1 61 0
904 312.081 7.88239 0.01 1 83 0
906 310.526 7.21795 0.01 1 83 0
908 309.49 8.13717 0.01 1 72 0
915 308.168 8.43 0.01 1 60 0
919 312.081 7.89727 0.01 1 82 0
922 310.034 8.09782 0.01 1 72 0
927 312.081 7.89727 0.01 1 82 0
929 307.898 8.36358 0.01 1 72 0
930 308.168 8.45749 0.01 1 59 0
932 312.081 7.89727 0.01 1 82 0
938 307.898 8.36358 0.01 1 72 0
940 312.081 7.89727 0.01 1 82 0
950 311.5 8.12239 0.01 1 82 0
960 308.168 8.43 0.01 1 61 0
964 308.168 8.43 0.01 1 60 0
965 310.86 7.88309 0.01 1 72 0
966 309.534 7.21795 0.01 1 82 0
967 308.168 8.43 0.01 1 61 0
974 308.168 8.43 0.01 1 61 0
976 308.168 8.43 0.01 1 60 0
980 306.175 7.89281 0.01 1 61 0
981 312.391 8.10465 0.01 1 82 0
983 308.168 8.43 0.01 1 61 0
986 312.391 8.10465 0.01 1 82 0
997 308.168 8.30701 0.01 1 60 0
1001 308.168 8.71504 0.01 1 61 0.00168967
1008 308.168 8.43 0.01 1 61 0
1017 308.168 8.27715 0.01 1 61 0
1023 308.168 8.43 0.01 1 60 0
1024 308.006 7.72984 0.01 1 72 0
1028 309.49 8.08438 0.01 1 72 0
1031 308.168 8.43 0.01 1 61 0
1033 308.168 8.27715 0.01 1 61 0
1043 309.194 7.6142 0.01 1 72 0
1045 308.168 8.43 0.01 1 60 0
1067 311.5 8.12239 0.01 1 82 0
1089 312.081 7.89727 0.01 1 82 0
1092 311.5 8.12239 0.01 1 82 0
1095 308.698 7.9395 0.01 1 72 0
1096 311.909 7.84196 0.01 1 82 0
1097 308.168 8.43 0.01 1 60 0
1109 309.691 7.87032 0.01 1 72 0
1121 309.691 7.87032 0.01 1 72 0
1128 308.168 8.43 0.01 1 60 0
1131 308.168 8.43 0.01 1 60 0
1134 306.933 7.93342 0.01 1 72 0
1151 312.631 7.89727 0.01 1 82 0
1156 308.168 8.43 0.01 1 61 0
1165 312.081 7.89727 0.01 1 83 0
1177 308.168 8.43 0.01 1 60 0
1178 308.168 8.64234 0.01 1 61 0
1182 309.055 7.15424 0.01 1 82 0
1185 308.168 8.43 0.01 1 60 0
1206 308.168 8.27715 0.01 1 61 0
1207 306.933 7.93342 0.01 1 72 0
1210 308.507 7.60767 0.01 1 72 0
1223 309.497 7.92821 0.01 1 72 0
1224 307.898 8.36358 0.01 1 72 0
1228 308.168 8.43 0.01 1 61 0
1229 307.898 8.36358 0.01 1 72 0
1234 312.081 7.89727 0.01 1 82 0
1238 311.5 8.10465 0.01 1 82 0
1242 308.168 8.43 0.01 1 61 0
1254 308.309 7.96459 0.01 1 72 0
1262 308.168 8.43 0.01 1 60 0
1269 308.168 8.43 0.01 1 60 0
1271 308.168 8.43 0.01 1 60 0
1277 309.888 8.08974 0.01 1 72 0
1280 308.168 8.43 0.01 1 60 0
1283 311.5 8.10465 0.01 1 82 0
1295 308.168 8.43 0.01 1 61 0
1301 312.081 7.88239 0.01 1 83 0
1325 308.168 8.43 0.01 1 60 0
1333 309.534 7.78009 0.01 1 72 0
1338 312.081 7.89727 0.01 1 83 0
1339 308.168 8.43 0.01 1 60 0
1344 308.168 8.43 0.01 1 60 0
1347 307.898 8.36358 0.01 1 72 0
1366 309.685 7.84194 0.01 1 72 0
1392 308.168 8.45749 0.01 1 60 0
1405 310.477 8.47586 0.01 1 72 0
1408 308.168 8.43 0.01 1 60 0
1413 311.5 8.12239 0.01 1 82 0
1415 309.49 8.07186 0.01 1 72 0
1419 308.168 8.43 0.01 1 60 0
1425 308.168 8.43 0.01 1 61 0
1430 311.5 8.12239 0.01 1 82 0
1437 308.168 8.43 0.01 1 61 0
1441 308.168 8.43 0.01 1 61 0
1443 309.536 8.07347 0.01 1 72 -7.0408e-05
1445 308.168 8.43 0.01 1 60 0
1450 311.5 8.10465 0.01 1 82 0
1451 311.5 8.12239 0.01 1 82 0
1453 309.49 8.13717 0.01 1 72 0
1469 308.168 8.31748 0.01 1 61 0
1480 308.168 8.43 0.01 1 61 0
1485 308.168 8.43 0.01 1 61 0
1488 311.5 8.08415 0.01 1 82 0
1489 308.168 8.43 0.01 1 60 0
1491 310.526 7.21795 0.01 1 83 0
1497 309.615 8.04006 0.01 1 72 0
1504 308.168 8.43 0.01 1 60 0
1505 310.622 8.57503 0.01 1 61 -0.0245303
1511 308.168 8.43 0.01 1 61 0
1514 308.168 8.27715 0.01 1 61 0
1515 308.168 8.43 0.01 1 61 0
1543 313.591 8.14888 0.01 1 82 0
1551 312.081 7.89727 0.01 1 83 0
1570 308.168 8.49977 0.01 1 61 0
1584 312.081 7.88239 0.01 1 82 0
1603 308.168 8.43 0.01 1 61 0
1606 308.121 8.11402 0.01 1 72 0
1611 308.373 8.05503 0.01 1 72 0
1625 308.168 8.43 0.01 1 61 0
1626 308.826 8.08305 0.01 1 72 0
1631 309.534 7.21795 0.01 1 82 0
1634 308.168 8.43 0.01 1 60 0
1668 307.156 7.88427 0.01 1 72 0
1672 309.194 7.63278 0.01 1 72 0
1677 313.591 8.14888 0.01 1 83 0
1686 308.705 8.57503 0.01 1 61 -0.0049146
1688 307.178 8.43 0.01 1 72 0
1689 308.168 8.43 0.01 1 60 0
1702 306.697 8.43 0.01 1 61 0.0129475
1708 312.081 7.89727 0.01 1 83 0
1714 308.168 8.42871 0.01 1 61 0
1723 308.168 8.58238 0.01 1 60 0
1728 308.168 8.43 0.01 1 60 0
1732 312.081 7.89727 0.01 1 82 0
1740 311.5 8.12239 0.01 1 82 0
1756 311.102 8.10477 0.01 1 72 0
1760 310.477 8.47586 0.01 1 72 0
1764 310.694 8.11426 0.01 1 72 0
1767 311.044 8.47586 0.01 1 72 0
1770 308.168 8.42872 0.01 1 60 -9.43244e-06
1773 310.526 7.21795 0.01 1 83 0
1783 308.826 8.08305 0.01 1 72 0
1788 309.826 7.78778 0.01 1 72 0
1790 308.168 8.43 0.01 1 61 0
1792 308.168 8.43 0.01 1 60 0
1796 312.081 7.89727 0.01 1 82 0
1800 310.042 7.6142 0.01 1 72 0
1815 312.081 7.88239 0.01 1 82 0
1819 308.168 8.43 0.01 1 61 0
1827 308.168 8.43 0.01 1 61 0
1834 307.607 8.36358 0.01 1 72 0
1847 308.168 8.43 0.01 1 59 0
1848 307.898 8.36358 0.01 1 72 0
1874 309.524 7.83039 0.01 1 72 0
1878 313.591 8.12239 0.01 1 82 0
1881 308.168 8.43 0.01 1 61 0
1897 307.156 7.97613 0.01 1 72 0
1912 309.613 8.05003 0.01 1 72 0
1917 308.168 8.43 0.01 1 59 0
1921 308.168 8.43 0.01 1 61 0
1925 308.168 8.43 0.01 1 61 0
1927 308.168 8.30701 0.01 1 60 0
1930 308.168 8.43 0.01 1 61 0
1934 311.5 8.12239 0.01 1 82 0
1942 308.168 8.43 0.01 1 60 0
1948 308.168 8.43 0.01 1 60 0
1951 308.168 8.43 0.01 1 61 0
1953 308.507 7.60767 0.01 1 72 0
1958 308.31 8.21815 0.01 1 72 0
1977 311.5 8.10465 0.01 1 82 0
1993 309.49 8.07347 0.01 1 72 0
1994 308.168 8.27715 0.01 1 61 0
1998 313.591 8.12239 0.01 1 82 0
2000 310.651 8.25035 0.01 1 72 0
2009 307.898 8.41963 0.01 1 72 0
2011 311.102 8.10477 0.01 1 72 0
2019 308.168 8.43 0.01 1 60 0
2021 308.168 8.43 0.01 1 61 0
2036 308.168 8.43 0.01 1 61 0
2048 311.5 8.12239 0.01 1 82 0
2056 306.933 7.93342 0.01 1 72 0
2069 309.524 7.95653 0.01 1 72 0
2071 308.168 8.43 0.01 1 60 0
2074 312.081 7.89727 0.01 1 82 0
2077 308.507 7.60767 0.01 1 72 0
2079 308.168 8.43 0.01 1 60 0
2080 309.888 8.08974 0.01 1 72 0
2087 307.898 8.36358 0.01 1 72 0
2090 309.534 7.21795 0.01 1 84 0
2103 308.826 8.08305 0.01 1 72 0
2106 307.294 8.26193 0.01 1 72 0
2118 311.5 8.12239 0.01 1 82 0
2121 311.075 8.15656 0.01 1 72 0
2132 308.168 8.43 0.01 1 60 0
2139 308.168 8.43 0.01 1 61 0
2144 308.168 8.43 0.01 1 60 0
2173 309.691 7.90685 0.01 1 72 0
2184 308.168 8.45749 0.01 1 59 0
2189 308.168 8.64234 0.01 1 61 0
2191 308.168 8.42872 0.01 1 60 0
2202 309.079 7.63278 0.01 1 72 0
2206 312.081 7.89727 0.01 1 83 0
2207 311.5 8.12239 0.01 1 82 0
2220 308.168 8.43 0.01 1 60 0
2225 309.534 7.21795 0.01 1 82 0
2234 307.898 8.36358 0.01 1 72 0
2238 312.081 7.89727 0.01 1 82 0
2254 308.168 8.43 0.01 1 61 0
2257 308.168 8.43 0.01 1 61 0
2272 308.168 8.43 0.01 1 60 0
2274 309.613 8.05003 0.01 1 72 0
2281 308.168 8.43 0.01 1 61 0
2303 308.168 8.43 0.01 1 61 0
2305 308.168 8.42872 0.01 1 60 0
2314 312.081 7.88239 0.01 1 83 0
2320 308.168 8.43 0.01 1 61 0
2322 311.5 8.03802 0.01 1 82 0
2332 309.194 7.63278 0.01 1 72 0
2339 308.168 8.43 0.01 1 61 0
2345 308.168 8.43 0.01 1 59 0
2346 312.081 7.89727 0.01 1 82 0
2353 308.168 8.43 0.01 1 61 0
2354 307.957 8.43 0.01 1 61 0.00232252
2374 312.081 7.89727 0.01 1 82 0
2378 308.168 8.43 0.01 1 61 0
2379 308.168 8.43 0.01 1 60 0
2384 308.168 8.43 0.01 1 61 0
2387 308.168 8.43 0.01 1 61 0
2388 308.168 8.43 0.01 1 60 0
2398 308.168 8.43 0.01 1 61 0
2404 308.168 8.43 0.01 1 61 0
2407 308.168 8.45749 0.01 1 59 0
2420 312.081 7.89727 0.01 1 82 0
2429 311.909 7.84196 0.01 1 82 0
2447 308.168 8.43 0.01 1 60 0
2450 308.168 8.43 0.01 1 59 0
2455 308.168 8.43 0.01 1 60 0
2460 308.168 8.43 0.01 1 61 0
2463 311.5 8.10465 0.01 1 82 0
2464 308.168 8.43 0.01 1 60 0
2472 308.168 8.43 0.01 1 60 0
2486 308.168 8.43 0.01 1 61 0
2493 308.168 8.45749 0.01 1 59 0
2520 309.613 8.05003 0.01 1 72 0
2522 309.534 7.21795 0.01 1 83 0
2531 309.49 8.08438 0.01 1 72 0
2538 309.524 7.97185 0.01 1 72 0
2541 312.081 7.88239 0.01 1 82 0
2543 308.168 8.43 0.01 1 61 0
2549 309.524 7.83039 0.01 1 72 0
2553 311.5 8.12239 0.01 1 82 0
2558 308.168 8.43 0.01 1 61 0
2561 308.341 8.36358 0.01 1 72 0
2572 308.168 8.43 0.01 1 60 0
2581 308.168 8.41227 0.01 1 61 0
2590 309.49 8.02081 0.01 1 72 0
2595 311.5 8.12239 0.01 1 82 0
2596 309.613 8.05003 0.01 1 72 0
2602 308.168 8.43 0.01 1 61 0
2606 308.168 8.64234 0.01 1 61 0
2609 308.091 8.47216 0.01 1 72 0
2622 308.168 8.43 0.01 1 61 0
2625 308.826 8.08305 0.01 1 72 0
2649 308.168 8.43 0.01 1 61 0
2656 308.168 8.43 0.01 1 61 0
2657 310.694 8.11426 0.01 1 72 0
2660 308.168 8.43 0.01 1 61 0
2661 308.168 8.43 0.01 1 60 0
2665 312.081 7.88239 0.01 1 82 0
2684 308.168 8.43 0.01 1 61 0
2703 309.534 7.21795 0.01 1 84 0
2712 308.519 8.03176 0.01 1 72 0
2716 309.194 7.63278 0.01 1 72 0
2722 311.5 8.10465 0.01 1 82 0
2731 308.168 8.43 0.01 1 61 0
2736 308.426 7.56231 0.01 1 72 0
2751 308.168 8.43 0.01 1 60 0
2752 308.168 8.43 0.01 1 60 0
2754 312.081 7.89727 0.01 1 83 0
2774 308.168 8.43 0.01 1 61 0
2776 308.168 8.43 0.01 1 60 0
2786 308.494 8.08438 0.01 1 72 -2.36183e-05
2788 307.898 8.41963 0.01 1 72 0
2798 309.194 7.63278 0.01 1 72 0
2804 307.898 8.41963 0.01 1 72 0
2811 308.168 8.43 0.01 1 61 0
2812 308.455 7.95362 0.01 1 72 0
2813 307.898 8.36358 0.01 1 72 0
2825 308.168 8.43 0.01 1 61 0
2830 311.909 7.84196 0.01 1 82 0
2840 312.081 7.89727 0.01 1 82 0
2852 308.168 8.43 0.01 1 61 0
2856 311.5 8.10465 0.01 1 82 0
2858 309.613 8.05003 0.01 1 72 0
2860 308.168 8.45749 0.01 1 59 0
2865 310.042 7.6142 0.01 1 72 0
2866 312.178 7.89727 0.01 1 82 0
2877 306.528 8.43 0.01 1 61 0
2890 308.168 8.43 0.01 1 61 0
2893 308.168 8.43 0.01 1 61 0
2900 306.175 7.89281 0.01 1 72 0
2915 307.92 8.43 0.01 1 61 0.00271559
2922 312.081 7.89727 0.01 1 82 0
2928 308.168 8.34084 0.01 1 61 -0.000560731
2935 307.187 8.43 0.01 1 61 0.0101127
2940 310.477 8.47586 0.01 1 72 0
2941 308.168 8.43 0.01 1 60 0
2960 308.168 8.43 0.01 1 60 0
2965 310.042 7.6142 0.01 1 72 0
2975 313.591 8.14888 0.01 1 83 0
2988 312.081 7.89727 0.01 1 83 0
2989 308.168 8.45749 0.01 1 60 0
2992 312.081 7.89727 0.01 1 82 0
3003 310.477 8.4888 0.01 1 72 9.045e-06
3026 307.7 8.08558 0.01 1 72 0
3028 308.168 8.43 0.01 1 61 0
3030 308.168 8.43 0.01 1 61 0
3032 308.168 8.43 0.01 1 61 0
3035 308.168 8.43 0.01 1 61 0
3040 310.213 7.21795 0.01 1 82 0.00906307
3042 308.168 8.43 0.01 1 60 0
3043 309.534 7.78009 0.01 1 72 0
3048 307.861 8.43 0.01 1 61 0
3053 308.168 8.43 0.01 1 61 0
3060 308.168 8.43 0.01 1 60 0
3064 308.168 8.43 0.01 1 61 0
3065 308.168 8.43 0.01 1 61 0
3076 308.168 8.43 0.01 1 60 0
3088 309.534 7.21795 0.01 1 82 0
3089 309.524 7.83039 0.01 1 72 0
3090 309.044 7.95653 0.01 1 72 0
3091 310.526 7.21795 0.01 1 83 0
3094 311.5 8.12239 0.01 1 82 0
3097 308.168 8.43 0.01 1 61 0
3099 311.5 8.10465 0.01 1 82 0
3100 308.168 8.45749 0.01 1 59 0
3106 308.168 8.43 0.01 1 61 0
3110 308.168 8.43 0.01 1 61 0
3114 309.524 7.94719 0.01 1 72 0
3118 307.156 7.97613 0.01 1 72 0
3128 309.497 7.92821 0.01 1 72 0
3130 309.49 8.13717 0.01 1 72 0
3147 308.168 8.43 0.01 1 61 0
3156 311.909 7.9884 0.01 1 82 0
3159 308.705 8.57503 0.01 1 61 0
3162 308.168 8.43 0.01 1 61 0
3166 308.168 8.43 0.01 1 61 0
3179 309.888 8.08974 0.01 1 72 0
3180 311.308 7.94847 0.01 1 72 0
3182 312.081 7.89727 0.01 1 82 0
3188 308.168 8.43 0.01 1 60 0
3190 310.526 7.21795 0.01 1 83 0
3193 308.168 8.43 0.01 1 60 0
3196 312.081 7.88239 0.01 1 82 0
3204 307.898 8.36358 0.01 1 72 0
3208 308.168 8.43 0.01 1 61 0
3227 309.534 7.78009 0.01 1 72 0
3228 309.524 7.95653 0.01 1 72 0
3233 308.168 8.42872 0.01 1 60 0
3242 309.613 8.05003 0.01 1 72 0
3246 309.534 7.21795 0.01 1 83 0
3248 309.534 7.78009 0.01 1 72 0
3249 308.754 8.43 0.01 1 61 0
3255 308.168 8.43 0.01 1 60 0
3259 312.081 7.89727 0.01 1 82 0
3261 308.168 8.43 0.01 1 61 0
3264 308.168 8.27715 0.01 1 61 0
3275 307.898 8.36358 0.01 1 72 0
3280 308.168 8.43 0.01 1 60 0
3284 310.694 8.11426 0.01 1 72 0
3285 308.168 8.43 0.01 1 60 0
3288 307.898 8.36358 0.01 1 72 0
3290 311.075 8.3231 0.01 1 72 0
3293 308.168 8.31748 0.01 1 61 0
3310 312.081 7.88239 0.01 1 82 0
3311 310.526 7.21795 0.01 1 83 0
3323 308.168 8.43 0.01 1 61 0
3324 308.168 8.43 0.01 1 60 0
3341 309.044 7.95653 0.01 1 72 0
3353 308.168 8.43 0.01 1 61 0
3360 310.651 8.25852 0.01 1 72 0
3361 309.09 7.60767 0.01 1 72 0
3374 308.168 8.43 0.01 1 61 0
3380 308.132 8.43 0.01 1 60 0.000429183
3388 306.697 8.43 0.01 1 61 0
3394 308.168 8.64234 0.01 1 61 0
3411 308.091 8.47216 0.01 1 72 0
3416 307.898 8.36358 0.01 1 72 0
3419 309.534 7.21795 0.01 1 82 0
3422 308.168 8.43 0.01 1 60 0
3430 312.081 7.89727 0.01 1 82 0
3433 308.168 8.43 0.01 1 60 0
3453 309.144 8.16289 0.01 1 72 0
3457 312.081 7.88239 0.01 1 82 0
3466 313.591 8.14888 0.01 1 83 0
3473 309.49 8.13717 0.01 1 72 0
3480 308.168 8.43 0.01 1 60 0
3494 309.826 7.78778 0.01 1 72 0
3498 308.168 8.43 0.01 1 60 0
3509 308.168 8.43 0.01 1 60 0
3518 308.168 8.42828 0.01 1 61 0
3529 308.168 8.43 0.01 1 61 0
3542 308.168 8.43 0.01 1 61 0
3560 311.5 8.10465 0.01 1 82 0
3562 308.168 8.43 0.01 1 60 0
3569 308.168 8.37807 0.01 1 60 -0.000384316
3585 308.168 8.43 0.01 1 61 0
3605 308.168 8.43 0.01 1 61 0
3612 309.49 8.08438 0.01 1 72 0
3615 308.168 8.43 0.01 1 59 0
3624 308.373 8.05503 0.01 1 72 0
3627 308.168 8.43 0.01 1 61 0
3652 308.168 8.43 0.01 1 61 0
3674 308.168 8.31748 0.01 1 61 0
3675 308.168 8.43 0.01 1 60 0
3680 308.168 8.43 0.01 1 61 0
3687 308.168 8.43 0.01 1 60 0
3708 308.168 8.43 0.01 1 61 0
3709 308.168 8.43 0.01 1 60 0
3723 308.168 8.43 0.01 1 60 0
3733 308.168 8.27715 0.01 1 61 0
3736 309.534 7.21795 0.01 1 83 0
3737 308.168 8.43 0.01 1 60 0
3747 308.168 8.43 0.01 1 61 0
3749 310.651 8.25852 0.01 1 72 0
3753 308.168 8.43 0.01 1 60 0
3757 309.534 7.21795 0.01 1 83 0
3762 308.168 8.45749 0.01 1 59 0
3773 308.168 8.54218 0.01 1 59 0
3778 308.698 8.05886 0.01 1 72 0
3784 308.168 8.43 0.01 1 61 0
3786 306.697 8.43 0.01 1 61 0
3793 308.168 8.43 0.01 1 61 0
3814 309.524 7.95653 0.01 1 72 0
3815 308.168 8.64234 0.01 1 61 0
3817 308.168 8.43 0.01 1 60 0
3823 308.341 8.36358 0.01 1 72 0.00110218
3852 310.47 8.03588 0.01 1 72 0
3864 309.613 8.05003 0.01 1 72 0
3873 309.292 8.10108 0.01 1 72 0
3881 311.5 8.10465 0.01 1 82 0
3884 309.49 8.13717 0.01 1 72 0
3897 312.081 7.89727 0.01 1 82 0
3898 308.168 8.43 0.01 1 60 0
3904 313.591 8.12239 0.01 1 82 0
3907 308.168 8.43 0.01 1 59 0
3917 309.194 7.63278 0.01 1 72 0
3922 312.081 7.89727 0.01 1 83 0
3923 308.168 8.43 0.01 1 61 0
3926 312.081 7.89727 0.01 1 82 0
3945 312.081 7.89727 0.01 1 82 0
3948 308.168 8.43 0.01 1 59 0
3949 308.168 8.43 0.01 1 61 0
3955 309.524 7.97185 0.01 1 72 0
3959 310.541 7.21795 0.01 1 83 0.000193328
3967 312.391 8.10465 0.01 1 82 0
3978 308.168 8.43 0.01 1 61 0
3980 308.168 8.43 0.01 1 60 0
3988 310.526 7.21795 0.01 1 83 0
3996 309.691 7.87032 0.01 1 72 0
4000 312.081 7.88239 0.01 1 82 0
4002 309.044 7.95653 0.01 1 72 0
4004 311.909 7.84196 0.01 1 82 0
4019 308.168 8.43 0.01 1 61 0
4020 311.5 8.10465 0.01 1 82 0
4023 308.168 8.43 0.01 1 60 0
4032 308.168 8.43 0.01 1 61 0
4033 308.168 8.43 0.01 1 61 0
4043 309.194 7.63278 0.01 1 72 0
4051 307.629 8.43 0.01 1 60 0
4061 308.168 8.45749 0.01 1 59 0
4064 312.081 7.88239 0.01 1 82 0
4065 308.168 8.43 0.01 1 61 0
4084 308.168 8.43 0.01 1 60 0
4094 307.898 8.41963 0.01 1 72 0
4100 309.826 7.78778 0.01 1 72 0
4102 309.534 7.78009 0.01 1 72 0
4110 308.168 8.45749 0.01 1 59 0
4116 312.081 7.89727 0.01 1 82 0
4118 308.168 8.43 0.01 1 61 0
4119 308.168 8.31748 0.01 1 61 0
4125 308.168 8.43 0.01 1 61 0
4143 309.292 8.10108 0.01 1 72 0
4155 309 8.11459 0.01 1 72 0
4159 309.015 7.92573 0.01 1 72 0
4162 308.168 8.43 0.01 1 60 0
4172 309.534 7.21795 0.01 1 82 0
4175 309.534 7.21795 0.01 1 82 0
4176 310.526 7.21795 0.01 1 83 0
4184 309.194 7.63278 0.01 1 72 0
4200 311.909 7.84196 0.01 1 82 0
4206 310.651 8.25035 0.01 1 72 0
4224 308.168 8.43 0.01 1 59 0
4229 307.528 8.10256 0.01 1 61 -0.000476688
4233 308.168 8.38507 0.01 1 61 -0.000280589
4237 313.591 8.14888 0.01 1 83 0
4247 309.615 8.04006 0.01 1 72 0
4249 308.168 8.43 0.01 1 60 0
4250 311.5 8.12239 0.01 1 82 0
4252 307.46 7.92733 0.01 1 72 -7.14213e-05
4272 308.168 8.43 0.01 1 61 0
4281 308.168 8.5143 0.01 1 60 0.000610784
4284 309.613 8.05003 0.01 1 72 0
4289 308.168 8.47758 0.01 1 61 0
4292 309.582 8.1163 0.01 1 72 0
4293 312.081 7.89727 0.01 1 82 0
4297 309.534 7.21795 0.01 1 82 0
4298 308.168 8.43 0.01 1 60 0
4299 308.168 8.43 0.01 1 61 0
4319 308.168 8.43 0.01 1 61 0
4322 309.534 7.21795 0.01 1 84 0
4323 307.686 8.65024 0.01 1 61 0
4330 309.534 7.21795 0.01 1 82 0
4336 308.168 8.43 0.01 1 60 0
4337 311.909 7.84196 0.01 1 82 0
4340 309.524 7.95653 0.01 1 72 0
4343 312.081 7.89727 0.01 1 82 0
4351 308.168 8.43 0.01 1 61 0
4362 306.528 8.43 0.01 1 61 0
4364 308.168 8.43 0.01 1 61 0
4367 310.142 7.79931 0.01 1 72 0
4369 308.168 8.43 0.01 1 61 0
4370 311.5 8.10465 0.01 1 82 0
4376 311.5 8.10465 0.01 1 82 0
4389 309.49 8.07347 0.01 1 72 0
4401 309.888 8.08974 0.01 1 72 0
4403 307.898 8.36358 0.01 1 72 0
4422 308.168 8.43 0.01 1 60 0
4424 312.631 7.89727 0.01 1 82 0
4427 312.081 7.89727 0.01 1 82 0
4445 308.168 8.43 0.01 1 61 0
4450 308.168 8.43 0.01 1 61 0
4451 308.168 8.43 0.01 1 61 0
4456 312.391 8.10465 0.01 1 83 0
4458 308.168 8.43 0.01 1 61 0
4462 309.194 7.63278 0.01 1 72 0
4463 308.168 8.43 0.01 1 60 0
4466 308.168 8.42828 0.01 1 61 0
4469 309.015 7.92573 0.01 1 72 0
4472 308.168 8.31748 0.01 1 61 0
4479 308.168 8.43 0.01 1 61 0
4480 308.168 8.27715 0.01 1 61 0
4486 308.168 8.43 0.01 1 60 0
4490 308.168 8.43 0.01 1 61 0
4496 308.168 8.43 0.01 1 59 0
4504 308.168 8.43 0.01 1 61 0
4516 308.168 8.43 0.01 1 60 0
4521 308.168 8.43 0.01 1 61 0
4526 309.524 7.94719 0.01 1 72 0
4528 309.888 8.08974 0.01 1 72 0
4533 308.168 8.43 0.01 1 60 0
4539 310.274 7.21795 0.01 1 82 0
4541 308.168 8.45749 0.01 1 60 0
4547 309.194 7.6142 0.01 1 72 0
4558 306.528 8.43 0.01 1 61 0
4566 307.898 8.36358 0.01 1 72 0
4576 312.41 8.28152 0.01 1 72 0
4590 308.168 8.43 0.01 1 61 0
4607 308.168 8.45749 0.01 1 59 0
4614 308.168 8.43 0.01 1 61 0
4617 312.081 7.89727 0.01 1 83 0
4618 311.5 8.12239 0.01 1 82 0
4619 308.168 8.43 0.01 1 60 0
4624 308.507 7.60767 0.01 1 72 0
4629 309.144 8.16289 0.01 1 72 0
4631 308.826 8.08305 0.01 1 72 0
4637 308.168 8.43 0.01 1 61 0
4656 308.168 8.43 0.01 1 59 0
4669 311.5 8.08415 0.01 1 82 0
4678 309.49 8.07347 0.01 1 72 0
4686 308.168 8.43 0.01 1 61 0
4688 311.5 8.10465 0.01 1 82 0
4691 312.081 7.89727 0.01 1 82 0
4693 311.5 8.10465 0.01 1 82 0
4696 308.168 8.43 0.01 1 61 0
4710 308.168 8.43 0.01 1 60 0
4713 308.168 8.41227 0.01 1 61 0
4740 308.168 8.43 0.01 1 60 0
4743 308.462 7.78778 0.01 1 72 0
4749 311.003 7.84196 0.01 1 82 0
4752 310.406 7.63278 0.01 1 72 -0.00327958
4757 308.168 8.43 0.01 1 60 0
4769 308.754 8.43 0.01 1 61 -0.00684182
4790 308.168 8.43 0.01 1 59 0
4794 308.168 8.43 0.01 1 60 0
4804 308.091 8.47216 0.01 1 72 0
4812 308.168 8.43 0.01 1 60 0
4814 312.391 8.10465 0.01 1 82 0
4816 308.754 8.40981 0.01 1 61 0
4822 309.015 7.92573 0.01 1 72 0
4828 312.081 7.89727 0.01 1 82 0
4833 306.82 8.43 0.01 1 61 0
4850 309.341 7.9395 0.01 1 72 0
4853 312.081 7.89727 0.01 1 82 0
4861 311.5 8.12239 0.01 1 82 0
4886 311.5 8.12239 0.01 1 82 0
4891 309.524 7.83039 0.01 1 72 0
4892 308.168 8.43 0.01 1 60 0
4900 308.877 7.89581 0.01 1 72 0
4911 307.898 8.36358 0.01 1 72 0
4912 308.168 8.43 0.01 1 60 0
4914 308.455 7.95362 0.01 1 72 0
4934 308.168 8.43 0.01 1 60 0
4938 308.091 8.47216 0.01 1 72 0
4945 308.168 8.43 0.01 1 61 0
4968 308.168 8.43 0.01 1 61 0
4969 309.194 7.6142 0.01 1 72 0
4975 308.168 8.43 0.01 1 61 0
4990 308.168 8.43 0.01 1 61 0
4993 309.613 8.05003 0.01 1 72 0
4997 308.168 8.43 0.01 1 61 0
4999 308.168 8.45749 0.01 1 59 0
5004 308.168 8.43 0.01 1 60 0
5012 307.898 8.36358 0.01 1 72 0
5024 310.651 8.25852 0.01 1 72 0
5025 308.522 7.78778 0.01 1 72 -8.83341e-05
5027 310.651 8.25035 0.01 1 72 0
5029 306.82 8.43 0.01 1 61 0.0202538
5036 310.526 7.21795 0.01 1 83 0
5040 308.168 8.43 0.01 1 61 0
5059 308.168 8.43 0.01 1 59 0
5063 308.168 8.37267 0.01 1 60 0
5064 309.534 7.78009 0.01 1 72 0
5068 308.168 8.43 0.01 1 61 0
5070 308.168 8.43 0.01 1 61 0
5086 312.081 7.89727 0.01 1 82 0
5100 307.294 8.05207 0.01 1 72 0
5106 309.49 8.13717 0.01 1 72 0
5112 310.274 7.21795 0.01 1 82 0
5116 308.168 8.43 0.01 1 60 0
5117 308.698 8.05886 0.01 1 72 0
5120 308.826 8.08305 0.01 1 72 0
5135 308.31 8.21621 0.01 1 72 0
5144 308.168 8.43 0.01 1 61 0
5146 308.168 8.43 0.01 1 60 0
5152 307.452 8.0837 0.01 1 72 0
5155 310.048 8.43 0.01 1 61 -0.0222309
5157 310.651 8.25852 0.01 1 72 0
5163 307.294 8.42852 0.01 1 72 0
5165 308.785 7.77846 0.01 1 72 0
5180 312.081 7.89727 0.01 1 82 0
5189 309.524 7.83039 0.01 1 72 0
5193 308.168 8.45749 0.01 1 59 0
5214 310.651 8.25852 0.01 1 72 0
5215 310.526 7.21795 0.01 1 83 0
5219 309.534 7.21795 0.01 1 84 0
5222 312.081 7.89727 0.01 1 82 0
5224 311.5 8.10465 0.01 1 83 0
5241 311.909 7.84196 0.01 1 82 0
5242 308.168 8.43 0.01 1 61 0
5249 308.168 8.43 0.01 1 61 0
5251 310.526 7.21795 0.01 1 83 0
5255 308.168 8.43 0.01 1 60 0
5268 308.168 8.43 0.01 1 61 0
5276 310.142 7.79931 0.01 1 72 0
5292 312.081 7.89727 0.01 1 82 0
5303 308.168 8.43 0.01 1 60 0
5309 308.168 8.43 0.01 1 61 0
5310 308.168 8.30701 0.01 1 60 0
5325 310.526 7.21795 0.01 1 83 0
5326 310.526 7.21795 0.01 1 83 0
5327 310.526 7.21795 0.01 1 83 0
5328 308.168 8.43 0.01 1 61 0
5329 307.629 8.43 0.01 1 61 0
5343 308.168 8.43 0.01 1 60 0
5345 308.168 8.45749 0.01 1 59 0
5350 308.168 8.43 0.01 1 61 0
5358 309.534 7.21795 0.01 1 82 0
5364 311.986 7.84196 0.01 1 82 0.0063125
5368 311.134 7.89727 0.01 1 82 -0.00688225
5384 313.591 8.12239 0.01 1 82 0
5386 308.168 8.43 0.01 1 61 0
5396 308.168 8.43 0.01 1 60 0
5397 309.534 7.21795 0.01 1 83 0
5408 308.168 8.43 0.01 1 61 0
5415 308.168 8.47707 0.01 1 60 0
5428 312.081 7.88239 0.01 1 82 0
5446 312.081 7.89727 0.01 1 82 0
5448 308.168 8.43 0.01 1 61 0
5449 308.168 8.43 0.01 1 61 0
5455 308.168 8.43 0.01 1 61 0
5460 313.591 8.12239 0.01 1 82 0
5463 308.168 8.43 0.01 1 61 0
5464 309.524 7.83039 0.01 1 72 0
5468 308.168 8.41227 0.01 1 61 0
5481 308.168 8.43 0.01 1 61 0
5482 308.168 8.43 0.01 1 60 0
5484 308.31 8.21815 0.01 1 72 0
5500 308.168 8.43 0.01 1 61 0
5506 308.373 8.05503 0.01 1 72 0
5510 311.143 7.84196 0.01 1 82 0
5521 306.175 7.89281 0.01 1 61 0
5530 308.168 8.43 0.01 1 61 0
5534 311.5 8.12239 0.01 1 82 0
5547 308.168 8.45749 0.01 1 59 0
5554 308.168 8.43 0.01 1 61 0
5555 308.507 7.60767 0.01 1 72 0
5562 308.168 8.43 0.01 1 61 0
5578 308.168 8.43 0.01 1 61 0
5598 309.524 7.83039 0.01 1 72 0
5609 307.915 8.43 0.01 1 60 0.00298169
5610 307.686 8.65024 0.01 1 61 0
5613 306.933 7.95749 0.01 1 72 0
5622 308.168 8.43 0.01 1 60 0
5629 309.524 7.97185 0.01 1 72 0
5633 308.168 8.43 0.01 1 61 0
5636 312.081 7.89727 0.01 1 82 0
5637 308.168 8.43 0.01 1 60 0
5639 308.519 8.01952 0.01 1 72 0
5641 308.168 8.43 0.01 1 61 0
5643 308.373 8.05503 0.01 1 72 0
5648 308.168 8.43 0.01 1 59 0
5652 307.7 8.08558 0.01 1 72 0
5669 308.168 8.43 0.01 1 61 0
5673 308.168 8.43 0.01 1 60 0
5676 307.178 8.43 0.01 1 72 0.000190213
5679 312.081 7.89727 0.01 1 83 0
5687 308.893 8.43 0.01 1 60 -0.00903955
5708 308.168 8.43 0.01 1 60 0
5709 308.168 8.43 0.01 1 61 0
5711 310.042 7.6142 0.01 1 72 0
5722 308.168 8.43 0.01 1 61 0
5724 309.534 7.21795 0.01 1 84 0
5729 308.168 8.43 0.01 1 60 0
5730 310.28 8.10208 0.01 1 72 0
5739 309.194 7.63278 0.01 1 72 0
5740 308.168 8.43 0.01 1 60 0
5748 308.091 8.47216 0.01 1 72 0
5749 308.698 8.05886 0.01 1 72 0
5791 311.909 7.84196 0.01 1 82 0
5803 308.168 8.30701 0.01 1 60 0
5807 308.168 8.43 0.01 1 61 0
5811 308.168 8.43 0.01 1 60 0
5815 309.534 7.21795 0.01 1 82 0
5817 307.29 7.95903 0.01 1 72 0
5825 308.168 8.43 0.01 1 60 0
5829 311.091 7.87632 0.01 1 72 0
5843 313.591 8.12239 0.01 1 82 0
5846 308.168 8.43 0.01 1 60 0
5848 308.168 8.43 0.01 1 61 0
5867 312.081 7.89727 0.01 1 83 0
5885 312.081 7.89727 0.01 1 83 0
5887 308.754 8.43 0.01 1 61 0
5891 309.534 7.21795 0.01 1 83 0
5905 311.5 8.12239 0.01 1 82 0
5913 309.534 7.78009 0.01 1 72 0
5926 311.091 7.87632 0.01 1 72 0
5929 309.534 7.78009 0.01 1 72 0
5930 310.651 8.25852 0.01 1 72 0
5935 312.081 7.89727 0.01 1 83 0
5944 309.534 7.78009 0.01 1 72 0
5958 309.691 7.87032 0.01 1 72 0
5959 312.081 7.89727 0.01 1 82 0
5962 308.168 8.43 0.01 1 60 0
5964 312.081 7.88239 0.01 1 82 0
5981 308.168 8.43 0.01 1 60 0
5984 308.168 8.43 0.01 1 61 0
5986 308.168 8.47707 0.01 1 60 0
5994 311.143 7.84196 0.01 1 82 -0.00739646
5996 308.168 8.43 0.01 1 61 0
5999 309.582 8.1163 0.01 1 72 0
6008 312.081 7.89727 0.01 1 82 0
6029 307.452 8.0837 0.01 1 72 0
6062 313.591 8.12239 0.01 1 82 0
6076 313.591 8.12239 0.01 1 82 0
6077 307.853 8.43 0.01 1 60 0.000712141
6078 312.391 8.10465 0.01 1 82 0
6091 312.631 7.89727 0.01 1 82 0
6092 307.156 7.88427 0.01 1 72 0
6095 308.168 8.43 0.01 1 60 0
6104 308.168 8.43 0.01 1 61 0
6108 307.755 8.27211 0.01 1 72 0
6118 308.168 8.43 0.01 1 60 0
6136 310.694 8.11426 0.01 1 72 0
6148 309.292 8.10108 0.01 1 72 0
6150 309.534 7.78009 0.01 1 72 0
6151 309.49 8.07347 0.01 1 72 0
6153 308.168 8.43 0.01 1 60 0
6155 308.168 8.43 0.01 1 60 0
6157 308.168 8.45749 0.01 1 59 0
6164 309.534 7.21795 0.01 1 83 0
6177 308.168 8.43 0.01 1 61 0
6181 308.168 8.43 0.01 1 60 0
6183 308.168 8.43 0.01 1 61 0
6184 309.613 8.05003 0.01 1 72 0
6185 309.691 7.90685 0.01 1 72 0
6188 306.933 7.93342 0.01 1 72 0
6199 308.223 8.05503 0.01 1 72 0
6208 309.194 7.63278 0.01 1 72 0
6224 311.5 8.12239 0.01 1 82 0
6234 306.933 7.93342 0.01 1 72 0
6241 308.168 8.43 0.01 1 60 0
6250 308.168 8.43 0.01 1 60 0
6258 308.168 8.43 0.01 1 60 0
6260 308.168 8.43 0.01 1 61 0
6280 307.755 8.27211 0.01 1 72 0
6284 309.534 7.21795 0.01 1 84 0
6300 308.168 8.34084 0.01 1 61 0
6311 309.237 8.13717 0.01 1 72 0
6313 311.5 8.10465 0.01 1 82 0
6358 309.888 8.08974 0.01 1 72 0
6366 308.341 8.36358 0.01 1 72 0
6367 309.536 8.07347 0.01 1 72 0
6372 308.168 8.43 0.01 1 61 0
6373 308.168 8.43 0.01 1 60 0
6377 309.49 8.07347 0.01 1 72 0
6382 312.391 8.10465 0.01 1 82 0
6386 308.826 8.08305 0.01 1 72 0
6392 306.175 7.89281 0.01 1 72 0
6393 312.081 7.89727 0.01 1 83 0
6395 308.168 8.43 0.01 1 61 0
6408 308.168 8.43 0.01 1 61 0
6410 308.168 8.43 0.01 1 60 0
6412 309.534 7.78009 0.01 1 72 0
6416 310.651 8.25852 0.01 1 72 0
6417 312.391 8.10465 0.01 1 82 0
6422 308.507 7.60767 0.01 1 72 0
6431 311.075 8.15656 0.01 1 72 0
6440 310.526 7.21795 0.01 1 83 0
6441 309 8.11459 0.01 1 72 0
6448 308.168 8.43 0.01 1 60 0
6449 308.168 8.43 0.01 1 61 0
6465 312.081 7.89727 0.01 1 83 0
6468 308.168 8.43 0.01 1 61 0
6477 308.168 8.43 0.01 1 61 0
6484 308.168 8.45749 0.01 1 59 0
6493 308.168 8.43 0.01 1 61 0
6498 308.168 8.43 0.01 1 61 0
6502 313.591 8.12239 0.01 1 82 0
6504 308.168 8.30701 0.01 1 60 0
6517 307.898 8.36358 0.01 1 72 0
6532 308.168 8.43 0.01 1 61 0
6541 308.168 8.43 0.01 1 60 0
6546 312.178 7.89727 0.01 1 82 0.000561044
6564 308.168 8.43 0.01 1 60 0
6568 308.074 8.10108 0.01 1 72 0
6572 312.631 7.89727 0.01 1 82 0
6579 308.168 8.43 0.01 1 61 0
6583 308.168 8.43 0.01 1 59 0
6587 308.168 8.43 0.01 1 60 0
6589 309.079 7.63278 0.01 1 72 0
6593 312.081 7.89727 0.01 1 82 0
6594 309.582 8.1163 0.01 1 72 0
6614 309.239 8.00539 0.01 1 72 0
6615 308.507 7.60767 0.01 1 72 0
6616 306.943 8.27211 0.01 1 72 0
6631 308.168 8.43 0.01 1 61 0
6635 308.168 8.43 0.01 1 61 0
6646 312.081 7.89727 0.01 1 82 0
6650 308.168 8.47707 0.01 1 60 0.00034295
6677 312.081 7.89727 0.01 1 82 0
6686 312.081 7.89727 0.01 1 82 0
6696 311.5 8.12239 0.01 1 82 0
6699 308.168 8.43 0.01 1 61 0
6706 309.888 8.08974 0.01 1 72 0
6711 307.898 8.36358 0.01 1 72 0
6718 308.168 8.43 0.01 1 61 0
6724 312.081 7.89727 0.01 1 82 0
6733 311.5 8.12239 0.01 1 82 0
6734 308.168 8.43 0.01 1 61 0
6741 308.168 8.43 0.01 1 61 0
6743 308.168 8.58238 0.01 1 60 0
6745 309.079 7.63278 0.01 1 72 0
6753 310.147 7.60767 0.01 1 72 0
6769 313.591 8.12239 0.01 1 82 0
6772 308.168 8.43 0.01 1 60 0
6790 308.455 7.95362 0.01 1 72 0
6791 311.102 8.10477 0.01 1 72 0
6793 313.128 8.24319 0.01 1 82 0
6800 309.524 7.83039 0.01 1 72 0
6802 310.034 8.09782 0.01 1 72 0
6806 308.168 8.43 0.01 1 60 0
6809 308.373 8.05503 0.01 1 72 0
6815 308.168 8.43 0.01 1 61 0
6816 310.28 8.10208 0.01 1 72 0
6826 308.168 8.43 0.01 1 61 0
6831 307.686 8.65024 0.01 1 60 0
6832 308.168 8.43 0.01 1 61 0
6871 306.943 8.27211 0.01 1 72 0
6876 308.168 8.43 0.01 1 61 0
6878 308.168 8.43 0.01 1 61 0
6899 307.898 8.36358 0.01 1 72 0
6910 311.044 8.525 0.01 1 72 0
6915 308.168 8.43 0.01 1 61 0
6929 308.402 7.94481 0.01 1 72 0
6931 309.092 8.43 0.01 1 60 -0.0116263
6938 308.168 8.43 0.01 1 61 0
6941 308.168 8.43 0.01 1 61 0
6942 308.168 8.43 0.01 1 60 0
6956 309.826 7.78778 0.01 1 72 0
6960 310.47 8.03588 0.01 1 72 0
6969 311.308 7.94847 0.01 1 72 0
6973 310.526 7.21795 0.01 1 83 0
6974 308.168 8.43 0.01 1 61 0
6985 306.943 8.27211 0.01 1 72 0
6990 309.194 7.63278 0.01 1 72 0
6993 308.168 8.43 0.01 1 60 0
7001 309.194 7.63278 0.01 1 72 0
7008 308.168 8.43 0.01 1 61 0
7023 310.47 8.03588 0.01 1 72 0
7028 308.168 8.43 0.01 1 61 0
7037 308.168 8.43 0.01 1 60 0
7039 306.175 7.89281 0.01 1 72 0
7058 308.168 8.43 0.01 1 61 0
7060 312.166 7.84196 0.01 1 82 0
7063 311.075 8.3231 0.01 1 72 0
7083 306.943 8.27211 0.01 1 72 0
7088 308.168 8.54218 0.01 1 59 0.00070481
7096 311.909 7.84196 0.01 1 82 0
7107 310.073 8.12239 0.01 1 82 0
7108 308.168 8.41227 0.01 1 61 0
7111 308.698 8.05886 0.01 1 72 0
7124 308.168 8.43 0.01 1 61 0
7140 308.168 8.43 0.01 1 60 0
7148 307.898 8.36358 0.01 1 72 0
7158 309.534 7.21795 0.01 1 84 0
7167 313.128 8.24319 0.01 1 82 0
7173 312.081 7.89727 0.01 1 82 0
7179 308.168 8.45749 0.01 1 59 0
7184 308.168 8.43 0.01 1 61 0
7192 309.065 7.9395 0.01 1 72 0
7194 309.534 7.21795 0.01 1 82 0
7195 306.933 7.93342 0.01 1 72 0
7201 310.048 8.43 0.01 1 61 0
7209 312.081 7.88239 0.01 1 82 0
7229 308.168 8.43 0.01 1 61 0
7244 308.168 8.43 0.01 1 61 0
7247 308.168 8.43 0.01 1 61 0
7249 311.5 8.12239 0.01 1 82 0
7259 306.697 8.43 0.01 1 61 0
7266 308.168 8.45749 0.01 1 59 0
7267 308.168 8.43 0.01 1 60 0
7285 312.081 7.89727 0.01 1 82 0
7293 312.631 7.89727 0.01 1 82 0
7297 309.534 7.78009 0.01 1 72 0
7301 308.121 8.11402 0.01 1 72 0
7304 308.074 8.10108 0.01 1 72 0
7310 308.168 8.43 0.01 1 61 0
7316 311.909 7.77869 0.01 1 82 -0.000111371
7324 308.168 8.43 0.01 1 60 0
7325 309.534 7.21795 0.01 1 84 0
7335 310.477 8.47586 0.01 1 72 0
7340 306.933 7.93342 0.01 1 72 0
7355 308.31 8.21815 0.01 1 72 0
7356 306.576 8.43 0.01 1 61 0
7361 309.534 7.21795 0.01 1 83 0
7366 308.168 8.43 0.01 1 61 0
7367 308.168 8.45749 0.01 1 60 0
7382 306.528 8.43 0.01 1 61 0
7387 309.49 8.08438 0.01 1 72 0
7396 309.534 7.21795 0.01 1 84 0
7397 308.168 8.43 0.01 1 60 0
7398 311.044 8.47586 0.01 1 72 0
7402 308.168 8.43 0.01 1 61 0
7408 310.113 7.21795 0.01 1 82 0.00779033
7409 308.168 8.43 0.01 1 61 0
7410 307.46 8.00539 0.01 1 72 0
7425 312.081 7.89727 0.01 1 83 0
7428 312.081 7.88239 0.01 1 83 0
7433 308.168 8.43 0.01 1 61 0
7455 307.915 8.43 0.01 1 60 0
7458 309.534 7.78009 0.01 1 72 0
7464 308.168 8.43 0.01 1 61 0
7466 308.168 8.43 0.01 1 61 0
7473 308.168 8.43 0.01 1 60 0
7474 309.524 7.97185 0.01 1 72 0
7476 308.168 8.43 0.01 1 60 0
7505 308.168 8.43 0.01 1 61 0
7506 311.5 8.10465 0.01 1 82 0
7507 308.168 8.37626 0.01 1 60 -0.000397846
7508 308.168 8.43 0.01 1 60 0
7516 312.081 7.88239 0.01 1 82 0
7517 307.898 8.36358 0.01 1 72 0
7526 308.507 7.60767 0.01 1 72 0
7529 308.168 8.43 0.01 1 60 0
7538 308.168 8.43 0.01 1 61 0
7550 308.168 8.43 0.01 1 60 0
7552 308.168 8.43 0.01 1 61 0
7564 312.081 7.89727 0.01 1 83 0
7570 309.534 7.78009 0.01 1 72 0
7589 312.081 7.89727 0.01 1 82 0
7593 311.5 8.10465 0.01 1 82 0
7609 308.168 8.43 0.01 1 61 0
7627 308.168 8.43 0.01 1 60 0
7631 308.168 8.43 0.01 1 60 0
7632 311.5 8.12239 0.01 1 82 0
7633 312.391 8.10465 0.01 1 82 0
7663 308.168 8.44697 0.01 1 61 0.000104949
7668 308.309 7.96459 0.01 1 72 0
7681 311.47 8.05003 0.01 1 72 -0.00856382
7685 310.694 8.11426 0.01 1 72 0
7688 308.168 8.43 0.01 1 61 0
7695 308.168 8.43 0.01 1 61 0
7698 307.898 8.36358 0.01 1 72 0
7703 308.168 8.43 0.01 1 60 0
7704 308.168 8.43 0.01 1 60 0
7706 311.909 7.9884 0.01 1 82 0.000247881
7726 310.042 7.6142 0.01 1 72 0
7732 309.534 7.21795 0.01 1 82 0
7744 308.168 8.43 0.01 1 61 0
7753 308.168 8.38213 0.01 1 60 -0.000354052
7766 311.5 8.12239 0.01 1 82 0
7768 313.591 8.14888 0.01 1 84 0
7769 308.091 8.57421 0.01 1 72 2.6539e-05
7791 308.168 8.5371 0.01 1 61 0.000652775
7799 308.168 8.43 0.01 1 60 0
7801 308.168 8.43 0.01 1 61 0
7809 308.223 8.27211 0.01 1 72 0
7825 312.081 7.89727 0.01 1 82 0
7841 308.168 8.43 0.01 1 61 0
7847 308.168 8.31748 0.01 1 61 0
7849 308.168 8.43 0.01 1 61 0
7852 308.168 8.43 0.01 1 60 0
7859 309.534 7.21795 0.01 1 82 0
7862 307.687 8.08305 0.01 1 72 0
7870 308.826 8.08305 0.01 1 72 0
7873 309.534 7.28801 0.01 1 82 0.000602081
7877 311.075 8.30854 0.01 1 72 0.000341743
7886 311.003 7.84196 0.01 1 82 0
7909 312.081 7.88239 0.01 1 82 0
7917 308.168 8.30701 0.01 1 60 0
7920 309.888 8.08974 0.01 1 72 0
7926 308.507 7.60767 0.01 1 72 0
7940 311.003 7.84196 0.01 1 82 0
7946 308.168 8.30701 0.01 1 60 -0.00153117
7955 308.168 8.43 0.01 1 61 0
7964 306.528 8.43 0.01 1 61 0
7968 312.081 7.88239 0.01 1 82 0
7970 311.5 8.12239 0.01 1 82 0
7974 309.582 8.1163 0.01 1 72 0
7988 308.168 8.43 0.01 1 60 0
7992 308.168 8.43 0.01 1 61 0
8025 306.697 8.43 0.01 1 61 0
8030 308.168 8.43 0.01 1 60 0
8038 309.534 7.78009 0.01 1 72 0
8039 308.168 8.43 0.01 1 61 0
8049 308.168 8.34022 0.01 1 61 0
8054 309.534 7.78009 0.01 1 72 0
8067 308.168 8.43 0.01 1 61 0
8075 309.613 8.05003 0.01 1 72 0
8076 308.223 8.27211 0.01 1 72 0
8077 308.31 8.21815 0.01 1 72 0
8078 308.168 8.43 0.01 1 60 0
8084 308.168 8.43 0.01 1 60 0
8090 308.168 8.71504 0.01 1 60 0
8100 308.168 8.43 0.01 1 60 0
8107 308.168 8.30701 0.01 1 60 0
8108 308.373 8.05503 0.01 1 72 0.00032191
8125 308.168 8.43 0.01 1 59 0
8138 309.534 7.21795 0.01 1 82 0
8149 309.49 8.13717 0.01 1 72 0
8152 313.591 8.12239 0.01 1 82 0
8155 309.613 8.05003 0.01 1 72 0
8170 308.168 8.43 0.01 1 60 0
8171 309.613 8.05003 0.01 1 72 0
8172 312.631 7.89727 0.01 1 82 0.00281855
8183 310.084 7.95653 0.01 1 72 0
8188 312.081 7.89727 0.01 1 82 0
8191 310.651 8.25852 0.01 1 72 0
8193 308.168 8.43 0.01 1 61 0
8201 308.168 8.43 0.01 1 61 0
8204 311.5 8.10465 0.01 1 82 0
8208 309.615 8.04006 0.01 1 72 0
8211 306.809 7.87685 0.01 1 61 0
8214 308.168 8.43 0.01 1 61 0
8216 308.698 8.05886 0.01 1 72 0
8217 308.168 8.43 0.01 1 60 0
8227 308.168 8.43 0.01 1 61 0
8229 309.534 7.21795 0.01 1 84 0
8231 308.168 8.47758 0.01 1 61 0.000292718
8257 308.168 8.43 0.01 1 61 0
8277 308.168 8.43 0.01 1 60 0
8280 309.49 8.07347 0.01 1 72 0
8285 307.452 8.0837 0.01 1 72 0
8288 309.534 7.21795 0.01 1 82 0
8306 310.694 8.11426 0.01 1 72 0
8308 308.168 8.43 0.01 1 61 0
8315 312.081 7.88239 0.01 1 82 0
8318 310.042 7.6142 0.01 1 72 0
8321 309.536 8.07347 0.01 1 72 0
8325 311.5 8.10465 0.01 1 82 0
8328 307.452 8.0837 0.01 1 72 0
8340 308.663 7.98517 0.01 1 72 0
8351 309.534 7.21795 0.01 1 84 0
8352 308.091 8.47216 0.01 1 72 0
8374 308.168 8.43 0.01 1 61 0
8384 311.5 8.12239 0.01 1 82 0
8385 309.524 7.97185 0.01 1 72 0
8388 308.168 8.64234 0.01 1 61 0
8403 308.168 8.43 0.01 1 60 0
8405 308.168 8.45749 0.01 1 60 0
8411 312.081 7.89727 0.01 1 82 0
8419 308.168 8.43 0.01 1 60 0
8443 309.079 7.63278 0.01 1 72 0
8444 308.168 8.43 0.01 1 60 0
8450 308.168 8.43 0.01 1 60 0
8468 309.534 7.21795 0.01 1 82 0
8470 308.168 8.43 0.01 1 61 0
8474 308.168 8.43 0.01 1 60 0
8480 311.5 8.10465 0.01 1 82 0
8496 308.168 8.43 0.01 1 60 0
8501 308.168 8.43 0.01 1 61 0
8502 308.168 8.43 0.01 1 60 0
8503 309.534 7.21795 0.01 1 82 0
8506 308.168 8.43 0.01 1 60 0
8511 308.168 8.43 0.01 1 60 0
8514 308.455 7.95362 0.01 1 72 0
8516 309.534 7.21795 0.01 1 82 0
8525 308.168 8.43 0.01 1 61 0
8538 311.5 8.10465 0.01 1 82 0
8554 308.168 8.43 0.01 1 60 0
8565 310.651 8.25035 0.01 1 72 0
8582 308.168 8.43 0.01 1 60 0
8587 308.168 8.43 0.01 1 61 0
8588 308.168 8.43 0.01 1 60 0
8589 308.426 7.56231 0.01 1 72 0
8590 311.003 7.84196 0.01 1 82 0
8591 309.534 7.21795 0.01 1 84 0
8603 308.168 8.43 0.01 1 60 0
8609 308.168 8.43 0.01 1 59 0
8610 308.168 8.43 0.01 1 61 0
8613 308.168 8.43 0.01 1 60 0
8619 309.534 7.21795 0.01 1 82 0
8622 310.034 8.09782 0.01 1 72 0
8627 310.47 8.03588 0.01 1 72 0
8630 307.7 8.08558 0.01 1 72 0
8636 308.168 8.43 0.01 1 61 0
8637 309.888 8.08974 0.01 1 72 0
8638 308.168 8.43 0.01 1 60 0
8644 308.168 8.45749 0.01 1 59 0
8649 308.168 8.71504 0.01 1 61 0
8660 308.168 8.43 0.01 1 61 0
8661 308.168 8.43 0.01 1 60 0
8663 310.274 7.21795 0.01 1 82 0
8665 309.534 7.21795 0.01 1 82 0
8685 308.168 8.43 0.01 1 61 0
8686 305.228 7.93342 0.01 1 72 0
8689 311.5 8.10465 0.01 1 82 0
8694 309.534 7.21795 0.01 1 82 0
8701 308.168 8.31748 0.01 1 61 0
8711 310.526 7.21795 0.01 1 83 0
8714 310.526 7.21795 0.01 1 83 0
8718 313.591 8.12239 0.01 1 82 0
8728 308.519 8.01952 0.01 1 72 0
8732 308.168 8.43 0.01 1 61 0
8740 308.168 8.43 0.01 1 61 0
8757 309.524 7.83039 0.01 1 72 0
8759 308.168 8.43 0.01 1 61 0
8760 308.168 8.43 0.01 1 60 0
8761 310.651 8.25035 0.01 1 72 0
8763 306.933 7.93342 0.01 1 72 0
8770 309.524 7.83039 0.01 1 72 0
8771 311.5 8.12239 0.01 1 82 0
8772 308.168 8.42872 0.01 1 60 0
8773 308.168 8.43 0.01 1 61 0
8774 307.898 8.36358 0.01 1 72 0
8782 308.168 8.43 0.01 1 60 0
8789 308.168 8.43 0.01 1 61 0
8795 308.168 8.43 0.01 1 61 0
8796 310.526 7.21795 0.01 1 83 0
8797 307.898 8.36358 0.01 1 72 0
8801 313.591 8.12239 0.01 1 82 0
8809 308.168 8.43 0.01 1 61 0
8814 308.754 8.40981 0.01 1 61 -0.000152752
8821 311.5 8.12239 0.01 1 82 0
8823 308.168 8.45749 0.01 1 61 0
8837 309.888 8.2254 0.01 1 72 3.89516e-05
8858 308.168 8.43 0.01 1 60 0
8859 308.168 8.43 0.01 1 61 0
8869 311.5 8.10465 0.01 1 82 0
8876 313.591 8.12239 0.01 1 82 0
8877 308.168 8.34084 0.01 1 61 0
8879 308.168 8.43 0.01 1 61 0
8881 309.524 7.94719 0.01 1 72 0
8883 309.534 7.21795 0.01 1 84 0
8897 308.168 8.45749 0.01 1 59 0
8900 308.168 8.43 0.01 1 61 0
8901 309.49 8.13717 0.01 1 72 0
8904 311.003 7.84196 0.01 1 83 0
8905 308.168 8.43 0.01 1 60 0
8907 310.142 7.79931 0.01 1 72 0
8926 310.477 8.4888 0.01 1 72 0
8927 308.168 8.43 0.01 1 61 0
8928 309.534 7.21795 0.01 1 84 0
8936 312.081 7.89727 0.01 1 83 0
8946 306.933 7.93342 0.01 1 72 0
8957 313.591 8.14888 0.01 1 83 0
8962 312.391 8.10465 0.01 1 82 0
8988 308.168 8.43 0.01 1 61 0
8990 310.526 7.21795 0.01 1 83 0
8993 309.534 7.78009 0.01 1 72 0
8997 308.168 8.43 0.01 1 61 0
9007 307.452 8.0837 0.01 1 72 0
9014 308.168 8.43 0.01 1 61 0
9016 308.168 8.43 0.01 1 60 0
9018 311.909 7.84196 0.01 1 82 0
9024 308.168 8.43 0.01 1 60 0
9027 308.168 8.43 0.01 1 61 0
9032 313.591 8.12239 0.01 1 82 0
9044 312.081 7.89727 0.01 1 82 0
9046 308.168 8.43 0.01 1 60 0
9052 308.168 8.43 0.01 1 61 0
9066 312.081 7.88239 0.01 1 82 0
9068 310.526 7.21795 0.01 1 84 0
9081 308.698 8.05886 0.01 1 72 0
9089 308.168 8.43 0.01 1 61 0
9093 308.168 8.43 0.01 1 61 0
9096 308.785 7.77846 0.01 1 72 0
9105 308.074 8.10108 0.01 1 72 0
9108 306.697 8.43 0.01 1 61 0
9113 309.524 7.83039 0.01 1 72 0
9123 310.745 7.21795 0.01 1 83 0.00279266
9131 313.591 8.12239 0.01 1 82 0
