max_pf 105 min_pf 39
individual T0 sigma disp_rate r0 patch_no mut_eff
6 306.251 8.047 0.01 1 40 0
21 305.575 8.047 0.01 1 40 0
48 308.744 8.11636 0.01 1 72 0
72 303.844 8.15692 0.01 1 41 0
136 318.555 7.97144 0.01 1 104 0
219 309.623 7.78459 0.01 1 72 0
266 311.733 7.61681 0.01 1 72 0
345 305.162 8.047 0.01 1 41 0
356 308.148 7.98538 0.01 1 72 0
382 305.575 8.047 0.01 1 41 0
394 305.162 8.047 0.01 1 41 0
469 309.623 7.78459 0.01 1 72 0
512 306.581 7.85284 0.01 1 40 0
560 308.185 7.77663 0.01 1 72 0
571 308.424 8.55639 0.01 1 72 0
583 306.581 7.96934 0.01 1 39 0
587 309.168 8.20067 0.01 1 72 0
594 306.581 7.85866 0.01 1 40 9.86867e-05
604 308.923 8.09366 0.01 1 72 0
666 306.581 7.92972 0.01 1 41 0
734 305.575 8.047 0.01 1 39 0
737 305.575 8.047 0.01 1 40 0
810 318.555 7.97144 0.01 1 104 0
853 307.26 8.047 0.01 1 41 0
881 318.555 7.97144 0.01 1 103 0
882 306.563 8.10094 0.01 1 72 -0.00267339
940 305.575 8.03097 0.01 1 40 0
970 318.555 7.97144 0.01 1 104 0
1117 309.04 8.39879 0.01 1 72 0
1148 308.49 7.87976 0.01 1 72 0
1164 308.962 7.93016 0.01 1 72 0
1172 309.13 8.19678 0.01 1 72 0
1189 316.596 7.97144 0.01 1 104 -0.029311
1201 309.305 7.85008 0.01 1 72 0
1211 308.068 8.047 0.01 1 40 0
1242 305.575 8.047 0.01 1 41 0
1255 305.575 8.13207 0.01 1 40 0
1300 305.166 8.047 0.01 1 40 0
1312 305.166 8.047 0.01 1 41 0
1327 308.424 8.62881 0.01 1 72 7.52509e-06
1368 318.555 7.97144 0.01 1 103 0
1404 310.319 8.19176 0.01 1 72 0
1405 306.521 8.40304 0.01 1 72 0
1409 305.575 8.047 0.01 1 39 0
1417 308.744 8.11865 0.01 1 72 0
1452 303.844 8.047 0.01 1 41 0
1457 306.581 7.96934 0.01 1 40 0
1487 305.575 8.17226 0.01 1 41 0.00224592
1492 305.575 8.047 0.01 1 40 0
1519 318.711 7.97144 0.01 1 103 0
1547 309.443 7.85008 0.01 1 72 0
1548 305.575 8.047 0.01 1 41 0
1576 308.744 8.01333 0.01 1 72 -2.69711e-06
1583 305.575 8.047 0.01 1 41 0
1610 305.575 8.03119 0.01 1 41 0
1613 306.581 7.937 0.01 1 41 0
1622 304.727 8.15445 0.01 1 40 0.00693639
1626 308.744 8.11865 0.01 1 72 0
1629 308.923 8.09366 0.01 1 72 0
1659 305.575 8.047 0.01 1 41 0
1675 305.575 7.95653 0.01 1 40 -0.00161409
1698 308.744 8.12193 0.01 1 72 0
1735 308.962 7.93016 0.01 1 72 0
1756 305.575 8.047 0.01 1 39 0
1774 307.26 8.047 0.01 1 41 0
1826 311.375 8.1714 0.01 1 72 0
1876 305.575 8.047 0.01 1 40 0
1894 306.581 7.96934 0.01 1 40 0
1900 305.229 7.86937 0.01 1 39 0.00373598
1905 306.694 8.0035 0.01 1 41 0
1909 305.575 8.047 0.01 1 40 0
1957 305.575 8.047 0.01 1 41 0
1958 308.744 8.11636 0.01 1 72 0
1960 318.555 7.96088 0.01 1 104 0
2024 307.26 7.92681 0.01 1 40 -0.00193622
2039 310.385 8.17662 0.01 1 72 0
2051 311.472 8.15386 0.01 1 72 0
2083 305.052 7.78123 0.01 1 41 0
2148 303.844 8.047 0.01 1 41 0
2164 305.575 8.047 0.01 1 40 0
2237 306.581 7.96934 0.01 1 40 0
2250 304.203 8.047 0.01 1 40 0
2378 308.536 7.97236 0.01 1 72 0
2400 309.168 8.38585 0.01 1 72 1.81794e-06
2428 307.188 8.047 0.01 1 41 -0.0176966
2431 310.092 8.19176 0.01 1 72 0
2455 305.575 8.047 0.01 1 40 0
2487 306.581 7.937 0.01 1 39 0
2500 310.703 7.88784 0.01 1 72 0
2565 305.575 8.16545 0.01 1 39 0.00205712
2568 305.575 8.047 0.01 1 40 0
2583 318.555 7.97144 0.01 1 103 0
2633 310.935 7.94973 0.01 1 72 0
2638 318.555 8.0127 0.01 1 103 0
2661 309.091 8.05122 0.01 1 72 0
2725 308.744 7.97141 0.01 1 72 0
2794 305.575 8.03119 0.01 1 40 0
2796 308.185 7.81998 0.01 1 72 1.19805e-05
2813 318.711 7.97144 0.01 1 103 0
2833 305.575 8.047 0.01 1 40 0
2867 305.575 8.047 0.01 1 39 0
2877 310.385 8.17662 0.01 1 72 0
2893 303.844 8.047 0.01 1 41 0
2915 305.575 8.047 0.01 1 41 0
2997 305.575 8.047 0.01 1 39 0
3000 305.575 8.047 0.01 1 41 0
3041 309.623 7.78459 0.01 1 72 0
3046 308.681 8.42118 0.01 1 72 7.77841e-06
3067 307.746 8.3301 0.01 1 72 0
3077 310.089 7.85695 0.01 1 72 0
3100 306.581 7.92972 0.01 1 41 0
3115 305.575 8.047 0.01 1 39 0
3149 319.084 7.97144 0.01 1 104 0
3152 309.069 7.78459 0.01 1 72 0
3198 309.623 7.78459 0.01 1 72 0
3204 306.251 8.047 0.01 1 41 0
3214 305.575 8.047 0.01 1 41 0
3220 309.623 7.75727 0.01 1 72 0
3230 307.746 8.3301 0.01 1 72 0
3237 309.001 8.1751 0.01 1 72 0
3259 308.744 8.29158 0.01 1 72 0
3280 305.575 8.047 0.01 1 40 0
3294 310.092 8.19176 0.01 1 72 0
3297 309.193 8.68748 0.01 1 72 0
3328 305.575 8.047 0.01 1 40 0
3330 318.555 7.97144 0.01 1 105 0
3358 318.555 7.97144 0.01 1 104 0
3410 305.575 8.047 0.01 1 41 0
3412 305.575 8.047 0.01 1 39 0
3422 308.49 7.87976 0.01 1 72 0
3450 305.162 8.047 0.01 1 41 0
3506 305.575 8.047 0.01 1 40 0
3509 308.962 7.93016 0.01 1 72 0
3583 308.744 8.11636 0.01 1 72 0
3587 308.185 7.77663 0.01 1 72 0
3611 305.575 8.047 0.01 1 41 0
3617 308.744 8.12193 0.01 1 72 0
3657 305.575 8.03097 0.01 1 40 0
3659 305.575 8.047 0.01 1 41 0
3683 318.555 7.97144 0.01 1 105 0
3706 308.536 7.97236 0.01 1 72 0
3716 318.555 8.0127 0.01 1 103 0
3741 305.575 8.047 0.01 1 41 0
3746 310.316 7.91872 0.01 1 72 0
3760 308.744 8.11636 0.01 1 72 0
3798 310.576 8.24612 0.01 1 72 0
3812 305.166 8.047 0.01 1 41 0
3828 308.744 8.12193 0.01 1 72 0
3845 305.575 8.047 0.01 1 40 0
3862 309.443 7.85008 0.01 1 72 0
3874 305.575 8.047 0.01 1 41 0
3877 318.555 7.97144 0.01 1 104 0
3886 305.575 8.16421 0.01 1 41 0
3942 306.694 8.0035 0.01 1 41 0
3993 309.305 7.85008 0.01 1 72 0
4012 305.575 8.047 0.01 1 40 0
4077 305.575 8.047 0.01 1 41 0
4091 318.555 7.93495 0.01 1 103 0
4128 318.555 7.97144 0.01 1 104 0
4200 318.555 7.97144 0.01 1 104 0
4206 306.09 8.047 0.01 1 41 0
4218 308.424 8.55639 0.01 1 72 0
4237 305.166 8.047 0.01 1 41 0
4266 305.575 8.047 0.01 1 39 0
4279 305.575 8.047 0.01 1 41 0
4325 308.741 7.70215 0.01 1 72 0
4357 318.555 7.97144 0.01 1 104 0
4377 307.26 8.047 0.01 1 41 0
4400 310.319 8.19176 0.01 1 72 -0.000799671
4425 306.869 8.047 0.01 1 40 -0.0127303
4427 305.162 8.047 0.01 1 41 0
4447 306.255 8.047 0.01 1 40 0
4476 306.581 7.96934 0.01 1 40 0
4535 308.185 7.77663 0.01 1 72 0
4584 318.711 7.97144 0.01 1 103 0
4593 309.153 8.0099 0.01 1 72 0
4594 305.166 8.10216 0.01 1 41 0
4636 308.49 7.95352 0.01 1 72 7.6741e-06
4676 318.555 7.93495 0.01 1 103 0
4690 305.575 8.047 0.01 1 41 0
4755 305.575 8.047 0.01 1 41 0
4771 305.575 8.047 0.01 1 41 0
4781 305.575 8.13207 0.01 1 40 0
4820 305.166 8.047 0.01 1 41 0
4837 305.575 8.047 0.01 1 39 0
4845 303.844 8.047 0.01 1 41 0
4941 309.157 7.67023 0.01 1 72 0
4960 306.581 7.937 0.01 1 41 0
5040 310.278 8.33401 0.01 1 72 0
5059 305.575 8.047 0.01 1 41 0
5072 319.084 7.97144 0.01 1 104 0
5103 309.168 8.20067 0.01 1 72 0
5111 305.575 8.047 0.01 1 40 0
5125 318.555 7.97144 0.01 1 104 0
5143 307.041 7.97366 0.01 1 72 -0.00263505
5175 308.782 7.67023 0.01 1 72 0
5207 305.575 8.047 0.01 1 40 0
5208 305.575 8.047 0.01 1 40 0
5277 307.311 8.10518 0.01 1 72 0
5284 310.576 8.24612 0.01 1 72 0
5298 308.681 8.42118 0.01 1 72 0
5306 309.623 7.78459 0.01 1 72 0
5331 305.575 8.047 0.01 1 40 0
5377 305.575 8.047 0.01 1 40 0
5422 305.575 8.047 0.01 1 40 0
5478 303.844 8.047 0.01 1 41 0
5519 304.326 8.047 0.01 1 41 0
5522 309.04 8.1798 0.01 1 72 0
5539 318.555 7.97144 0.01 1 104 0
5595 307.311 8.10518 0.01 1 72 0
5597 305.575 8.047 0.01 1 41 0
5614 308.962 7.93016 0.01 1 72 0
5647 307.417 7.98639 0.01 1 72 0
5660 305.162 8.047 0.01 1 41 0
5711 305.575 8.047 0.01 1 40 0
5751 318.555 7.97144 0.01 1 104 0
5754 308.744 8.11865 0.01 1 72 0
5763 304.203 8.047 0.01 1 41 0
5796 318.711 7.97144 0.01 1 104 0
5820 304.57 8.047 0.01 1 40 0
5845 309.157 7.77987 0.01 1 72 1.14739e-06
5850 307.311 8.10518 0.01 1 72 0
5867 305.575 8.047 0.01 1 41 0
5890 316.596 7.97144 0.01 1 104 0
5917 305.575 7.94677 0.01 1 40 -0.00178869
5929 303.844 8.047 0.01 1 41 0
5965 310.576 8.21138 0.01 1 72 0
5978 308.744 8.36043 0.01 1 72 0
6001 305.166 8.047 0.01 1 41 0
6097 308.424 8.55639 0.01 1 72 0
6132 307.26 8.047 0.01 1 41 0
6158 308.744 8.17231 0.01 1 72 0
6198 308.744 8.11865 0.01 1 72 0
6256 309.069 7.78459 0.01 1 72 -0.000279054
6268 310.385 8.17662 0.01 1 72 0
6347 305.349 8.18717 0.01 1 40 0
6360 305.575 8.047 0.01 1 39 0
6392 318.555 7.97144 0.01 1 103 0
6424 302.954 7.95243 0.01 1 41 0
6444 307.547 7.97366 0.01 1 72 0
6466 305.166 8.047 0.01 1 41 0
6469 305.575 8.047 0.01 1 39 0
6477 305.575 8.047 0.01 1 41 0
6482 311.472 8.15386 0.01 1 72 0
6492 318.555 7.97144 0.01 1 103 0
6522 305.052 7.78123 0.01 1 40 0
6523 305.575 8.047 0.01 1 40 0
6553 308.782 7.67023 0.01 1 72 0
6556 305.575 8.05338 0.01 1 41 0
6564 310.092 8.19176 0.01 1 72 0
6612 309.623 7.78459 0.01 1 72 0
6632 308.744 8.12193 0.01 1 72 0
6641 308.315 8.05122 0.01 1 72 0
6644 305.575 8.047 0.01 1 40 0
6651 305.575 8.047 0.01 1 40 0
6657 305.575 8.047 0.01 1 41 0
6684 308.681 8.33479 0.01 1 72 -2.98023e-06
6703 307.772 8.15997 0.01 1 72 0
6731 303.844 8.047 0.01 1 41 0
6753 308.424 8.55639 0.01 1 72 0
6809 310.703 7.88784 0.01 1 72 0
6811 306.581 7.85284 0.01 1 40 0
6826 305.349 8.18717 0.01 1 40 0
6847 310.576 7.98042 0.01 1 72 0
6899 308.093 7.98538 0.01 1 72 0
6912 307.746 8.3301 0.01 1 72 0
6913 305.575 8.047 0.01 1 41 0
6929 318.555 7.97144 0.01 1 104 0
6950 309.623 7.85008 0.01 1 72 0
6955 305.575 8.047 0.01 1 39 0
6957 303.844 8.047 0.01 1 41 0
6996 306.866 8.55605 0.01 1 72 0
6999 308.924 8.17662 0.01 1 72 0.00282225
7035 305.166 8.047 0.01 1 41 0
7048 305.162 8.047 0.01 1 41 0
7058 308.744 8.21723 0.01 1 72 0
7067 305.575 8.047 0.01 1 41 0
7124 305.575 8.047 0.01 1 41 0
7125 310.092 8.19176 0.01 1 72 0
7132 305.575 8.047 0.01 1 40 0
7252 308.741 7.70215 0.01 1 72 0
7275 308.923 7.9996 0.01 1 72 0
7284 318.555 7.97144 0.01 1 105 0
7326 318.555 7.97144 0.01 1 104 0
7331 309.153 8.0099 0.01 1 72 0
7336 305.47 8.047 0.01 1 41 0
7372 305.575 8.047 0.01 1 41 0
7377 307.311 8.10518 0.01 1 72 0
7413 318.555 7.97144 0.01 1 104 0
7422 307.311 8.10518 0.01 1 72 0
7448 305.575 8.047 0.01 1 40 0
7465 305.575 8.047 0.01 1 41 0
7479 305.575 8.047 0.01 1 41 0
7494 305.575 8.047 0.01 1 40 0
7508 309.04 8.1798 0.01 1 72 0
7517 318.555 7.97144 0.01 1 103 0
7523 303.844 8.15692 0.01 1 41 0
7532 309.305 7.85008 0.01 1 72 0
7609 305.575 8.047 0.01 1 40 0
7650 305.575 8.047 0.01 1 41 0
7695 307.522 7.86051 0.01 1 72 0
7701 305.166 8.047 0.01 1 41 0
7723 316.596 7.97144 0.01 1 104 0
7752 306.942 7.99836 0.01 1 72 0
7789 317.112 7.97144 0.01 1 103 0
7814 305.575 8.047 0.01 1 39 0
7833 311.472 8.15386 0.01 1 72 0
7838 303.844 8.047 0.01 1 41 0
7922 308.093 7.98538 0.01 1 72 0
7930 306.521 8.46886 0.01 1 72 0
7946 305.575 8.047 0.01 1 40 0
8048 305.166 8.047 0.01 1 41 0
8059 310.385 8.17662 0.01 1 72 0
8078 306.581 7.85284 0.01 1 40 0
8087 305.575 8.047 0.01 1 41 0
8110 309.091 8.05122 0.01 1 72 0
8112 305.575 8.07674 0.01 1 41 0.000535645
8118 309.04 8.16457 0.01 1 72 0
8123 303.844 8.15692 0.01 1 41 0
8174 306.581 7.92972 0.01 1 41 0
8184 318.555 7.93495 0.01 1 103 0
8211 307.417 7.98639 0.01 1 72 0
8219 305.575 8.047 0.01 1 41 0
8222 310.316 7.91872 0.01 1 72 0
8223 304.203 8.047 0.01 1 41 0
8225 309.305 7.85008 0.01 1 72 0
8233 305.575 8.047 0.01 1 40 0
8244 308.681 8.20067 0.01 1 72 0
8256 303.844 8.15692 0.01 1 41 0
8309 308.536 7.97236 0.01 1 72 0
8311 310.289 8.26033 0.01 1 72 0
8318 305.575 8.047 0.01 1 40 0
8351 305.162 8.047 0.01 1 41 0
8353 308.744 8.12193 0.01 1 72 0
8379 309.63 7.78459 0.01 1 72 0
8382 306.251 8.047 0.01 1 40 0
8450 305.575 8.047 0.01 1 39 0
8521 305.575 8.047 0.01 1 39 0
8527 309.425 8.0099 0.01 1 72 0
8538 318.89 8.0127 0.01 1 104 0
8564 309.623 7.78459 0.01 1 72 0
8566 318.555 7.97144 0.01 1 103 0
8608 306.581 7.92972 0.01 1 41 0
8634 308.744 8.11865 0.01 1 72 0
8654 308.744 8.11865 0.01 1 72 0
8723 308.093 7.98538 0.01 1 72 0
8733 317.351 7.97144 0.01 1 103 0
8742 305.575 8.047 0.01 1 40 0
8790 308.736 8.40304 0.01 1 72 0
8792 310.703 7.88784 0.01 1 72 0
8855 306.581 7.937 0.01 1 41 0
8913 308.681 8.42118 0.01 1 72 0
8933 305.575 8.047 0.01 1 40 0
8936 309.63 7.78459 0.01 1 72 0
8940 318.555 7.97144 0.01 1 104 0
8956 308.744 8.21723 0.01 1 72 0
8980 305.575 8.047 0.01 1 41 0
8989 305.575 8.047 0.01 1 41 0
8990 305.575 8.047 0.01 1 40 0
9030 318.711 7.97144 0.01 1 103 0
9039 307.001 7.86051 0.01 1 72 0
9042 310.089 7.85695 0.01 1 72 0
9057 305.575 8.047 0.01 1 39 0
9090 318.555 7.97144 0.01 1 104 0
9092 308.744 8.11865 0.01 1 72 0
9106 306.694 8.0035 0.01 1 41 0
9145 305.575 8.047 0.01 1 40 0
9170 305.575 8.047 0.01 1 41 0
9173 303.844 8.047 0.01 1 41 0
9198 308.185 7.77663 0.01 1 72 0.00011453
9220 305.575 8.047 0.01 1 39 0
9247 305.575 8.047 0.01 1 41 0
9342 309.04 8.39879 0.01 1 72 0
9359 307.311 8.10518 0.01 1 72 0
9373 318.555 7.97144 0.01 1 104 0
9382 318.555 7.93495 0.01 1 103 0
9394 305.575 8.047 0.01 1 41 0
9419 305.162 8.047 0.01 1 41 0
9421 306.581 7.937 0.01 1 41 0
9424 308.923 8.01421 0.01 1 72 0
9447 310.385 8.17662 0.01 1 72 0
9461 303.844 8.047 0.01 1 41 0
9470 305.575 8.047 0.01 1 40 0
9487 305.575 8.047 0.01 1 40 0
9500 305.575 8.047 0.01 1 41 0
9516 310.385 8.17662 0.01 1 72 0
9521 305.955 7.98669 0.01 1 39 -0.00102974
9526 311.375 8.1714 0.01 1 72 0
9530 309.04 8.1798 0.01 1 72 0
9539 305.162 8.047 0.01 1 41 0
9569 308.681 8.20067 0.01 1 72 0
9572 310.738 8.21138 0.01 1 72 0
9635 305.575 8.047 0.01 1 39 0
9664 305.575 8.047 0.01 1 40 0
9685 318.555 7.93495 0.01 1 103 0
9693 307.311 8.10518 0.01 1 72 0
9724 305.575 8.047 0.01 1 40 0
9737 305.575 8.047 0.01 1 40 0
9739 308.782 7.67023 0.01 1 72 0
9771 305.162 8.047 0.01 1 41 0
9783 318.555 7.97144 0.01 1 103 0
9789 305.575 8.047 0.01 1 39 0
9802 311.472 8.15386 0.01 1 72 0
9857 305.575 8.047 0.01 1 39 0
9861 305.575 8.047 0.01 1 40 0
9869 308.315 8.05122 0.01 1 72 0
9890 303.844 8.047 0.01 1 41 0
9906 318.555 7.97144 0.01 1 104 0
9974 309.13 8.24322 0.01 1 72 0
9977 305.575 8.047 0.01 1 40 0
9992 318.555 7.97144 0.01 1 103 0
10022 311.375 8.1714 0.01 1 72 0
10045 305.575 8.047 0.01 1 40 0
10051 306.327 8.047 0.01 1 40 -0.000791829
10057 305.575 8.05338 0.01 1 41 0
10122 307.26 8.047 0.01 1 41 0
10201 311.375 8.1714 0.01 1 72 0
10217 308.962 7.93016 0.01 1 72 0
10230 318.555 7.97144 0.01 1 105 0
10320 309.04 8.39879 0.01 1 72 0
10342 307.26 8.047 0.01 1 40 0
10507 308.744 8.11636 0.01 1 72 0
10516 305.162 8.047 0.01 1 41 0
10537 305.575 8.047 0.01 1 40 0
10544 305.575 8.047 0.01 1 40 0
10623 318.711 7.97144 0.01 1 103 0
10625 309.04 8.1798 0.01 1 72 0
10635 305.575 8.047 0.01 1 40 0
10652 305.166 8.047 0.01 1 41 0
10700 305.575 8.047 0.01 1 41 0
10758 310.092 8.19176 0.01 1 72 0
10774 306.581 8.18397 0.01 1 39 0.00351068
10810 318.555 7.97144 0.01 1 104 0
10856 308.744 7.97141 0.01 1 72 0
10870 305.575 8.047 0.01 1 41 0
10924 308.962 7.93016 0.01 1 72 0
10955 308.744 8.21723 0.01 1 72 0
11061 308.744 8.38553 0.01 1 72 0
11101 309.623 8.03137 0.01 1 72 0
11102 308.424 8.55639 0.01 1 72 0
11130 309.623 7.78459 0.01 1 72 0
11173 309.623 7.75727 0.01 1 72 0
11179 311.472 8.15386 0.01 1 72 0
11189 317.112 7.97144 0.01 1 103 0
11198 305.575 8.047 0.01 1 40 0
11209 318.555 7.97144 0.01 1 103 0
11243 307.766 7.67023 0.01 1 72 0
11293 305.575 8.047 0.01 1 40 0
11310 303.844 8.15692 0.01 1 41 0
11325 318.555 7.97144 0.01 1 104 0
11352 318.555 7.97144 0.01 1 104 0
11395 318.555 7.97144 0.01 1 104 0
11397 308.744 8.3024 0.01 1 72 0
11400 309.193 8.68748 0.01 1 72 0
11431 309.13 8.24322 0.01 1 72 0
11495 305.575 8.05338 0.01 1 41 0
11513 305.575 8.047 0.01 1 39 0
11517 305.575 8.047 0.01 1 40 0
11573 318.711 7.97144 0.01 1 103 0
11575 308.424 8.55639 0.01 1 72 0
11612 305.575 8.05338 0.01 1 41 0
11637 310.703 7.88784 0.01 1 72 0
11657 305.162 8.047 0.01 1 41 0
11673 308.536 7.97236 0.01 1 72 0
11684 307.26 8.047 0.01 1 41 0
11699 308.495 8.20067 0.01 1 72 -0.000226289
11783 310.385 8.17662 0.01 1 72 0
11886 305.575 8.047 0.01 1 41 0
11902 318.555 7.97144 0.01 1 104 0
11925 309.623 7.85008 0.01 1 72 0
11928 305.575 8.047 0.01 1 40 0
12006 305.575 8.03119 0.01 1 40 0
12007 305.575 8.047 0.01 1 41 0
12022 305.575 8.047 0.01 1 41 0
12091 305.575 8.047 0.01 1 40 0
12104 308.923 8.01421 0.01 1 72 0
12110 306.251 8.047 0.01 1 39 0
12138 305.575 8.047 0.01 1 40 0
12154 308.744 7.97141 0.01 1 72 0
12168 305.575 8.047 0.01 1 41 0
12173 305.162 8.047 0.01 1 41 0
12192 309.04 8.1798 0.01 1 72 0
12194 309.623 7.78459 0.01 1 72 0
12197 318.555 7.97144 0.01 1 104 0
12207 310.738 8.21138 0.01 1 72 -0.000773892
12216 318.555 7.97144 0.01 1 104 0
12248 309.168 8.20067 0.01 1 72 0
12249 305.575 8.05338 0.01 1 41 0
12280 305.575 8.047 0.01 1 41 0
12284 305.575 8.047 0.01 1 41 0
12302 305.575 8.047 0.01 1 41 0
12313 305.575 8.047 0.01 1 41 0
12426 305.575 8.047 0.01 1 41 0
12443 305.575 8.047 0.01 1 40 0
12448 305.575 8.047 0.01 1 41 0
12495 316.596 7.97144 0.01 1 104 0
12504 310.092 7.96975 0.01 1 72 0
12526 309.168 8.20067 0.01 1 72 0
12544 308.744 8.11865 0.01 1 72 0
12592 308.573 8.10212 0.01 1 72 0
12598 305.575 8.047 0.01 1 39 0
12601 317.112 7.97144 0.01 1 103 0
12621 309.623 7.75727 0.01 1 72 0
12626 307.26 8.047 0.01 1 40 0
12654 304.203 8.047 0.01 1 41 0
12658 309.091 8.05122 0.01 1 72 0
12695 305.575 8.07074 0.01 1 41 0
12717 308.962 7.93016 0.01 1 72 0
12723 305.575 8.047 0.01 1 41 0
12761 308.315 8.05122 0.01 1 72 0
12764 305.575 8.047 0.01 1 41 0
12799 310.738 8.21138 0.01 1 72 0
12826 309.13 8.19678 0.01 1 72 0
12831 305.575 8.047 0.01 1 40 0
12868 308.068 8.047 0.01 1 41 -0.00690724
12870 308.744 8.11636 0.01 1 72 0
12935 308.744 8.20807 0.01 1 72 7.59959e-07
12964 309.623 7.85008 0.01 1 72 0
13018 305.575 8.03097 0.01 1 40 -0.000285275
13042 309.04 8.1798 0.01 1 72 0
13053 305.575 8.047 0.01 1 40 0
13085 305.162 8.047 0.01 1 41 0
13130 305.575 8.047 0.01 1 41 0
13161 305.575 8.05338 0.01 1 41 0
13200 305.162 8.047 0.01 1 41 0
13201 311.375 8.13278 0.01 1 72 -7.66069e-05
13219 318.555 7.97144 0.01 1 103 0
13223 303.844 8.047 0.01 1 41 0
13280 305.575 8.047 0.01 1 41 0
13303 305.575 8.047 0.01 1 39 0
13305 306.581 7.96934 0.01 1 40 0
13356 310.703 7.88784 0.01 1 72 0
13385 305.575 8.047 0.01 1 40 0
13410 305.575 8.047 0.01 1 40 0
13424 305.575 8.047 0.01 1 40 0
13449 305.575 8.047 0.01 1 41 0
13460 318.555 7.97144 0.01 1 103 0
13461 308.962 7.93016 0.01 1 72 0
13464 310.703 7.88784 0.01 1 72 0
13521 310.576 8.21138 0.01 1 72 0
13563 305.052 7.78123 0.01 1 41 0
13588 318.555 7.97144 0.01 1 105 0
13595 318.555 7.97144 0.01 1 105 0
13643 309.623 7.79636 0.01 1 72 6.3926e-06
13662 306.581 7.937 0.01 1 41 0
13685 309.04 8.1798 0.01 1 72 0
13686 303.844 8.15692 0.01 1 41 0
13692 305.575 8.03796 0.01 1 41 -0.00016319
13695 305.575 8.047 0.01 1 40 0
13757 309.571 8.00941 0.01 1 72 0
13789 318.555 7.97144 0.01 1 103 0
13814 309.001 8.1751 0.01 1 72 0
13823 308.741 7.70215 0.01 1 72 0
13834 305.575 8.047 0.01 1 40 0
13867 305.166 8.10216 0.01 1 41 0
13889 303.844 8.047 0.01 1 41 0
13903 305.575 8.047 0.01 1 40 0
13915 308.782 7.67023 0.01 1 72 0
13944 307.522 7.86051 0.01 1 72 0
13951 309.305 7.85008 0.01 1 72 0
13958 303.844 8.047 0.01 1 41 0
13964 310.576 8.21138 0.01 1 72 0
13975 309.305 7.85008 0.01 1 72 0
13978 303.844 8.047 0.01 1 41 0
13984 305.575 8.05338 0.01 1 41 0
14093 305.575 8.047 0.01 1 40 0
14115 305.575 8.047 0.01 1 39 0
14116 308.681 8.20067 0.01 1 72 0
14142 305.575 8.047 0.01 1 41 0
14146 305.162 8.047 0.01 1 41 0
14149 305.575 8.047 0.01 1 40 0
14222 305.575 8.047 0.01 1 40 0
14224 305.575 8.047 0.01 1 40 0
14238 319.084 7.97144 0.01 1 104 0
14248 307.26 8.047 0.01 1 40 0
14259 309.623 7.78459 0.01 1 72 0
14269 309.153 8.0099 0.01 1 72 0
14294 305.166 8.047 0.01 1 41 0
14300 308.424 8.55639 0.01 1 72 0
14332 305.052 7.78123 0.01 1 41 0
14366 319.084 7.97144 0.01 1 104 0
14404 317.112 7.97144 0.01 1 103 0
14437 309.04 8.1798 0.01 1 72 0
14472 308.744 8.17231 0.01 1 72 0
14489 305.575 8.047 0.01 1 40 0
14498 310.576 8.24612 0.01 1 72 0
14506 307.311 8.10518 0.01 1 72 0
14579 306.581 7.80118 0.01 1 41 0
14592 305.575 8.047 0.01 1 40 0
14626 305.575 8.047 0.01 1 41 0
14638 303.844 8.047 0.01 1 41 0
14648 305.575 8.03119 0.01 1 40 0
14649 305.575 8.047 0.01 1 39 0
14703 303.844 8.047 0.01 1 41 0
14741 310.576 8.24612 0.01 1 72 0
14803 305.575 8.047 0.01 1 41 0
14818 309.04 8.1798 0.01 1 72 0
14902 304.203 8.047 0.01 1 40 0
14932 305.575 8.047 0.01 1 40 0
14933 306.521 8.46886 0.01 1 72 0.000128224
14936 305.575 8.047 0.01 1 41 0
14975 304.203 8.047 0.01 1 41 0
15058 305.575 8.047 0.01 1 41 0
15110 307.26 8.047 0.01 1 41 0
15117 318.555 7.93495 0.01 1 103 0
15125 305.575 8.047 0.01 1 39 0
15132 310.092 8.19176 0.01 1 72 0
15134 308.923 8.01421 0.01 1 72 0
15165 308.913 7.67023 0.01 1 72 6.78748e-05
15171 305.052 7.78123 0.01 1 41 0
15176 307.311 8.10518 0.01 1 72 0
15192 305.052 7.78123 0.01 1 41 0
15214 305.575 8.05338 0.01 1 40 0
15251 306.251 8.047 0.01 1 40 0
15255 310.576 8.21138 0.01 1 72 0
15296 318.555 7.97144 0.01 1 104 0
15302 306.581 7.85284 0.01 1 40 0
15303 308.49 7.90504 0.01 1 72 0
15320 305.575 8.047 0.01 1 41 0
15354 305.575 8.047 0.01 1 40 0
15370 305.162 8.047 0.01 1 40 0
15382 308.923 8.01421 0.01 1 72 0
15453 303.844 8.047 0.01 1 41 0
15472 306.581 7.96934 0.01 1 39 0
15487 308.605 7.82654 0.01 1 72 0
15502 305.575 8.047 0.01 1 41 0
15503 305.575 8.047 0.01 1 41 0
15510 308.744 8.11636 0.01 1 72 0
15530 318.711 7.97144 0.01 1 103 0
15568 311.375 8.1714 0.01 1 72 0
15573 305.575 8.047 0.01 1 40 0
15720 305.575 8.047 0.01 1 39 0
15773 303.844 8.047 0.01 1 41 0
15806 305.575 8.047 0.01 1 39 0
15854 318.555 7.93495 0.01 1 103 0
15859 309.04 8.1798 0.01 1 72 0
15891 305.052 7.78123 0.01 1 40 0
15898 306.581 7.92972 0.01 1 40 0
15928 305.575 8.13207 0.01 1 40 0
15943 305.162 8.047 0.01 1 41 0
15947 305.575 8.047 0.01 1 40 0
15973 318.555 8.0127 0.01 1 103 0
16064 305.575 8.047 0.01 1 41 0
16065 307.26 8.047 0.01 1 41 0
16069 305.575 8.047 0.01 1 40 0
16116 306.327 8.047 0.01 1 40 0
16125 306.581 7.96934 0.01 1 39 0
16145 306.974 8.10094 0.01 1 72 0
16154 306.581 7.96934 0.01 1 39 0
16269 308.315 8.05122 0.01 1 72 0
16299 309.13 8.24322 0.01 1 72 0
16321 307.26 8.05874 0.01 1 41 0
16322 306.251 8.047 0.01 1 39 0
16360 305.575 8.047 0.01 1 40 0
16368 305.575 8.047 0.01 1 40 0
16374 309.623 7.78459 0.01 1 72 0
16385 309.13 8.24322 0.01 1 72 0
16397 318.555 7.97144 0.01 1 104 0
16398 305.575 8.047 0.01 1 41 0
16448 310.576 8.21138 0.01 1 72 0
16450 305.575 8.047 0.01 1 41 0
16507 306.255 8.047 0.01 1 40 0
16523 305.575 8.047 0.01 1 39 0
16539 308.923 8.09366 0.01 1 72 0
16570 310.092 8.19176 0.01 1 72 0
16587 309.371 8.21409 0.01 1 72 0
16591 318.555 7.97144 0.01 1 105 0
16635 308.681 8.20067 0.01 1 72 0
16640 307.385 7.96934 0.01 1 40 -0.00754748
16647 305.575 8.047 0.01 1 40 0
16725 305.575 8.047 0.01 1 40 0
16788 308.004 7.67023 0.01 1 72 0
16813 319.084 7.97144 0.01 1 104 0
16828 308.782 7.67023 0.01 1 72 0
16834 316.752 7.91145 0.01 1 103 0
16837 305.955 8.047 0.01 1 39 -0.00397683
16937 305.052 7.78123 0.01 1 41 0
16986 305.575 8.047 0.01 1 41 0
16995 308.744 7.97141 0.01 1 72 0
17118 305.575 8.047 0.01 1 41 0
17150 319.084 7.97144 0.01 1 104 0
17161 306.581 7.96934 0.01 1 40 0
17166 318.555 7.96088 0.01 1 104 0
17208 309.04 8.16457 0.01 1 72 0
17240 318.555 7.97144 0.01 1 103 0
17246 306.378 7.96934 0.01 1 41 0
17325 319.084 7.97144 0.01 1 104 0
17332 305.575 8.03796 0.01 1 41 0
17415 305.575 8.047 0.01 1 39 0
17454 319.084 7.97144 0.01 1 104 0
17533 319.084 7.97144 0.01 1 104 0
17536 309.168 8.20067 0.01 1 72 0
17548 309.157 7.67023 0.01 1 72 0
17552 308.744 8.11865 0.01 1 72 0
17564 309.04 8.1798 0.01 1 72 0
17572 309.13 8.24322 0.01 1 72 0
17620 319.084 7.97144 0.01 1 104 0
17629 318.555 7.93495 0.01 1 103 0
17635 305.575 8.047 0.01 1 40 0
17636 305.575 8.047 0.01 1 41 0
17658 309.04 8.39879 0.01 1 72 0
17698 309.305 7.85008 0.01 1 72 0
17712 305.575 8.047 0.01 1 39 0
17738 305.575 8.047 0.01 1 39 0
17843 307.417 7.98639 0.01 1 72 0
17849 307.26 8.047 0.01 1 41 0
17877 305.575 8.047 0.01 1 40 0
17879 318.711 7.97144 0.01 1 103 0
17919 309.305 7.85008 0.01 1 72 0
17931 305.575 8.047 0.01 1 41 0
17958 304.326 8.047 0.01 1 41 0
17975 309.04 8.36807 0.01 1 72 1.92374e-05
18004 306.581 7.96934 0.01 1 39 0
18030 308.782 7.67023 0.01 1 72 0
18042 306.251 8.047 0.01 1 39 0
18051 309.168 8.20067 0.01 1 72 0
18085 303.844 8.047 0.01 1 41 0
18090 310.385 8.17662 0.01 1 72 0
18142 305.575 8.047 0.01 1 41 0
18152 315.748 7.97144 0.01 1 104 -0.0126801
18184 303.844 8.047 0.01 1 40 0
18240 305.575 8.047 0.01 1 40 0
18242 308.744 7.97141 0.01 1 72 0
18249 318.555 8.0127 0.01 1 103 0
18359 305.575 8.047 0.01 1 41 0
18373 306.581 7.92972 0.01 1 41 0
18409 305.575 8.047 0.01 1 41 0
18429 317.351 7.97144 0.01 1 103 0
18434 318.555 7.97144 0.01 1 105 0
18484 318.555 8.03312 0.01 1 104 0
18486 309.623 7.78459 0.01 1 72 0
18496 305.575 8.03796 0.01 1 41 0
18514 305.575 8.047 0.01 1 39 0
18527 308.923 8.01421 0.01 1 72 0
18539 318.555 7.97144 0.01 1 103 0
18588 305.575 8.047 0.01 1 41 0
18618 310.576 8.24612 0.01 1 72 0
18621 309.168 8.20067 0.01 1 72 0
18659 305.575 8.047 0.01 1 41 0
18740 305.023 8.047 0.01 1 40 0.00648005
18760 308.744 8.11636 0.01 1 72 0
18793 308.741 7.70215 0.01 1 72 -7.11828e-05
18873 305.166 8.047 0.01 1 41 0
18914 305.575 8.07674 0.01 1 41 0
18917 308.744 8.36043 0.01 1 72 3.93391e-06
18924 306.866 8.55605 0.01 1 72 0
18942 305.575 8.047 0.01 1 40 0
18967 304.25 8.047 0.01 1 41 -0.00557478
18973 308.741 7.70215 0.01 1 72 0
18974 305.575 8.18225 0.01 1 40 0.00239378
19011 305.575 8.047 0.01 1 41 0
19064 309.04 8.1798 0.01 1 72 0
19102 308.741 7.70215 0.01 1 72 0
19149 305.575 8.047 0.01 1 41 0
19206 305.575 8.047 0.01 1 40 0
19234 305.575 8.047 0.01 1 40 0
19243 305.575 8.047 0.01 1 39 0
19324 304.57 8.047 0.01 1 40 0
19351 308.744 8.01333 0.01 1 72 0
19358 309.193 8.68748 0.01 1 72 0
19362 309.363 7.85008 0.01 1 72 0
19410 306.581 7.96934 0.01 1 39 0
19432 306.581 7.937 0.01 1 41 0
19451 305.575 8.047 0.01 1 41 0
19477 305.162 8.047 0.01 1 41 0
19488 306.521 8.46886 0.01 1 72 0
19539 305.575 8.047 0.01 1 40 0
19553 305.162 8.047 0.01 1 41 0
19588 318.555 7.97144 0.01 1 104 0
19595 310.703 7.88784 0.01 1 72 0
19640 305.575 8.05338 0.01 1 41 0
19734 305.575 8.047 0.01 1 41 0
19741 310.278 8.33401 0.01 1 72 0
19750 303.844 8.047 0.01 1 41 0
19764 318.555 7.97144 0.01 1 104 0
19784 310.703 7.88784 0.01 1 72 0
19808 307.311 8.10518 0.01 1 72 0
19836 309.623 7.75727 0.01 1 72 0
19857 308.681 8.42118 0.01 1 72 0
19864 305.575 8.047 0.01 1 41 0
19876 308.962 7.93016 0.01 1 72 0
19916 309.623 7.78459 0.01 1 72 0
19935 305.575 8.047 0.01 1 41 0
19945 309.13 8.24322 0.01 1 72 0
19983 308.923 8.01421 0.01 1 72 0
19995 305.575 8.047 0.01 1 41 0
20032 318.555 7.97144 0.01 1 104 0
20067 305.575 8.047 0.01 1 40 0
20075 306.756 7.88463 0.01 1 72 0
20102 309.623 7.78459 0.01 1 72 0
20120 305.575 8.047 0.01 1 40 0
20133 308.744 8.12193 0.01 1 72 0
20163 307.311 8.10518 0.01 1 72 0
20168 305.575 8.047 0.01 1 40 0
20202 305.575 8.05338 0.01 1 41 0
20215 305.575 8.047 0.01 1 40 0
20241 318.555 7.93495 0.01 1 103 0
20258 305.575 8.047 0.01 1 40 0
20259 308.744 7.97141 0.01 1 72 0
20265 305.575 8.047 0.01 1 40 0
20301 308.744 8.12193 0.01 1 72 0
20311 305.575 8.047 0.01 1 41 0
20324 307.772 8.15997 0.01 1 72 0
20337 318.555 7.97144 0.01 1 105 0
20359 318.555 8.0127 0.01 1 103 0
20385 305.166 8.047 0.01 1 40 0
20399 305.575 8.05338 0.01 1 41 0
20405 309.107 7.85695 0.01 1 72 0
20461 305.575 8.047 0.01 1 40 0
20483 305.162 8.047 0.01 1 40 0
20498 318.711 7.97144 0.01 1 103 0
20532 309.63 7.78459 0.01 1 72 0
20597 305.162 8.047 0.01 1 41 0
20608 308.744 8.12193 0.01 1 72 0
20698 308.744 8.11636 0.01 1 72 0
20707 310.092 8.19176 0.01 1 72 0
20721 305.575 8.047 0.01 1 41 0
20732 305.575 8.047 0.01 1 41 0
20753 303.844 8.047 0.01 1 41 0
20790 309.193 8.68748 0.01 1 72 0
20815 303.844 8.15692 0.01 1 41 0
20869 309.506 8.18287 0.01 1 72 0
20907 306.581 7.96934 0.01 1 41 0
20940 308.913 7.67023 0.01 1 72 0
20980 305.575 8.047 0.01 1 39 0
20989 308.424 8.55639 0.01 1 72 0
20995 307.415 8.19769 0.01 1 72 0
21007 305.575 8.047 0.01 1 39 0
21099 305.575 8.047 0.01 1 41 0
21123 303.226 7.9317 0.01 1 41 0
21131 303.844 8.047 0.01 1 41 0
21133 306.251 8.047 0.01 1 40 0
21185 305.575 8.047 0.01 1 41 0
21196 309.305 7.85008 0.01 1 72 0
21221 318.555 7.97144 0.01 1 104 0
21256 306.581 7.92972 0.01 1 41 0
21260 309.04 8.1798 0.01 1 72 0
21282 305.575 8.047 0.01 1 41 0
21293 308.681 8.20067 0.01 1 72 0
21306 305.575 7.94677 0.01 1 41 0
21318 305.575 8.047 0.01 1 41 0
21327 307.522 7.86051 0.01 1 72 0
21346 305.575 8.047 0.01 1 39 0
21398 308.741 7.70215 0.01 1 72 0
21418 305.229 7.86937 0.01 1 40 0
21482 308.782 7.67023 0.01 1 72 0
21538 305.575 8.047 0.01 1 40 0
21558 305.47 8.047 0.01 1 41 0
21579 318.555 7.96771 0.01 1 103 -3.92348e-05
21596 309.04 8.1798 0.01 1 72 0
21630 318.555 7.97144 0.01 1 104 0
21641 305.052 7.78123 0.01 1 41 0
21660 305.575 8.047 0.01 1 40 0
21664 308.744 8.38553 0.01 1 72 0
21692 307.26 8.047 0.01 1 40 0
21704 308.782 7.67023 0.01 1 72 0
21741 306.974 8.10094 0.01 1 72 0
21752 305.575 8.047 0.01 1 41 0
21753 305.229 7.86937 0.01 1 40 0
21754 305.575 8.047 0.01 1 40 0
21783 311.375 8.1714 0.01 1 72 0
21789 305.166 8.047 0.01 1 41 0
21841 305.052 7.78123 0.01 1 41 0
21853 317.112 7.97144 0.01 1 103 0
21866 308.744 8.12193 0.01 1 72 0
21888 309.363 7.85008 0.01 1 72 0
21903 310.576 8.21138 0.01 1 72 0
21906 306.581 8.0653 0.01 1 41 0.00236522
21921 305.575 8.047 0.01 1 40 0
22018 305.575 8.047 0.01 1 41 0
22037 305.575 8.047 0.01 1 41 0
22039 309.438 8.39879 0.01 1 72 -0.000267833
22058 310.092 8.19176 0.01 1 72 0
22099 305.229 7.86937 0.01 1 40 0
22131 318.555 7.97144 0.01 1 104 0
22132 307.415 8.19769 0.01 1 72 0
22133 305.166 8.047 0.01 1 41 0
22179 305.575 8.047 0.01 1 40 0
22191 305.575 8.047 0.01 1 41 0
22211 304.203 8.047 0.01 1 40 0
22222 310.385 8.17662 0.01 1 72 0
22225 306.521 8.46886 0.01 1 72 0
22252 305.575 8.047 0.01 1 40 0
22271 305.575 8.047 0.01 1 40 0
22289 307.26 8.047 0.01 1 40 0
22308 308.962 7.93016 0.01 1 72 0
22317 305.575 8.047 0.01 1 40 0
22335 310.703 7.94952 0.01 1 72 6.99461e-05
22401 305.575 8.047 0.01 1 41 0
22406 308.744 8.21723 0.01 1 72 0
22408 318.555 7.97144 0.01 1 103 0
22414 306.581 7.937 0.01 1 41 0
22438 309.13 8.24322 0.01 1 72 0
22446 305.575 8.047 0.01 1 41 0
22449 305.575 8.047 0.01 1 40 0
22574 305.575 8.16421 0.01 1 41 0
22575 305.575 8.047 0.01 1 40 0
22627 308.962 7.93016 0.01 1 72 0
22648 318.555 7.97144 0.01 1 104 0
22696 305.575 8.047 0.01 1 40 0
22712 318.555 7.97144 0.01 1 104 0
22723 310.278 8.33401 0.01 1 72 0
22783 305.575 8.047 0.01 1 41 0
22787 308.744 8.36043 0.01 1 72 0
22788 307.772 8.15997 0.01 1 72 0
22891 305.162 8.047 0.01 1 40 0
22898 307.311 8.10518 0.01 1 72 0
22940 307.547 7.97366 0.01 1 72 0
22956 318.555 7.97144 0.01 1 103 0
22968 310.319 8.19176 0.01 1 72 0
23005 307.26 8.047 0.01 1 40 0
23008 305.47 8.047 0.01 1 41 0
23059 305.575 8.047 0.01 1 39 0
23061 319.121 7.97144 0.01 1 104 0.00808311
23113 305.575 8.047 0.01 1 41 0
23126 305.575 8.16421 0.01 1 41 0
23134 305.575 8.047 0.01 1 41 0
23151 311.375 8.1714 0.01 1 72 0
23157 308.923 8.09366 0.01 1 72 0
23176 308.424 8.55639 0.01 1 72 0
23188 318.555 7.93495 0.01 1 103 0
23197 305.166 8.047 0.01 1 41 0
23221 305.052 7.78123 0.01 1 41 0
23357 307.547 7.97366 0.01 1 72 0
23375 305.575 8.047 0.01 1 41 0
23378 305.575 8.047 0.01 1 41 0
23389 319.084 7.97144 0.01 1 103 0
23418 305.575 8.047 0.01 1 41 0
23448 310.703 7.88784 0.01 1 72 0
23464 305.575 8.047 0.01 1 41 0
23470 308.962 7.93016 0.01 1 72 0
23506 308.004 7.67023 0.01 1 72 -0.00155556
23526 307.26 8.047 0.01 1 41 0
23531 305.575 8.047 0.01 1 40 0
23546 305.575 8.047 0.01 1 40 0
23549 309.309 7.47154 0.01 1 72 0
23555 305.575 8.13207 0.01 1 40 0
23557 309.623 7.78459 0.01 1 72 0
23573 309.04 8.1798 0.01 1 72 0
23617 309.091 8.05122 0.01 1 72 0
23680 308.744 8.11865 0.01 1 72 0
23710 308.962 7.93016 0.01 1 72 0
23724 309.623 7.85008 0.01 1 72 0
23790 309.13 8.24322 0.01 1 72 0
23814 310.278 8.33401 0.01 1 72 0
23824 307.001 7.86051 0.01 1 72 0
23828 309.63 7.78459 0.01 1 72 0
23837 302.707 8.19761 0.01 1 41 0
23863 309.63 7.78459 0.01 1 72 0
23866 305.575 8.047 0.01 1 40 0
23870 306.581 7.92972 0.01 1 41 0
23909 305.575 8.047 0.01 1 41 0
23910 310.385 8.17662 0.01 1 72 0
23975 318.555 7.97144 0.01 1 104 0
24027 305.575 8.047 0.01 1 41 0
24031 318.555 7.93495 0.01 1 103 0
24032 308.744 8.17231 0.01 1 72 0
24056 318.555 7.96088 0.01 1 104 0
24065 308.744 8.21723 0.01 1 72 0
24076 305.575 8.047 0.01 1 39 0
24079 308.782 7.67023 0.01 1 72 0
24094 305.575 8.047 0.01 1 41 0
24216 305.575 8.03119 0.01 1 41 0
24220 307.26 8.047 0.01 1 41 0
24227 308.782 7.67023 0.01 1 72 0
24238 305.575 8.047 0.01 1 39 0
24245 303.844 8.047 0.01 1 41 0
24343 318.555 7.93495 0.01 1 103 0
24366 310.703 7.94952 0.01 1 72 0
24401 318.555 7.97144 0.01 1 103 0
24431 306.581 7.92972 0.01 1 41 0
24470 305.575 8.047 0.01 1 40 0
24522 305.575 8.047 0.01 1 41 0
24576 306.581 7.92972 0.01 1 41 0
24598 308.148 7.98538 0.01 1 72 0
24653 305.575 8.047 0.01 1 40 0
24681 305.575 8.047 0.01 1 40 0
24701 303.844 8.047 0.01 1 41 0
24739 309.04 8.39879 0.01 1 72 0
24767 318.555 7.97144 0.01 1 105 0
24830 306.581 7.96934 0.01 1 40 0
24841 318.555 7.97144 0.01 1 104 0
24871 319.084 7.97144 0.01 1 104 0
24880 305.575 8.047 0.01 1 41 0
24906 305.166 8.10216 0.01 1 41 0
24940 318.555 7.97144 0.01 1 104 0
