max_pf 96 min_pf 42
individual T0 sigma disp_rate r0 patch_no mut_eff
5 310.486 8.27015 0.01 1 72 0
48 310.763 7.96677 0.01 1 72 0
62 303.272 8.03074 0.01 1 44 0
137 300.706 8.07309 0.01 1 42 0
163 303.272 8.03074 0.01 1 44 0
207 306.468 8.03074 0.01 1 72 0
244 310.224 8.03362 0.01 1 72 0
271 303.272 8.07309 0.01 1 44 0
273 315.282 7.93051 0.01 1 94 0
295 312.828 8.02696 0.01 1 94 0
304 303.272 8.03074 0.01 1 44 0
310 310.838 7.70082 0.01 1 72 0
325 310.763 7.96677 0.01 1 72 0
327 313.207 7.98348 0.01 1 94 0
341 303.272 8.07309 0.01 1 44 0
408 305.475 8.02924 0.01 1 43 0
449 310.763 8.01445 0.01 1 72 0
464 313.207 7.98348 0.01 1 94 0
470 304.008 8.07309 0.01 1 43 0
480 310.495 7.95816 0.01 1 72 0
481 310.566 8.06058 0.01 1 72 0
486 306.197 8.08866 0.01 1 72 0
491 312.839 7.91338 0.01 1 94 0
512 307.84 7.98853 0.01 1 72 0
532 315.282 7.93051 0.01 1 95 0
536 303.578 8.03074 0.01 1 44 -0.00457659
543 303.272 8.07309 0.01 1 44 0
559 303.272 8.03074 0.01 1 44 0
585 309.191 8.05269 0.01 1 72 0
597 307.152 8.48777 0.01 1 72 0
600 309.452 7.82012 0.01 1 72 0
601 305.475 8.02924 0.01 1 43 0
624 303.272 8.07309 0.01 1 43 0
632 307.152 8.47927 0.01 1 72 0
716 303.272 8.20016 0.01 1 44 0
750 303.272 8.07309 0.01 1 43 0
768 309.447 8.1108 0.01 1 72 0
777 310.486 8.12595 0.01 1 72 0
783 302.447 8.07309 0.01 1 42 0
806 312.828 8.02696 0.01 1 95 0
851 303.272 8.07309 0.01 1 43 0
869 309.447 8.1108 0.01 1 72 0
872 303.272 7.92371 0.01 1 44 0
880 313.207 7.98348 0.01 1 94 0
881 313.207 7.98348 0.01 1 94 0
885 312.828 8.02696 0.01 1 95 0
929 310.539 7.90705 0.01 1 72 0
958 304.008 8.07309 0.01 1 42 0
967 302.447 8.07309 0.01 1 43 0.0122965
969 303.272 8.07309 0.01 1 44 0
970 312.828 8.02696 0.01 1 94 0
972 312.828 8.02696 0.01 1 94 0
1010 307.152 8.48777 0.01 1 72 0
1014 305.475 7.87435 0.01 1 44 0
1019 304.008 8.07309 0.01 1 43 0
1029 309.187 8.0508 0.01 1 72 0
1050 310.207 8.20148 0.01 1 72 0
1083 310.495 7.95816 0.01 1 72 0
1094 309.191 8.05269 0.01 1 72 0
1095 315.282 7.93051 0.01 1 94 0
1105 303.272 8.07309 0.01 1 44 0
1117 311.1 8.05638 0.01 1 72 0
1120 315.282 7.93051 0.01 1 94 0
1139 310.227 7.98705 0.01 1 72 0
1149 312.828 8.02696 0.01 1 94 0
1171 303.272 8.29242 0.01 1 44 0
1172 303.272 8.07309 0.01 1 44 0
1177 312.828 8.02696 0.01 1 94 0
1206 305.475 7.87435 0.01 1 44 0
1250 305.475 8.05012 0.01 1 44 0
1254 307.575 7.93696 0.01 1 72 0
1281 309.191 8.05269 0.01 1 72 0
1315 309.731 8.12748 0.01 1 72 0
1364 310.612 7.8061 0.01 1 72 0
1371 310.763 8.01445 0.01 1 72 0
1403 312.828 8.02696 0.01 1 95 0
1442 303.272 7.90115 0.01 1 43 0
1517 303.272 8.03074 0.01 1 43 0
1524 303.272 8.03074 0.01 1 44 0
1534 309.579 7.82618 0.01 1 72 0
1544 308.656 7.81631 0.01 1 72 0
1563 312.828 8.02696 0.01 1 95 0
1610 312.828 8.16856 0.01 1 94 0
1626 310.539 7.90705 0.01 1 72 0
1640 303.272 8.07309 0.01 1 43 0
1655 309.452 7.82012 0.01 1 72 0
1669 303.272 8.07309 0.01 1 44 0
1688 309.187 8.0508 0.01 1 72 0
1693 303.272 8.03074 0.01 1 44 0
1812 310.495 7.95816 0.01 1 72 0
1818 303.272 8.03074 0.01 1 44 0
1820 313.207 7.98348 0.01 1 94 0
1822 308.269 7.86732 0.01 1 72 0
1866 303.272 8.07309 0.01 1 43 0
1881 303.272 8.03074 0.01 1 44 0
1903 309.515 7.98468 0.01 1 72 0
1911 303.272 8.03074 0.01 1 43 0
1933 308.367 8.16809 0.01 1 72 0
1937 309.843 7.81631 0.01 1 72 0
1950 309.843 7.81631 0.01 1 72 0
2084 310.486 8.27015 0.01 1 72 0
2088 311.882 8.16809 0.01 1 72 -0.0119885
2107 309.076 7.83799 0.01 1 72 0
2119 303.272 8.03074 0.01 1 44 0
2135 312.828 8.02696 0.01 1 94 0
2137 316.052 7.93051 0.01 1 95 0
2237 307.006 7.87435 0.01 1 44 0
2272 309.731 8.12748 0.01 1 72 0
2277 312.828 8.02696 0.01 1 95 0
2326 307.468 8.15065 0.01 1 72 0
2328 305.475 8.02924 0.01 1 43 0
2338 309.452 7.82012 0.01 1 72 0
2380 309.447 8.1108 0.01 1 72 0
2381 303.54 8.03074 0.01 1 44 -0.00401777
2406 307.384 7.97381 0.01 1 72 0
2415 303.272 8.07309 0.01 1 43 0
2423 303.272 8.03074 0.01 1 44 0
2453 307.718 8.22237 0.01 1 72 0
2468 313.207 7.98348 0.01 1 94 0
2472 303.272 8.07309 0.01 1 43 0
2487 303.272 8.07309 0.01 1 43 0
2489 303.272 8.03074 0.01 1 44 0
2518 309.191 8.05269 0.01 1 72 0
2618 308.962 8.16809 0.01 1 72 0
2621 307.152 8.48777 0.01 1 72 0
2639 313.935 7.98348 0.01 1 95 0
2686 303.272 8.07309 0.01 1 44 0
2689 303.272 8.07309 0.01 1 44 0
2764 310.186 8.12838 0.01 1 72 0
2771 313.207 7.98348 0.01 1 94 0
2811 308.012 8.14156 0.01 1 72 -3.51816e-05
2860 305.475 8.02924 0.01 1 44 0
2865 312.828 8.02696 0.01 1 94 0
2881 303.272 8.07309 0.01 1 43 0
2906 303.272 8.03074 0.01 1 44 0
2915 303.272 8.07309 0.01 1 43 0
2916 303.272 8.07309 0.01 1 44 0
2929 313.207 7.98348 0.01 1 94 0
2964 309.515 7.98468 0.01 1 72 0
2976 312.828 8.02696 0.01 1 94 0
3044 307.733 8.15429 0.01 1 72 0.00178395
3067 310.566 8.16155 0.01 1 72 0
3079 310.763 8.01445 0.01 1 72 0
3085 303.272 7.90115 0.01 1 44 0
3124 313.207 7.98348 0.01 1 94 0
3131 311.732 8.07066 0.01 1 72 0
3133 310.489 8.29596 0.01 1 72 0
3161 310.486 8.27015 0.01 1 72 0
3211 303.272 8.03074 0.01 1 44 0
3299 311.173 8.27015 0.01 1 72 0
3328 314.835 7.93051 0.01 1 94 0
3343 303.272 8.07309 0.01 1 43 0
3368 307.693 7.90705 0.01 1 72 0
3402 306.191 8.11471 0.01 1 72 0
3414 309.843 7.76336 0.01 1 72 0
3441 310.763 7.80105 0.01 1 72 0
3450 309.447 8.24245 0.01 1 72 0
3458 309.843 7.8061 0.01 1 72 0
3462 304.008 8.07309 0.01 1 42 0
3463 312.828 8.02696 0.01 1 95 0
3473 303.272 8.07309 0.01 1 44 0
3532 310.961 7.9429 0.01 1 72 0
3537 309.076 7.83799 0.01 1 72 0
3557 303.272 8.07309 0.01 1 44 0
3629 315.282 7.93051 0.01 1 96 0
3631 303.272 8.07309 0.01 1 44 0
3636 312.828 8.01056 0.01 1 95 0
3685 307.538 8.10254 0.01 1 72 0
3730 309.843 7.81631 0.01 1 72 0
3752 305.475 8.02924 0.01 1 44 0
3794 312.828 8.02696 0.01 1 94 0
3824 310.505 8.0709 0.01 1 72 0
3865 305.475 7.87435 0.01 1 44 0
3883 305.475 8.11741 0.01 1 44 0
3890 309.843 7.81631 0.01 1 72 0
3906 303.272 8.03074 0.01 1 44 0
3909 309.843 7.81631 0.01 1 72 0
3921 303.272 8.03074 0.01 1 44 0
3925 307.041 8.11471 0.01 1 72 0
3926 303.272 8.07309 0.01 1 43 0
3953 309.986 7.71663 0.01 1 72 0
3966 305.475 8.02924 0.01 1 43 0
3978 310.715 7.94662 0.01 1 72 0
3980 307.754 8.10254 0.01 1 72 0
4011 310.224 8.03362 0.01 1 72 0
4030 303.272 8.07309 0.01 1 44 0
4045 307.041 8.11471 0.01 1 72 0
4050 309.843 7.81692 0.01 1 72 0
4067 309.191 8.05269 0.01 1 72 0
4123 305.475 8.02924 0.01 1 43 0
4165 310.505 8.0709 0.01 1 72 0
4184 310.186 8.12838 0.01 1 72 0
4206 310.495 7.95816 0.01 1 72 0
4224 310.505 8.0709 0.01 1 72 0
4230 307.84 7.98853 0.01 1 72 0
4233 310.763 8.01445 0.01 1 72 0
4255 310.495 7.95816 0.01 1 72 0
4258 309.843 7.81631 0.01 1 72 0
4269 311.465 8.16359 0.01 1 72 0
4316 310.486 8.12595 0.01 1 72 0
4399 309.515 7.98468 0.01 1 72 0
4413 310.486 8.27015 0.01 1 72 0
4439 307.152 8.48777 0.01 1 72 0
4446 310.495 7.95816 0.01 1 72 0
4448 301.483 8.03074 0.01 1 44 0
4572 300.706 8.07309 0.01 1 43 0
4599 305.475 7.87435 0.01 1 44 0
4693 309.843 7.76336 0.01 1 72 0
4704 302.447 8.07309 0.01 1 43 0
4715 303.272 8.03074 0.01 1 44 0
4735 310.566 8.06058 0.01 1 72 0
4863 309.843 7.81631 0.01 1 72 0
4877 312.828 8.22269 0.01 1 95 0
4886 305.475 7.87435 0.01 1 43 0
4898 310.566 8.06058 0.01 1 72 0
4915 303.272 8.29242 0.01 1 44 0.00326601
4923 303.272 8.07309 0.01 1 43 0
4934 313.207 7.98348 0.01 1 94 0
4963 307.152 8.47927 0.01 1 72 0
4965 303.272 8.03074 0.01 1 44 0
4972 305.475 7.87435 0.01 1 44 0
4985 303.272 8.03074 0.01 1 44 0
5014 312.828 7.83965 0.01 1 96 0
5051 309.843 7.81631 0.01 1 72 0
5085 309.843 7.81631 0.01 1 72 0
5105 309.191 8.05269 0.01 1 72 0
5162 303.272 8.07309 0.01 1 43 0
5166 309.447 8.15903 0.01 1 72 0
5181 304.008 8.07309 0.01 1 42 0
5209 312.828 8.02696 0.01 1 94 0
5246 300.706 8.07309 0.01 1 43 0
5256 303.272 7.90115 0.01 1 43 0
5310 305.475 8.02924 0.01 1 44 0
5317 310.486 8.27015 0.01 1 72 0
5335 310.062 7.92293 0.01 1 72 0
5401 303.272 7.90115 0.01 1 43 0
5423 312.839 7.98348 0.01 1 94 0
5440 309.731 8.12748 0.01 1 72 0
5449 310.495 7.95816 0.01 1 72 0
5453 303.272 8.07309 0.01 1 43 0
5460 300.706 8.07309 0.01 1 44 0
5499 309.187 8.0508 0.01 1 72 0
5588 303.272 7.90115 0.01 1 44 0
5610 309.447 8.1108 0.01 1 72 0
5633 313.207 7.98348 0.01 1 94 0
5655 312.828 8.02696 0.01 1 95 0
5660 305.475 8.02924 0.01 1 44 0
5808 303.272 7.90115 0.01 1 43 0
5843 310.539 7.90705 0.01 1 72 0
5862 312.839 7.98348 0.01 1 94 0
5882 308.012 8.14156 0.01 1 72 0
5925 309.421 8.07338 0.01 1 72 0
5935 310.64 7.99351 0.01 1 72 0
5954 305.475 7.87435 0.01 1 43 0
6023 310.489 8.29596 0.01 1 72 0
6056 312.828 8.16856 0.01 1 94 0
6075 303.272 8.07309 0.01 1 43 0
6088 303.272 8.05242 0.01 1 44 0
6132 303.272 7.92371 0.01 1 44 0
6142 309.579 7.54167 0.01 1 72 0
6163 308.367 8.16809 0.01 1 72 0
6169 303.272 8.07309 0.01 1 44 0
6173 304.008 8.07309 0.01 1 42 0
6182 303.108 8.03074 0.01 1 44 0
6183 308.269 7.86732 0.01 1 72 0
6282 310.627 7.78045 0.01 1 72 0
6299 312.828 8.02696 0.01 1 95 0
6306 303.272 8.07309 0.01 1 43 0
6321 310.495 7.95816 0.01 1 72 0
6324 303.272 8.03074 0.01 1 44 0
6338 315.282 7.93051 0.01 1 94 0
6381 303.272 8.03074 0.01 1 44 0
6394 301.267 8.07309 0.01 1 43 0.0297385
6406 309.515 7.98468 0.01 1 72 0
6452 303.272 8.07309 0.01 1 43 0
6467 307.152 8.48777 0.01 1 72 0
6495 309.187 8.0508 0.01 1 72 0
6544 302.447 8.07309 0.01 1 43 0
6603 312.828 8.01056 0.01 1 95 0
6619 311.882 8.16809 0.01 1 72 0
6625 310.486 8.12595 0.01 1 72 0
6641 315.282 7.93051 0.01 1 95 0
6689 307.468 8.15065 0.01 1 72 0
6693 307.468 8.15065 0.01 1 72 0
6751 315.282 7.93051 0.01 1 96 0
6766 303.272 8.07309 0.01 1 44 0
6787 309.278 8.13776 0.01 1 72 -3.62098e-06
6798 310.64 7.99351 0.01 1 72 0
6804 300.706 8.07309 0.01 1 44 0
6810 303.272 8.03074 0.01 1 44 0
6891 305.475 7.87435 0.01 1 44 0
6893 310.566 8.16155 0.01 1 72 9.05395e-05
6903 303.272 8.07309 0.01 1 43 0
6913 312.828 7.83965 0.01 1 96 0
6924 308.012 8.14156 0.01 1 72 0
6964 309.843 7.81631 0.01 1 72 0
6990 303.272 7.90115 0.01 1 43 0
6997 303.272 8.03074 0.01 1 44 0
7020 312.828 8.05139 0.01 1 94 0
7031 310.763 8.01445 0.01 1 72 0
7046 303.272 8.07309 0.01 1 44 0
7067 312.828 8.02696 0.01 1 95 0
7138 307.008 8.08446 0.01 1 72 0
7153 307.693 7.90705 0.01 1 72 0
7158 305.169 8.13304 0.01 1 72 0
7202 310.486 8.27015 0.01 1 72 0
7203 312.839 7.98348 0.01 1 94 0
7204 312.839 8.16928 0.01 1 94 0
7210 309.076 7.83799 0.01 1 72 0
7256 300.706 8.07309 0.01 1 43 0.00802185
7262 310.486 8.12595 0.01 1 72 0
7281 303.272 8.03074 0.01 1 44 0
7302 312.828 8.02696 0.01 1 94 0
7349 305.475 8.02924 0.01 1 44 0
7358 309.191 8.05269 0.01 1 72 0
7420 312.828 8.02696 0.01 1 94 0
7423 312.839 8.16928 0.01 1 94 0
7453 303.272 8.03074 0.01 1 44 0
7454 303.272 8.03074 0.01 1 44 0
7486 303.272 8.07309 0.01 1 44 0
7504 314.182 8.02696 0.01 1 94 0
7536 309.843 7.81631 0.01 1 72 0
7544 307.718 8.22237 0.01 1 72 4.17382e-05
7577 303.272 8.00074 0.01 1 44 0
7594 310.566 8.06058 0.01 1 72 0
7602 300.706 8.07309 0.01 1 43 0
7631 310.64 7.97513 0.01 1 72 -1.88798e-05
7642 303.272 7.90115 0.01 1 44 0
7690 303.272 8.03074 0.01 1 44 0
7726 312.828 8.02696 0.01 1 94 0
7727 307.384 7.97381 0.01 1 72 0
7791 310.64 7.99351 0.01 1 72 0
7794 312.828 7.83965 0.01 1 95 0
7825 312.828 8.02696 0.01 1 94 0
7840 310.763 8.01445 0.01 1 72 0
7914 307.384 7.97381 0.01 1 72 0
7917 303.272 8.07309 0.01 1 44 0
7944 312.828 8.02696 0.01 1 95 0
7973 303.272 8.07309 0.01 1 43 0
8002 312.828 8.02696 0.01 1 96 0
8018 310.486 8.12595 0.01 1 72 0
8026 310.539 7.90705 0.01 1 72 0
8048 303.272 8.07309 0.01 1 43 0
8051 303.272 8.07309 0.01 1 43 0
8074 303.272 7.90115 0.01 1 44 0
8087 313.207 7.98348 0.01 1 94 0
8105 309.191 8.05269 0.01 1 72 0
8127 312.828 8.02696 0.01 1 94 0
8138 310.715 7.94662 0.01 1 72 0
8178 310.495 7.95816 0.01 1 72 0
8188 314.835 7.93051 0.01 1 95 0
8202 307.384 7.97381 0.01 1 72 0
8216 310.224 8.03362 0.01 1 72 0
8279 310.495 7.95816 0.01 1 72 0
8314 310.495 7.95816 0.01 1 72 0
8322 303.272 8.03074 0.01 1 44 0
8354 310.495 7.95816 0.01 1 72 0
8362 306.468 8.03074 0.01 1 72 0
8454 303.272 8.03074 0.01 1 44 0
8470 308.367 8.16809 0.01 1 72 0
8489 309.843 7.81631 0.01 1 72 0
8513 312.828 8.02696 0.01 1 94 0
8530 312.839 8.16928 0.01 1 94 0
8603 303.272 7.90115 0.01 1 43 0
8619 303.272 8.03074 0.01 1 44 0
8623 303.272 8.07309 0.01 1 44 0
8631 304.008 8.07309 0.01 1 43 0
8676 303.272 8.03074 0.01 1 44 0
8697 308.367 8.16809 0.01 1 72 0
8709 310.495 7.95816 0.01 1 72 0
8718 303.272 8.09949 0.01 1 44 0
8752 308.962 8.16809 0.01 1 72 0
8763 310.186 7.97455 0.01 1 72 -2.93404e-05
8787 303.272 8.03074 0.01 1 44 0
8810 308.656 7.81631 0.01 1 72 0
8816 309.447 8.24245 0.01 1 72 0
8883 305.475 8.02924 0.01 1 42 0
8898 303.272 8.07309 0.01 1 43 0
8922 306.752 7.96805 0.01 1 72 0
8927 309.731 8.12748 0.01 1 72 0
8953 305.475 8.11741 0.01 1 44 0
8965 307.718 8.22237 0.01 1 72 0
8976 313.207 7.98348 0.01 1 94 0
8979 312.828 8.02696 0.01 1 95 0
9001 309.843 7.85757 0.01 1 72 1.50651e-05
9011 303.272 8.03074 0.01 1 44 0
9018 313.207 8.20115 0.01 1 94 0.00138493
9050 303.272 8.07309 0.01 1 43 0
9063 309.843 7.81631 0.01 1 72 0
9066 303.272 8.07309 0.01 1 43 0
9074 312.828 8.02087 0.01 1 94 -8.06898e-05
9080 303.272 8.03074 0.01 1 44 0
9201 305.169 8.13304 0.01 1 72 0
9209 312.828 8.02696 0.01 1 95 0
9248 312.828 8.02696 0.01 1 94 0
9260 303.272 8.07309 0.01 1 43 0
9309 307.575 7.86679 0.01 1 72 0
9338 305.169 8.13304 0.01 1 72 0
9353 309.187 8.0508 0.01 1 72 0
9366 310.301 7.8061 0.01 1 72 -0.00158316
9387 310.486 8.27015 0.01 1 72 0
9391 303.272 8.09949 0.01 1 44 0
9480 314.835 7.93051 0.01 1 94 0
9528 311.991 8.16928 0.01 1 94 -0.0122662
9566 310.763 8.01445 0.01 1 72 0
9612 303.272 8.03074 0.01 1 43 0
9622 312.828 8.02696 0.01 1 94 0
9643 310.763 8.01445 0.01 1 72 0
9680 312.828 8.02696 0.01 1 94 0
9696 303.272 8.07309 0.01 1 44 0
9717 304.008 8.07309 0.01 1 43 0
9748 310.888 7.95816 0.01 1 72 -0.00204085
9771 303.272 8.07309 0.01 1 43 0
9773 309.191 8.05269 0.01 1 72 0
9852 309.843 7.76336 0.01 1 72 0
9897 307.718 8.22237 0.01 1 72 0
9935 309.447 8.24245 0.01 1 72 0
9965 308.962 8.16809 0.01 1 72 0
9981 310.505 8.0709 0.01 1 72 0
10008 312.828 7.93051 0.01 1 94 0
10022 312.828 8.02696 0.01 1 95 0
10040 305.746 8.22134 0.01 1 72 0
10043 312.828 8.02696 0.01 1 96 0
10071 300.706 8.07309 0.01 1 44 0
10081 306.191 8.11471 0.01 1 72 0
10130 303.272 8.03074 0.01 1 44 0
10169 303.272 8.09949 0.01 1 44 0
10170 309.515 7.98468 0.01 1 72 0
10194 310.486 8.12595 0.01 1 72 0
10196 308.367 8.16809 0.01 1 72 0
10239 310.566 8.06058 0.01 1 72 0
10248 312.828 8.02696 0.01 1 94 0
10270 308.951 8.27015 0.01 1 72 0
10271 303.272 8.03074 0.01 1 44 0
10299 303.272 8.03074 0.01 1 44 0
10315 307.84 7.98853 0.01 1 72 0
10339 303.272 8.03074 0.01 1 43 0
10342 305.475 8.02924 0.01 1 42 0
10344 303.272 8.03074 0.01 1 44 0
10377 303.272 8.07309 0.01 1 44 0
10380 303.272 8.07309 0.01 1 43 0
10386 309.191 8.05269 0.01 1 72 0
10399 313.207 7.98348 0.01 1 94 0
10410 303.272 8.03074 0.01 1 44 0
10412 309.452 7.82012 0.01 1 72 0
10415 303.272 7.84722 0.01 1 44 -0.0028982
10418 302.447 8.07309 0.01 1 43 0
10433 305.475 7.87435 0.01 1 44 0
10450 312.467 8.01056 0.01 1 95 -0.00543355
10462 303.272 8.03074 0.01 1 44 0
10468 309.191 8.05269 0.01 1 72 0
10477 307.84 7.98853 0.01 1 72 0
10482 303.272 8.03074 0.01 1 44 0
10484 303.272 8.03074 0.01 1 44 0
10513 310.566 8.06058 0.01 1 72 0
10520 309.447 8.24245 0.01 1 72 0
10545 312.839 8.16928 0.01 1 94 0
10559 309.843 7.81631 0.01 1 72 0
10618 309.187 8.0508 0.01 1 72 0
10642 313.207 7.98348 0.01 1 94 0
10674 309.076 7.74261 0.01 1 72 0
10688 310.566 8.06058 0.01 1 72 0
10691 309.447 8.15903 0.01 1 72 0
10705 309.421 8.07338 0.01 1 72 0
10709 309.191 8.05269 0.01 1 72 0
10734 303.272 8.07309 0.01 1 43 0
10735 303.272 8.03074 0.01 1 44 0
10768 303.272 7.90115 0.01 1 43 0
10784 309.447 8.1108 0.01 1 72 0
10786 309.843 7.76336 0.01 1 72 0
10810 305.475 8.02924 0.01 1 44 0
10832 313.207 7.98348 0.01 1 94 0
10850 303.272 8.03074 0.01 1 44 0
10863 310.539 7.90705 0.01 1 72 0
10890 303.272 8.07309 0.01 1 44 0
10922 311.173 8.25362 0.01 1 72 -2.65539e-05
10941 303.272 7.90115 0.01 1 44 0
11017 312.304 8.12595 0.01 1 72 -0.0124687
11038 307.693 7.90705 0.01 1 72 0
11042 303.272 8.07309 0.01 1 44 0
11078 303.272 8.07309 0.01 1 43 0
11083 310.505 8.0709 0.01 1 72 0
11101 310.495 7.95816 0.01 1 72 0
11120 309.447 8.24245 0.01 1 72 0
11159 309.191 8.05269 0.01 1 72 0
11180 303.272 8.07309 0.01 1 44 0
11198 303.272 7.92371 0.01 1 44 0
11252 308.962 8.16809 0.01 1 72 0
11277 308.751 8.07338 0.01 1 72 0
11329 303.272 8.03074 0.01 1 44 0
11330 309.076 7.74261 0.01 1 72 0
11377 310.207 8.20148 0.01 1 72 0
11454 311.053 8.0709 0.01 1 72 0
11467 309.843 7.8061 0.01 1 72 0
11484 312.839 7.98348 0.01 1 94 0
11512 303.272 8.07309 0.01 1 43 0
11536 306.191 8.11471 0.01 1 72 0
11543 309.515 7.98468 0.01 1 72 0
11550 312.839 8.16928 0.01 1 94 0
11589 309.447 8.1108 0.01 1 72 0
11614 312.828 8.02696 0.01 1 95 0
11624 313.207 8.07528 0.01 1 94 0
11654 305.475 8.11741 0.01 1 44 0
11713 303.272 8.03074 0.01 1 44 0
11723 303.272 8.07309 0.01 1 43 0
11734 309.187 8.0508 0.01 1 72 0
11748 310.505 8.0709 0.01 1 72 0.00256346
11751 309.076 7.83799 0.01 1 72 0
11770 303.272 8.07309 0.01 1 43 0
11789 307.718 8.22237 0.01 1 72 0
11834 303.272 8.03074 0.01 1 44 0
11889 310.486 8.27015 0.01 1 72 0
11910 309.843 7.81631 0.01 1 72 0
11929 310.566 8.06058 0.01 1 72 0
11935 307.313 8.17031 0.01 1 72 0
11970 310.207 8.20148 0.01 1 72 0
11971 315.282 7.93051 0.01 1 95 0
12003 303.272 8.03074 0.01 1 44 0
12013 310.626 8.0647 0.01 1 72 0
12036 310.742 8.12595 0.01 1 72 0
12054 312.658 8.07528 0.01 1 94 0
12135 303.272 8.03074 0.01 1 44 0
12143 309.843 7.81631 0.01 1 72 0
12160 307.718 8.15139 0.01 1 72 0
12162 308.168 8.05531 0.01 1 72 0
12185 303.272 8.03074 0.01 1 44 0
12230 310.186 7.97504 0.01 1 72 0
12259 309.843 7.76336 0.01 1 72 0
12271 303.272 8.07309 0.01 1 43 0
12325 312.828 8.02696 0.01 1 94 0
12336 309.447 8.1108 0.01 1 72 0
12364 305.475 7.87435 0.01 1 44 0
12409 310.997 8.0709 0.01 1 72 0
12443 309.843 7.81631 0.01 1 72 0
12469 303.272 7.92371 0.01 1 43 0
12489 304.008 8.07309 0.01 1 42 0
12500 309.579 7.82618 0.01 1 72 0
12503 309.447 8.1108 0.01 1 72 0
12515 309.843 7.81631 0.01 1 72 0
12527 303.272 7.90115 0.01 1 44 0
12573 303.272 7.90115 0.01 1 43 0
12575 310.489 8.29596 0.01 1 72 0
12586 300.706 8.07309 0.01 1 43 0
12589 303.272 7.90115 0.01 1 43 0
12595 303.272 8.07309 0.01 1 43 0
12601 309.191 8.05269 0.01 1 72 0
12622 303.848 8.03074 0.01 1 44 0
12627 310.566 8.06058 0.01 1 72 0
12651 305.475 7.87435 0.01 1 44 0
12658 309.986 7.71663 0.01 1 72 0
12670 308.962 8.16809 0.01 1 72 0
12673 303.272 8.07309 0.01 1 44 0
12681 310.486 8.27015 0.01 1 72 0
12767 310.163 8.05531 0.01 1 72 0
12769 309.076 7.74261 0.01 1 72 0
12772 309.447 8.15903 0.01 1 72 0
12773 312.828 8.02696 0.01 1 94 0
12786 303.272 8.07309 0.01 1 44 0
12793 303.272 8.07309 0.01 1 43 0
12812 311.465 8.16359 0.01 1 72 0
12817 303.272 8.07309 0.01 1 44 0
12824 303.272 8.03074 0.01 1 44 0
12868 303.848 8.03074 0.01 1 44 -0.0086372
12881 310.763 8.00236 0.01 1 72 -1.42008e-05
12914 303.272 8.07309 0.01 1 43 0
12971 305.475 8.02924 0.01 1 43 0
12980 303.272 7.90115 0.01 1 44 0
12984 303.272 7.90115 0.01 1 44 0
12997 303.272 8.07309 0.01 1 42 0
13006 312.828 7.83965 0.01 1 96 0
13036 310.763 8.01445 0.01 1 72 0
13076 300.706 8.07309 0.01 1 43 0
13185 312.828 7.84774 0.01 1 94 0
13203 307.718 8.22237 0.01 1 72 0
13231 313.207 7.98348 0.01 1 94 0
13253 303.272 8.07309 0.01 1 44 0
13255 310.495 7.95816 0.01 1 72 0
13275 303.272 8.07309 0.01 1 43 0
13302 303.272 8.03074 0.01 1 44 0
13309 303.272 8.03074 0.01 1 44 0
13333 304.008 8.07309 0.01 1 43 0
13357 309.191 8.05269 0.01 1 72 0
13418 303.272 8.07309 0.01 1 44 0
13424 303.272 8.07309 0.01 1 44 0
13451 310.505 8.0709 0.01 1 72 0
13462 303.272 7.90115 0.01 1 44 0
13469 303.272 8.00074 0.01 1 44 -0.000464976
13519 310.814 7.8061 0.01 1 72 0
13535 310.207 8.20148 0.01 1 72 0
13565 310.763 7.96677 0.01 1 72 0
13569 304.008 8.07309 0.01 1 43 0
13576 309.447 8.15903 0.01 1 72 0
13586 303.272 8.07309 0.01 1 44 0
13601 307.515 7.78045 0.01 1 72 0
13605 307.384 7.97381 0.01 1 72 0
13611 310.495 7.95816 0.01 1 72 0
13620 308.962 8.16809 0.01 1 72 0
13632 312.828 8.02696 0.01 1 94 0
13653 303.272 8.07309 0.01 1 43 0
13661 305.475 8.02924 0.01 1 44 0
13674 310.186 7.78398 0.01 1 72 0
13680 310.224 8.03362 0.01 1 72 0
13707 309.191 8.05269 0.01 1 72 0
13714 308.178 8.02924 0.01 1 43 -0.0170707
13753 309.191 8.05269 0.01 1 72 0
13784 303.272 7.92371 0.01 1 44 0
13814 303.272 8.07309 0.01 1 43 0
13831 303.954 8.03074 0.01 1 43 -0.0100472
13837 305.169 8.13304 0.01 1 72 0
13872 313.207 7.98348 0.01 1 94 0
13875 310.495 7.95816 0.01 1 72 0
13890 310.481 8.03004 0.01 1 72 0
13925 312.828 8.02696 0.01 1 95 0
13961 312.828 7.83965 0.01 1 95 0
13966 310.715 7.94662 0.01 1 72 0
14053 303.272 8.03074 0.01 1 44 0
14077 312.828 7.83965 0.01 1 95 0
14091 308.168 8.05531 0.01 1 72 0
14110 308.656 7.81631 0.01 1 72 0
14146 303.272 8.07309 0.01 1 44 0
14157 313.207 7.98348 0.01 1 94 0
14166 308.951 8.27015 0.01 1 72 0
14168 310.224 8.03362 0.01 1 72 0
14171 312.828 8.16856 0.01 1 94 0
14181 310.763 8.01445 0.01 1 72 0
14219 311.201 7.88119 0.01 1 72 -0.00173138
14223 307.84 7.98853 0.01 1 72 0
14241 310.763 7.96677 0.01 1 72 0
14248 310.763 8.01445 0.01 1 72 0
14270 312.828 8.22269 0.01 1 95 0.00273339
14329 303.272 8.03074 0.01 1 44 0
14335 303.272 8.07309 0.01 1 43 0
14373 309.515 7.98468 0.01 1 72 0
14385 309.447 8.24245 0.01 1 72 0
14415 303.272 7.92371 0.01 1 44 0
14498 310.505 8.0709 0.01 1 72 0
14502 303.272 7.92371 0.01 1 44 0
14512 303.272 7.90115 0.01 1 44 0
14564 310.566 8.06058 0.01 1 72 0
14652 310.224 8.03362 0.01 1 72 0
14681 309.843 7.81631 0.01 1 72 0
14711 315.282 7.93051 0.01 1 95 0
14715 313.207 7.98348 0.01 1 94 0
14718 308.367 8.16809 0.01 1 72 0
14756 309.843 7.76336 0.01 1 72 0
14762 303.272 8.03074 0.01 1 44 0
14764 313.207 7.98348 0.01 1 94 0
14797 312.828 8.02696 0.01 1 95 0
14824 303.272 8.07309 0.01 1 43 0
14844 310.486 8.27015 0.01 1 72 0
14860 312.828 8.02696 0.01 1 94 0
14864 307.152 8.47927 0.01 1 72 0
14941 303.272 8.03074 0.01 1 44 0
14942 303.272 8.07309 0.01 1 43 0
14984 303.272 8.03074 0.01 1 44 0
15016 307.152 8.47927 0.01 1 72 0
15030 303.272 8.03074 0.01 1 44 0
15040 307.718 8.22237 0.01 1 72 0
15097 308.187 7.92293 0.01 1 72 0
15118 314.835 7.93051 0.01 1 94 0
15165 302.447 8.07309 0.01 1 42 0
15172 310.539 7.90705 0.01 1 72 0
15222 310.763 8.01445 0.01 1 72 0
15276 310.539 7.90705 0.01 1 72 0
15320 303.272 7.90115 0.01 1 43 0
15330 303.272 8.07309 0.01 1 43 0
15361 303.272 8.07309 0.01 1 44 0
15391 310.486 8.27015 0.01 1 72 0
15415 303.272 7.90115 0.01 1 44 0
15475 303.272 8.07309 0.01 1 44 0
15481 303.272 8.07309 0.01 1 43 0
15495 310.997 8.0709 0.01 1 72 0
15496 305.475 7.87435 0.01 1 44 0
15615 309.447 8.1108 0.01 1 72 0
15642 304.594 8.02924 0.01 1 44 0
15650 300.706 8.07309 0.01 1 44 0
15672 310.997 8.0709 0.01 1 72 0
15803 305.475 7.87435 0.01 1 44 0
15869 310.186 8.12838 0.01 1 72 0
15872 303.272 8.07309 0.01 1 44 0
15881 303.272 7.90115 0.01 1 43 0
15884 309.452 7.79138 0.01 1 72 0
15897 309.447 8.24245 0.01 1 72 0
15920 302.447 8.07309 0.01 1 43 0
15927 307.693 7.96272 0.01 1 72 0
15936 303.272 7.92371 0.01 1 44 0
15946 303.272 7.92371 0.01 1 44 0
15961 303.272 8.07309 0.01 1 43 0
15970 309.731 8.12748 0.01 1 72 0
16114 310.486 8.12595 0.01 1 72 0
16128 301.267 8.07309 0.01 1 43 0
16131 303.272 7.90115 0.01 1 44 0
16133 312.828 8.02696 0.01 1 96 0
16168 303.272 8.07309 0.01 1 44 0
16171 310.566 8.06058 0.01 1 72 0
16182 303.272 8.07309 0.01 1 43 0
16215 310.64 7.99351 0.01 1 72 0
16224 312.828 7.83965 0.01 1 96 0
16237 303.272 8.07309 0.01 1 44 0
16268 309.447 8.24833 0.01 1 72 4.17233e-07
16274 303.272 8.03074 0.01 1 44 0
16296 312.839 8.16928 0.01 1 94 0
16298 305.475 8.02924 0.01 1 44 0
16307 303.272 7.90115 0.01 1 44 0
16328 307.106 8.15429 0.01 1 72 0
16399 312.658 8.07528 0.01 1 94 0
16432 310.539 7.90705 0.01 1 72 0
16463 303.272 8.20016 0.01 1 44 0
16468 312.828 8.02696 0.01 1 94 0
16479 302.447 8.07309 0.01 1 43 0
16486 307.575 7.86679 0.01 1 72 0
16489 312.828 8.02696 0.01 1 94 0
16494 303.272 8.03074 0.01 1 44 0
16503 303.272 7.90115 0.01 1 43 0
16520 308.367 8.16809 0.01 1 72 0
16531 312.828 8.02696 0.01 1 94 0
16560 312.304 8.12595 0.01 1 72 0
16584 303.272 7.92371 0.01 1 44 0
16598 309.68 7.93473 0.01 1 72 0
16608 308.168 8.05531 0.01 1 72 0
16666 309.843 7.81692 0.01 1 72 0
16687 306.191 8.13415 0.01 1 72 0
16700 303.272 8.07309 0.01 1 44 0
16707 304.189 8.07309 0.01 1 43 -0.013404
16740 312.828 8.01056 0.01 1 94 0
16747 312.828 8.02696 0.01 1 94 0
16781 305.475 8.02924 0.01 1 44 0
16784 309.447 8.24245 0.01 1 72 0
16802 309.447 8.24245 0.01 1 72 0
16804 303.272 8.03074 0.01 1 44 0
16806 303.272 8.03074 0.01 1 44 0
16808 310.763 8.01445 0.01 1 72 0
16819 310.207 8.20148 0.01 1 72 0
16833 314.307 8.02696 0.01 1 95 0.0217068
16859 308.546 7.82012 0.01 1 72 -3.05474e-06
16881 314.835 7.93051 0.01 1 95 0
16907 309.421 8.07338 0.01 1 72 0
16933 303.272 8.05242 0.01 1 44 0.000334129
16934 303.272 8.07309 0.01 1 43 0
16936 303.272 8.07309 0.01 1 44 0
16967 312.828 8.02696 0.01 1 95 0
17037 303.272 7.90115 0.01 1 43 0
17046 303.272 8.07309 0.01 1 43 0
17083 306.191 8.11471 0.01 1 72 0
17094 303.272 8.03074 0.01 1 44 0
17135 310.997 8.0709 0.01 1 72 0
17141 313.207 7.98348 0.01 1 94 0
17150 308.367 8.16809 0.01 1 72 0
17183 312.839 7.91338 0.01 1 94 0
17226 309.843 7.8061 0.01 1 72 0
17235 304.651 8.07309 0.01 1 44 0
17274 303.272 8.07309 0.01 1 44 0
17354 307.152 8.47927 0.01 1 72 0
17391 312.828 8.02696 0.01 1 95 0
17411 303.272 7.92371 0.01 1 44 0
17414 312.828 8.02696 0.01 1 94 0
17444 312.828 8.02696 0.01 1 95 0
17445 303.272 8.07309 0.01 1 43 0
17446 303.272 8.07309 0.01 1 43 0
17493 309.191 8.05269 0.01 1 72 0
17496 303.272 8.07309 0.01 1 43 0
17519 310.186 7.97504 0.01 1 72 0
17549 307.538 8.10254 0.01 1 72 0
17604 300.706 8.07309 0.01 1 44 0
17626 303.272 8.03074 0.01 1 44 0
17630 308.168 8.05531 0.01 1 72 0
17678 310.186 8.12838 0.01 1 72 0
17679 312.839 7.98348 0.01 1 94 0
17685 303.272 7.90115 0.01 1 43 0
17711 307.006 7.87435 0.01 1 44 0
17753 303.272 8.03074 0.01 1 44 0
17765 307.644 8.16939 0.01 1 72 0
17768 310.355 8.17968 0.01 1 72 0
17827 303.272 8.07309 0.01 1 44 0
17828 303.272 8.03074 0.01 1 44 0
17859 305.475 7.87435 0.01 1 44 0
17895 310.763 8.01445 0.01 1 72 0
17901 303.272 8.03074 0.01 1 44 0
17913 303.272 8.07309 0.01 1 43 0
17951 303.272 8.07309 0.01 1 44 0
17966 307.006 7.87435 0.01 1 44 -0.019889
17981 303.272 8.07309 0.01 1 43 0
17990 310.227 7.98705 0.01 1 72 0
18009 303.545 7.90115 0.01 1 43 -0.00409835
18014 309.843 7.8061 0.01 1 72 0
18022 312.828 7.93051 0.01 1 94 0
18027 303.272 8.03074 0.01 1 43 0
18040 303.272 8.03074 0.01 1 44 0
18042 308.168 8.05531 0.01 1 72 0
18066 303.272 7.90115 0.01 1 44 0
18111 304.008 8.07309 0.01 1 42 0
18155 305.475 7.87435 0.01 1 44 0
18156 303.272 8.03074 0.01 1 44 0
18162 313.207 7.98348 0.01 1 94 0
18279 303.272 7.90115 0.01 1 44 0
18280 303.272 8.07309 0.01 1 43 0
18297 314.835 7.93051 0.01 1 95 0
18363 312.839 8.16928 0.01 1 94 0
18391 303.272 8.07309 0.01 1 44 0
18429 312.828 8.02696 0.01 1 95 0
18452 312.828 8.02696 0.01 1 95 0
18511 312.828 7.82766 0.01 1 94 -0.00271623
18527 310.481 8.03004 0.01 1 72 0
18545 309.447 8.1108 0.01 1 72 0
18547 305.475 8.02924 0.01 1 44 0
18620 312.839 7.98348 0.01 1 94 0
18658 312.828 8.02696 0.01 1 95 0
18682 310.505 8.0709 0.01 1 72 0
18713 303.272 8.07309 0.01 1 44 0
18719 310.486 8.27015 0.01 1 72 0
18727 305.475 8.02924 0.01 1 44 0
18728 312.439 7.99571 0.01 1 94 -0.00583008
18756 303.272 8.07309 0.01 1 44 0
18757 303.272 8.07309 0.01 1 43 0
18765 312.828 8.02696 0.01 1 94 0
18790 308.367 8.16809 0.01 1 72 0
18834 309.187 8.0508 0.01 1 72 0
18853 309.843 7.81692 0.01 1 72 0
18880 313.207 7.98348 0.01 1 94 0
18882 310.486 8.27015 0.01 1 72 0
18913 312.828 8.16856 0.01 1 94 0
18977 312.839 7.98348 0.01 1 94 0
19018 303.272 8.07309 0.01 1 44 0
19022 310.763 7.96677 0.01 1 72 0
19032 303.742 8.03074 0.01 1 44 -0.0070314
19109 309.187 8.0508 0.01 1 72 0
19112 308.994 7.82012 0.01 1 72 0.000331864
19115 303.272 8.03074 0.01 1 43 0
19119 303.272 8.03074 0.01 1 44 0
19138 310.495 7.95816 0.01 1 72 0
19161 315.282 7.93051 0.01 1 94 0
19166 307.718 8.22237 0.01 1 72 0
19179 315.282 7.93051 0.01 1 95 0
19192 303.272 8.03074 0.01 1 43 0
19214 312.828 8.02696 0.01 1 94 0
19220 310.566 8.06058 0.01 1 72 0
19235 311.053 8.07406 0.01 1 72 4.88758e-06
19237 303.272 8.07309 0.01 1 44 0
19246 310.227 7.98705 0.01 1 72 0
19248 315.282 7.93051 0.01 1 95 0
19282 303.272 8.07309 0.01 1 43 0
19285 310.64 7.99351 0.01 1 72 0
19354 310.495 7.95816 0.01 1 72 0
19364 303.272 8.07309 0.01 1 43 0
19414 310.486 8.27015 0.01 1 72 0
19424 312.828 7.83965 0.01 1 96 0
19425 307.718 8.22237 0.01 1 72 0
19457 302.447 8.07309 0.01 1 42 0
19488 310.566 8.06058 0.01 1 72 0
19502 303.272 8.07309 0.01 1 44 0
19515 304.594 8.02924 0.01 1 43 0.0120813
19537 303.272 8.03074 0.01 1 44 0
19560 307.468 8.15065 0.01 1 72 0
19582 305.475 8.02924 0.01 1 44 0
19616 303.272 8.07309 0.01 1 44 0
19632 303.272 8.03074 0.01 1 44 0
19653 312.828 8.02696 0.01 1 95 0
19683 308.269 7.86732 0.01 1 72 0
19693 303.272 7.92371 0.01 1 44 0
19720 303.272 7.90115 0.01 1 44 0
19732 310.486 8.12595 0.01 1 72 0
19770 310.997 8.0709 0.01 1 72 0
19783 313.207 7.98348 0.01 1 95 0
19784 307.006 7.87435 0.01 1 44 0
19817 305.588 8.01974 0.01 1 44 0
19831 310.486 8.27015 0.01 1 72 0
19864 303.272 7.92371 0.01 1 44 0
19867 312.828 8.02696 0.01 1 94 0
19923 303.272 8.07309 0.01 1 43 0
19932 310.763 7.96677 0.01 1 72 0
19943 307.575 7.86679 0.01 1 72 0
19959 304.008 8.07309 0.01 1 43 0
19994 303.272 8.07309 0.01 1 44 0
20006 306.752 7.96805 0.01 1 72 0
20039 302.984 8.13304 0.01 1 72 -0.0267038
20048 309.843 7.8061 0.01 1 72 0
20077 308.012 8.14156 0.01 1 72 0
20101 303.272 8.03074 0.01 1 44 0
20121 308.168 8.05531 0.01 1 72 0
20122 303.272 8.03074 0.01 1 44 0
20134 303.272 7.90115 0.01 1 44 0
20167 300.706 8.07309 0.01 1 42 0
20182 312.839 7.98348 0.01 1 94 0
20188 313.207 7.98348 0.01 1 94 0
20198 303.272 8.03074 0.01 1 44 0
20237 309.191 8.05269 0.01 1 72 0
20258 310.539 7.90705 0.01 1 72 0
20261 310.566 8.06058 0.01 1 72 0
20280 315.282 7.93051 0.01 1 95 0
20292 309.278 8.26798 0.01 1 72 0
20324 308.367 8.16809 0.01 1 72 0
20336 312.828 8.02696 0.01 1 96 0
20376 310.814 7.8061 0.01 1 72 0
20421 308.445 8.03398 0.01 1 72 0
20436 309.447 8.24245 0.01 1 72 0
20437 310.489 8.29596 0.01 1 72 0
20467 312.828 8.02696 0.01 1 94 0
20473 303.272 8.07309 0.01 1 44 0
20483 314.835 7.93051 0.01 1 94 0
20496 305.475 8.02924 0.01 1 44 0
20497 303.272 8.07309 0.01 1 43 0
20553 307.384 7.97381 0.01 1 72 0
20568 309.447 8.24245 0.01 1 72 0
20621 303.272 7.90115 0.01 1 44 0
20625 303.272 8.07309 0.01 1 44 0
20643 313.207 7.98348 0.01 1 94 0
20666 303.272 8.07309 0.01 1 42 0
20677 306.617 8.02924 0.01 1 43 -0.0144492
20700 310.495 7.95816 0.01 1 72 0
20718 313.207 7.98348 0.01 1 94 0
20731 310.486 8.27015 0.01 1 72 0
20734 303.272 8.03074 0.01 1 44 0
20736 310.505 8.0709 0.01 1 72 0
20743 309.191 8.05269 0.01 1 72 0
20756 303.272 8.03074 0.01 1 43 0
20831 310.566 8.06058 0.01 1 72 0
20837 310.957 7.8061 0.01 1 72 -0.000856131
20845 310.486 8.27015 0.01 1 72 0
20856 310.505 8.0709 0.01 1 72 0
20859 303.272 8.07309 0.01 1 44 0
20866 303.272 8.03074 0.01 1 44 0
20902 312.828 8.01056 0.01 1 94 0
20970 312.828 8.16856 0.01 1 94 0
20983 310.224 8.03362 0.01 1 72 0
20991 306.617 8.02924 0.01 1 43 0
20995 302.447 8.07309 0.01 1 43 0
21012 312.828 8.16856 0.01 1 94 0
21025 312.828 8.05139 0.01 1 94 0
21140 310.539 7.90705 0.01 1 72 0
21167 312.828 8.02696 0.01 1 94 0
21169 303.108 8.03074 0.01 1 44 0
21192 310.186 7.78398 0.01 1 72 0
21259 303.272 8.07309 0.01 1 44 0
21283 305.475 8.02924 0.01 1 43 0
21291 304.651 8.07309 0.01 1 44 -0.020306
21315 310.763 8.01445 0.01 1 72 0
21328 303.272 8.07309 0.01 1 44 0
21349 303.272 8.03074 0.01 1 44 0
21354 303.272 8.07309 0.01 1 44 0
21360 313.207 7.98348 0.01 1 94 0
21386 303.272 8.03074 0.01 1 44 0
21389 302.447 8.07309 0.01 1 43 0
21437 310.715 7.94662 0.01 1 72 0
21439 310.763 8.01445 0.01 1 72 0
21442 303.272 8.03074 0.01 1 44 0
21457 303.272 8.03074 0.01 1 43 0
21476 300.706 8.07309 0.01 1 43 0
21486 312.828 8.02696 0.01 1 94 0
21495 310.566 8.06058 0.01 1 72 0
21514 309.843 7.81631 0.01 1 72 0
21520 303.272 8.07309 0.01 1 44 0
21528 302.447 8.07309 0.01 1 42 0
21544 308.367 8.16809 0.01 1 72 0
21548 312.839 7.91338 0.01 1 94 0
