max_pf 95 min_pf 32
individual T0 sigma disp_rate r0 patch_no mut_eff
4 302.485 8.05369 0.01 1 34 0
11 305.523 7.84726 0.01 1 72 0
33 300.925 8.07122 0.01 1 34 0
81 313.412 8.08577 0.01 1 93 0
98 302.917 8.08493 0.01 1 33 0
106 300.021 8.13588 0.01 1 34 0
110 313.412 8.00865 0.01 1 93 -0.000818804
131 309.929 7.91836 0.01 1 72 0
142 309.668 7.61007 0.01 1 72 0
209 301.926 8.07122 0.01 1 34 0
277 313.412 8.08577 0.01 1 93 0
292 312.384 8.24642 0.01 1 94 0
324 310.592 7.70562 0.01 1 72 0
333 302.917 8.07122 0.01 1 34 0
343 305.514 7.74603 0.01 1 72 0
432 301.41 8.04357 0.01 1 34 0
466 308.537 8.34033 0.01 1 72 0
484 300.021 8.07122 0.01 1 34 0
523 307.916 7.89873 0.01 1 72 0
529 301.03 8.0565 0.01 1 34 0
535 301.03 8.07122 0.01 1 34 0
547 302.233 8.07122 0.01 1 33 0
550 309.83 7.89909 0.01 1 72 0
562 315.566 8.01648 0.01 1 94 0
574 312.384 8.03372 0.01 1 93 0
599 302.485 8.05369 0.01 1 34 0
632 305.523 7.84726 0.01 1 72 0
642 312.044 8.08577 0.01 1 93 0
663 301.926 8.13256 0.01 1 34 0
691 301.03 8.07122 0.01 1 32 0
709 301.03 8.07122 0.01 1 33 0
712 311.809 8.01648 0.01 1 94 0
787 312.906 8.2948 0.01 1 93 0
800 310.632 8.17101 0.01 1 72 0
830 311.511 7.96376 0.01 1 72 0
895 301.03 8.07122 0.01 1 34 0
902 308.911 7.93279 0.01 1 72 0
911 311.809 8.01648 0.01 1 95 0
933 301.03 8.07122 0.01 1 33 0
950 307.969 7.78741 0.01 1 72 0
1016 301.03 8.07122 0.01 1 33 0
1026 301.41 8.04357 0.01 1 34 0
1064 301.03 8.07122 0.01 1 33 0
1079 311.427 7.91539 0.01 1 93 0
1085 301.41 8.04357 0.01 1 33 0
1089 315.566 8.01648 0.01 1 94 0
1090 309.557 8.13836 0.01 1 72 0
1114 312.384 8.03372 0.01 1 95 0
1116 301.03 8.07122 0.01 1 33 0
1175 312.384 8.03372 0.01 1 93 0
1241 315.566 8.01648 0.01 1 94 0
1260 309.301 7.70562 0.01 1 72 0
1264 301.926 8.07122 0.01 1 34 0
1288 309.319 8.20045 0.01 1 72 0
1355 313.412 8.13538 0.01 1 93 0.000516713
1401 308.486 8.36341 0.01 1 72 0
1418 312.384 8.24642 0.01 1 94 0
1427 309.319 8.20045 0.01 1 72 0
1465 306.982 8.30972 0.01 1 72 0
1488 310.714 7.96533 0.01 1 72 0
1493 315.566 8.01648 0.01 1 94 0
1518 307.388 7.64972 0.01 1 72 0
1526 300.021 8.07122 0.01 1 34 0
1532 312.384 8.24642 0.01 1 94 0
1539 308.006 8.18885 0.01 1 72 0
1561 311.185 8.08577 0.01 1 95 0.00923594
1638 309.837 7.821 0.01 1 72 0
1648 309.319 8.20045 0.01 1 72 0
1651 308.438 8.08875 0.01 1 72 0
1658 301.975 8.07122 0.01 1 34 0
1683 306.92 8.36341 0.01 1 72 0
1684 300.925 8.07122 0.01 1 34 0
1708 313.412 8.08577 0.01 1 93 0
1718 308.537 8.34033 0.01 1 72 0
1720 309.028 7.83878 0.01 1 72 0
1723 313.412 8.08547 0.01 1 94 -3.21865e-06
1738 300.021 8.07122 0.01 1 34 0
1753 307.388 7.64972 0.01 1 72 0
1792 309.141 8.04008 0.01 1 72 0
1839 301.926 8.07122 0.01 1 34 0
1854 312.384 8.24642 0.01 1 94 0
1859 312.906 8.11198 0.01 1 93 0
1869 309.141 8.04008 0.01 1 72 0
1892 315.566 8.01648 0.01 1 94 0
1904 302.485 8.05369 0.01 1 34 0
1933 300.021 8.07122 0.01 1 34 0
2011 314.49 8.01648 0.01 1 93 0
2035 315.566 8.01648 0.01 1 93 0
2044 309.837 7.821 0.01 1 72 0
2072 315.566 8.01648 0.01 1 94 0
2117 312.384 8.24642 0.01 1 94 0
2128 313.412 8.08577 0.01 1 93 0
2150 309.221 7.89612 0.01 1 72 0
2180 312.384 8.21529 0.01 1 95 0
2244 311.112 7.70562 0.01 1 72 -0.00313178
2283 303.779 8.07122 0.01 1 33 -0.0156984
2285 301.41 8.04357 0.01 1 33 0
2292 301.41 8.04357 0.01 1 33 0
2347 311.197 7.61007 0.01 1 72 0
2422 309.301 7.81519 0.01 1 72 0
2425 308.911 7.97809 0.01 1 72 0
2449 309.837 7.92415 0.01 1 72 0
2501 306.7 8.0268 0.01 1 72 0
2513 315.566 8.01648 0.01 1 94 0
2549 301.03 8.07122 0.01 1 33 0
2557 314.49 8.01648 0.01 1 94 0
2570 316.297 8.01648 0.01 1 93 0
2573 311.901 8.08577 0.01 1 93 0
2595 309.837 7.92415 0.01 1 72 0
2601 300.021 8.07122 0.01 1 34 0
2604 315.566 8.01648 0.01 1 93 0
2653 312.384 8.03372 0.01 1 94 0
2711 309.392 8.09587 0.01 1 72 0
2893 309.221 7.89612 0.01 1 72 0
2919 309.154 8.05728 0.01 1 72 0
2954 300.622 8.23349 0.01 1 34 0
2971 306.982 8.22596 0.01 1 72 0
3084 301.926 8.07122 0.01 1 33 0
3097 307.193 7.79435 0.01 1 72 0
3134 315.566 8.01648 0.01 1 94 0
3170 310.632 8.17101 0.01 1 72 0
3209 315.566 8.01648 0.01 1 94 0
3235 312.384 8.24642 0.01 1 95 0
3267 312.906 8.2476 0.01 1 95 0.00164643
3277 301.41 8.04357 0.01 1 34 0
3298 313.914 8.22659 0.01 1 93 0
3312 301.03 8.07122 0.01 1 34 0
3315 301.03 8.0565 0.01 1 33 0
3335 309.301 7.70562 0.01 1 72 0
3372 315.566 7.97295 0.01 1 94 0
3402 300.408 8.04357 0.01 1 34 0
3415 309.319 8.20045 0.01 1 72 0
3437 308.969 8.2305 0.01 1 72 0
3528 309.301 7.81519 0.01 1 72 0
3566 301.03 8.07122 0.01 1 34 0
3644 301.926 8.07122 0.01 1 34 0
3655 301.03 8.07122 0.01 1 33 0
3663 307.969 7.78741 0.01 1 72 0
3683 309.301 7.70562 0.01 1 72 0
3694 307.13 8.17498 0.01 1 72 0
3745 300.021 8.23503 0.01 1 34 0
3794 301.926 8.13256 0.01 1 34 0
3796 305.523 7.84726 0.01 1 72 0
3862 307.814 7.86056 0.01 1 72 0
3887 312.484 7.87212 0.01 1 93 -0.00174817
3893 315.566 8.01648 0.01 1 93 0
3908 309.301 7.86397 0.01 1 72 0
3909 311.901 8.08577 0.01 1 93 0
3933 308.502 8.1212 0.01 1 72 0.000679508
3958 300.021 8.07122 0.01 1 34 0
3977 313.914 8.17322 0.01 1 93 0
4014 302.014 8.07122 0.01 1 34 0
4039 310.105 7.70562 0.01 1 72 0
4129 309.154 7.65502 0.01 1 72 0
4139 315.566 7.97295 0.01 1 94 0
4149 300.021 8.23503 0.01 1 34 0
4160 308.969 8.2305 0.01 1 72 0
4170 308.911 7.97809 0.01 1 72 0
4205 309.392 8.09587 0.01 1 72 0
4277 309.067 8.15121 0.01 1 72 0
4327 301.926 8.07122 0.01 1 33 0
4356 312.384 8.21529 0.01 1 95 0
4370 306.7 8.0268 0.01 1 72 0
4374 309.392 8.09587 0.01 1 72 0
4387 307.919 7.9104 0.01 1 72 0
4389 309.154 8.30068 0.01 1 72 0
4401 315.566 8.01648 0.01 1 94 0
4448 308.419 8.08854 0.01 1 72 0
4465 308.911 7.93279 0.01 1 72 0
4501 315.566 8.01648 0.01 1 94 0
4570 301.926 8.07122 0.01 1 34 0
4608 308.438 8.08875 0.01 1 72 0
4624 309.154 7.71824 0.01 1 72 0
4671 301.03 8.07122 0.01 1 34 0
4702 309.392 8.09587 0.01 1 72 0
4709 309.668 7.61007 0.01 1 72 0
4713 309.392 8.09587 0.01 1 72 0
4718 300.021 8.07122 0.01 1 34 0
4775 307.13 8.17498 0.01 1 72 0
4780 300.925 8.07122 0.01 1 34 0
4800 315.566 8.01648 0.01 1 93 0
4840 307.969 7.78741 0.01 1 72 0
4863 310.632 8.17101 0.01 1 72 0
4879 301.926 7.97039 0.01 1 34 0
4938 307.969 7.69849 0.01 1 72 0
4959 305.523 7.84726 0.01 1 72 0
4972 300.925 8.07122 0.01 1 34 0
5009 305.514 7.74603 0.01 1 72 0
5024 301.926 8.07122 0.01 1 34 0
5077 312.384 8.24642 0.01 1 93 0
5080 309.301 7.81519 0.01 1 72 0
5099 301.41 8.04357 0.01 1 33 0
5100 310.592 7.70562 0.01 1 72 0
5102 307.969 7.78741 0.01 1 72 0
5109 307.219 8.19153 0.01 1 72 0
5123 301.926 8.07122 0.01 1 34 0
5132 311.509 8.07891 0.01 1 94 0
5178 313.914 8.22659 0.01 1 93 0
5222 312.906 8.2948 0.01 1 93 0
5228 315.566 8.01648 0.01 1 93 0
5249 301.03 8.07122 0.01 1 34 0
5307 307.919 7.9104 0.01 1 72 0
5320 312.384 8.03372 0.01 1 95 0
5339 315.566 8.01648 0.01 1 93 0
5403 312.044 8.08577 0.01 1 94 0
5469 309.557 8.13836 0.01 1 72 0
5484 308.006 8.18885 0.01 1 72 0.000576943
5526 301.03 8.07122 0.01 1 34 0
5564 301.03 8.0565 0.01 1 33 0
5586 312.384 8.21529 0.01 1 95 0
5588 313.914 8.22659 0.01 1 94 0
5621 309.862 8.55156 0.01 1 72 0
5631 315.566 8.01648 0.01 1 94 0
5675 308.006 8.18885 0.01 1 72 0
5747 308.693 8.25072 0.01 1 72 0
5773 301.926 8.07122 0.01 1 33 0
5815 307.193 7.78419 0.01 1 72 0
5842 311.186 7.91055 0.01 1 72 0
5856 300.021 8.07122 0.01 1 34 0
5907 307.969 7.78741 0.01 1 72 0
5924 307.969 7.78741 0.01 1 72 0
5968 301.926 8.07122 0.01 1 34 0
5998 311.112 7.70562 0.01 1 72 0
6008 306.7 8.0268 0.01 1 72 0
6025 310.105 7.70562 0.01 1 72 0
6038 309.141 8.04008 0.01 1 72 0
6042 301.926 8.07122 0.01 1 34 0
6046 313.412 8.08577 0.01 1 93 0
6069 311.901 8.08577 0.01 1 93 0
6076 309.954 8.08485 0.01 1 72 0
6108 309.668 7.61007 0.01 1 72 0
6110 307.808 7.78419 0.01 1 72 0
6130 315.566 8.01648 0.01 1 94 0
6186 308.911 7.95578 0.01 1 72 0
6244 301.41 8.04357 0.01 1 33 0
6250 301.03 8.0565 0.01 1 33 0
6254 301.926 7.85656 0.01 1 33 0
6284 299.086 8.23503 0.01 1 33 0
6286 301.41 8.04357 0.01 1 33 0
6293 311.112 7.70562 0.01 1 72 0
6325 307.808 7.78419 0.01 1 72 0
6337 309.392 8.09587 0.01 1 72 0
6342 315.566 7.9975 0.01 1 93 0
6362 313.412 8.08577 0.01 1 93 0
6387 310.543 8.08577 0.01 1 94 0
6420 313.412 8.13538 0.01 1 93 0
6425 312.384 8.24642 0.01 1 93 0
6427 306.903 8.10166 0.01 1 72 0
6429 307.764 7.77211 0.01 1 72 0
6464 311.527 7.52318 0.01 1 72 0
6495 301.926 8.07122 0.01 1 34 0
6546 301.685 8.07122 0.01 1 34 0
6559 311.901 8.08577 0.01 1 93 0
6626 309.301 7.86397 0.01 1 72 0
6641 311.263 8.06341 0.01 1 94 0
6715 300.021 8.07122 0.01 1 34 0
6776 301.03 8.0565 0.01 1 34 0
6798 310.105 7.70562 0.01 1 72 0
6844 301.926 7.85656 0.01 1 33 0
6892 315.566 8.01648 0.01 1 94 0
6902 309.301 7.70562 0.01 1 72 0
6916 312.384 8.24642 0.01 1 95 0
6927 306.948 8.07356 0.01 1 72 0
7027 306.7 8.0268 0.01 1 72 0
7042 309.837 7.92415 0.01 1 72 0
7046 308.006 8.18885 0.01 1 72 0
7064 301.03 8.07122 0.01 1 32 0
7103 307.193 7.78419 0.01 1 72 0
7104 301.926 8.07122 0.01 1 34 0
7131 301.926 8.07122 0.01 1 34 0
7150 300.622 8.07122 0.01 1 34 0
7154 312.384 8.24642 0.01 1 95 0
7172 305.867 7.78741 0.01 1 72 0
7181 315.566 8.01833 0.01 1 93 0
7200 312.384 8.24642 0.01 1 94 0
7208 305.694 8.52503 0.01 1 72 0
7214 309.301 7.70562 0.01 1 72 0
7231 309.392 8.09587 0.01 1 72 0
7233 309.707 7.89909 0.01 1 72 0
7239 301.03 8.07122 0.01 1 33 0
7244 315.566 8.01648 0.01 1 94 0
7248 309.301 7.86397 0.01 1 72 0
7356 301.926 8.07122 0.01 1 34 0
7360 315.566 8.01648 0.01 1 93 0
7419 309.862 8.55156 0.01 1 72 0
7442 315.566 8.01648 0.01 1 93 0
7447 309.301 7.81519 0.01 1 72 0
7455 313.914 8.22659 0.01 1 93 0
7456 307.916 7.89873 0.01 1 72 0
7534 312.384 8.24642 0.01 1 93 0
7549 301.926 8.07122 0.01 1 34 0
7578 306.7 8.0268 0.01 1 72 0
7590 312.906 8.2948 0.01 1 93 0
7629 311.263 8.06341 0.01 1 94 0
7644 301.41 8.04357 0.01 1 33 0
7677 312.906 8.12346 0.01 1 95 -0.00168678
7729 301.03 8.07122 0.01 1 34 0
7764 308.537 8.22415 0.01 1 72 0
7803 315.566 8.01648 0.01 1 94 0
7811 310.526 7.52318 0.01 1 72 0
7871 315.566 8.01648 0.01 1 93 0
7880 315.566 8.01648 0.01 1 95 0
7899 300.021 8.07122 0.01 1 34 0
7923 309.301 7.70562 0.01 1 72 0
7933 308.438 8.08875 0.01 1 72 0
7949 301.03 8.0565 0.01 1 33 0
7953 309.301 7.88162 0.01 1 72 0
7960 305.523 7.84726 0.01 1 72 0
7986 308.942 7.98218 0.01 1 72 0
8045 311.186 7.91055 0.01 1 72 0
8048 307.969 7.78741 0.01 1 72 0
8073 309.301 7.70562 0.01 1 72 0
8079 309.154 8.05728 0.01 1 72 0
8083 311.263 8.06341 0.01 1 94 0
8124 307.916 7.89873 0.01 1 72 0
8159 309.392 8.09587 0.01 1 72 0
8220 309.301 7.70562 0.01 1 72 0
8250 307.929 8.0313 0.01 1 72 0
8288 301.03 8.07122 0.01 1 33 0
8324 309.954 8.08485 0.01 1 72 0
8353 309.301 7.81519 0.01 1 72 0
8364 309.154 7.71824 0.01 1 72 0
8380 307.764 7.77211 0.01 1 72 0
8395 309.154 8.05728 0.01 1 72 0
8416 307.825 8.1612 0.01 1 72 0
8453 300.021 8.07122 0.01 1 34 0
8460 307.13 8.17498 0.01 1 72 0
8466 300.021 8.07122 0.01 1 34 0
8472 315.566 8.00355 0.01 1 93 -6.85751e-05
8504 301.03 8.0565 0.01 1 34 0
8505 301.987 8.07122 0.01 1 34 0
8533 304.884 8.42469 0.01 1 72 0
8584 307.193 7.79435 0.01 1 72 0
8614 300.021 8.07122 0.01 1 34 0
8615 301.926 8.07122 0.01 1 34 0
8682 308.438 8.08875 0.01 1 72 0
8718 315.566 8.01648 0.01 1 93 0
8729 312.384 8.24642 0.01 1 94 0
8730 315.566 8.01648 0.01 1 94 0
8767 313.412 8.08577 0.01 1 93 0
8803 312.384 8.24642 0.01 1 94 0
8834 300.021 8.07122 0.01 1 34 0
8849 315.566 8.01648 0.01 1 93 0
8854 307.808 7.78419 0.01 1 72 0
8861 311.901 8.08577 0.01 1 93 0
8931 301.03 8.0565 0.01 1 34 0
8953 308.174 8.2417 0.01 1 72 0
9019 315.566 8.01833 0.01 1 93 0
9047 309.837 7.92415 0.01 1 72 0
9063 300.622 8.23349 0.01 1 33 0
9091 308.537 8.22415 0.01 1 72 0
9104 315.566 7.90035 0.01 1 94 0
9111 300.925 8.07122 0.01 1 34 0
9125 307.13 8.17498 0.01 1 72 0
9225 311.809 8.01648 0.01 1 93 0
9244 300.021 8.13588 0.01 1 34 0
9248 301.926 8.07122 0.01 1 34 0
9301 309.557 8.13836 0.01 1 72 0
9321 315.566 8.01648 0.01 1 94 0
9356 307.969 7.78741 0.01 1 72 0
9357 313.412 8.08577 0.01 1 93 0
9389 307.13 8.17498 0.01 1 72 0
9403 313.412 8.08577 0.01 1 93 0
9414 311.527 7.52318 0.01 1 72 0
9417 301.685 8.07122 0.01 1 34 0
9476 316.163 7.98837 0.01 1 93 0.00608969
9524 301.03 8.07122 0.01 1 34 0
9548 306.7 8.0268 0.01 1 72 0
9590 312.906 8.2948 0.01 1 93 0
9622 301.926 8.07122 0.01 1 34 0
9634 309.392 8.09587 0.01 1 72 0
9635 301.41 8.04357 0.01 1 33 0
9653 315.566 8.01648 0.01 1 93 0
9672 313.412 8.08577 0.01 1 93 0
9676 313.914 8.22659 0.01 1 93 0
9690 313.412 8.08577 0.01 1 93 0
9707 309.319 8.20045 0.01 1 72 0
9765 309.301 7.70562 0.01 1 72 0
9771 300.021 8.07122 0.01 1 34 0
9783 309.837 7.821 0.01 1 72 0
9826 301.926 8.07122 0.01 1 34 0
9833 300.622 8.23349 0.01 1 34 0
9932 313.914 8.07548 0.01 1 93 0
9968 311.186 7.91055 0.01 1 72 0
10008 307.281 8.31306 0.01 1 72 0
10058 307.969 7.78741 0.01 1 72 0
10075 309.154 7.71824 0.01 1 72 0
10079 308.537 8.34033 0.01 1 72 0
10111 309.221 7.89612 0.01 1 72 0
10145 301.926 8.07122 0.01 1 34 0
10230 301.926 8.07122 0.01 1 34 0
10239 301.03 8.07122 0.01 1 33 0
10313 312.384 8.03372 0.01 1 95 0
10343 300.021 8.07122 0.01 1 34 0
10397 309.301 7.81519 0.01 1 72 0
10405 308.438 8.08875 0.01 1 72 0
10414 312.044 8.08577 0.01 1 93 0
10449 309.301 7.70562 0.01 1 72 0
10481 311.511 7.96376 0.01 1 72 0
10577 312.384 8.24642 0.01 1 94 0
10642 313.412 8.08577 0.01 1 93 0
10647 301.41 8.04357 0.01 1 33 0
10660 301.926 8.07122 0.01 1 34 0
10661 313.412 8.08577 0.01 1 93 0
10668 315.566 8.01648 0.01 1 94 0
10671 309.668 7.61007 0.01 1 72 0
10719 301.926 8.07122 0.01 1 34 0
10779 307.969 7.78741 0.01 1 72 0
10796 309.029 8.25072 0.01 1 72 0
10820 301.03 8.07122 0.01 1 33 0
10869 308.969 8.2305 0.01 1 72 0
10898 311.901 8.08577 0.01 1 93 0
10920 300.021 8.07122 0.01 1 34 0
10938 306.92 8.36341 0.01 1 72 0
11000 301.926 8.07122 0.01 1 34 0
11017 311.186 7.91055 0.01 1 72 0
11033 315.566 8.01648 0.01 1 93 0
11067 311.901 8.08577 0.01 1 93 0
11083 315.566 8.01648 0.01 1 93 0
11135 312.044 8.08577 0.01 1 94 0
11151 309.154 7.71824 0.01 1 72 0
11267 301.41 8.04357 0.01 1 33 0
11271 307.919 7.9104 0.01 1 72 0
11276 308.942 7.98218 0.01 1 72 0
11289 301.926 8.07122 0.01 1 33 0
11298 300.021 8.23503 0.01 1 33 0
11311 301.926 8.07122 0.01 1 34 0
11350 301.685 8.07122 0.01 1 34 0
11356 309.392 8.09587 0.01 1 72 0
11387 300.021 8.07122 0.01 1 34 0
11419 300.925 8.07122 0.01 1 34 0
11422 309.668 7.61007 0.01 1 72 0
11424 314.49 8.01648 0.01 1 95 0
11484 301.324 8.07122 0.01 1 34 -0.00384396
11534 309.668 7.61007 0.01 1 72 0
11539 301.03 8.07122 0.01 1 33 0
11603 309.154 7.71824 0.01 1 72 0
11632 307.13 8.17498 0.01 1 72 0
11638 315.566 8.01648 0.01 1 94 0
11647 315.566 8.01648 0.01 1 94 0
11686 308.006 8.18885 0.01 1 72 0
11709 307.929 8.0313 0.01 1 72 0
11746 307.919 7.9104 0.01 1 72 0
11762 299.808 8.13588 0.01 1 34 0.00302247
11784 311.968 8.24642 0.01 1 94 -0.00606861
11832 306.15 7.94207 0.01 1 72 0
11907 301.03 8.07122 0.01 1 34 0
11915 309.221 7.89612 0.01 1 72 0
11916 311.112 7.70562 0.01 1 72 0
11923 308.969 8.2305 0.01 1 72 0
11969 307.281 8.31306 0.01 1 72 0
12000 312.384 8.30461 0.01 1 93 0
12004 315.566 8.01648 0.01 1 93 0
12010 314.49 8.01648 0.01 1 94 0
12076 315.566 8.01648 0.01 1 94 0
12084 301.685 8.07122 0.01 1 34 0
12150 305.514 7.74603 0.01 1 72 0
12153 313.914 8.22659 0.01 1 94 0
12202 305.514 7.74603 0.01 1 72 0
12204 307.13 8.17498 0.01 1 72 0
12216 308.438 8.08875 0.01 1 72 0
12217 307.13 8.17498 0.01 1 72 0
12305 310.158 8.36341 0.01 1 72 -0.00152254
12310 312.384 8.24642 0.01 1 94 0
12336 307.13 8.17498 0.01 1 72 0
12359 300.021 8.13588 0.01 1 34 0.00112884
12398 301.03 8.0565 0.01 1 34 0
12482 313.914 8.22659 0.01 1 93 0
12555 300.925 8.07122 0.01 1 34 0
12561 309.837 7.821 0.01 1 72 0
12582 311.263 8.06341 0.01 1 94 0
12586 315.566 8.01833 0.01 1 93 0
12649 308.537 8.22415 0.01 1 72 0
12651 309.557 8.13836 0.01 1 72 0
12691 301.41 8.04357 0.01 1 33 0
12694 300.021 8.07122 0.01 1 34 0
12695 309.929 7.91836 0.01 1 72 0
12751 313.412 8.08577 0.01 1 93 0
12778 315.566 8.01833 0.01 1 93 0
12808 306.582 8.18039 0.01 1 72 0
12837 308.438 8.08875 0.01 1 72 0
12854 311.511 7.96376 0.01 1 72 0
12867 309.141 8.04008 0.01 1 72 0
12916 312.384 8.0331 0.01 1 93 -0.000796199
12943 311.437 8.09269 0.01 1 93 0
12946 302.233 8.07122 0.01 1 33 0
12952 306.763 7.78741 0.01 1 72 0
12973 301.926 8.07122 0.01 1 34 0
12982 308.438 8.08875 0.01 1 72 0
13030 312.384 8.24642 0.01 1 95 0
13077 301.926 8.07122 0.01 1 34 0
13124 313.412 8.08577 0.01 1 93 0
13164 309.221 7.89612 0.01 1 72 0
13279 312.044 8.08577 0.01 1 93 0
13333 301.03 8.0565 0.01 1 33 0
13355 315.566 8.01833 0.01 1 93 0
13405 312.384 8.4625 0.01 1 95 0.00302599
13417 307.388 7.64972 0.01 1 72 0
13431 301.926 8.13256 0.01 1 34 0
13462 307.969 7.78741 0.01 1 72 0
13474 309.392 8.09587 0.01 1 72 0
13500 301.03 8.0565 0.01 1 34 0
13516 308.537 8.34033 0.01 1 72 0
13530 301.41 8.04357 0.01 1 34 0
13601 301.03 8.07122 0.01 1 34 0
13659 307.969 7.78741 0.01 1 72 0
13660 315.566 8.01833 0.01 1 93 0
13767 309.301 7.70562 0.01 1 72 0
13804 301.926 7.85656 0.01 1 34 0
13861 301.926 8.07122 0.01 1 34 0
13917 307.357 8.18039 0.01 1 72 0
13927 301.926 8.07122 0.01 1 34 0
13986 312.384 8.24642 0.01 1 93 0
14032 301.926 8.07122 0.01 1 34 0
14036 312.384 8.03372 0.01 1 95 0
14050 315.566 8.01648 0.01 1 93 0
14072 309.707 7.89909 0.01 1 72 0
14103 308.438 8.08875 0.01 1 72 0
14125 301.926 7.85656 0.01 1 33 0
14158 301.926 8.07122 0.01 1 34 0
14163 315.566 8.01648 0.01 1 94 0
14168 312.384 8.03372 0.01 1 95 0
14169 315.566 8.01648 0.01 1 94 0
14185 307.808 7.78419 0.01 1 72 0
14197 300.021 8.23503 0.01 1 34 0
14229 301.03 8.07122 0.01 1 34 0
14241 313.412 8.08577 0.01 1 93 0
14253 315.566 8.01648 0.01 1 93 0
14292 308.438 8.08875 0.01 1 72 0
14303 304.745 7.84726 0.01 1 72 0
14321 301.03 8.07122 0.01 1 33 0
14330 307.916 7.89873 0.01 1 72 0
14415 301.03 8.07122 0.01 1 34 0
14419 301.03 8.0565 0.01 1 34 0
14435 301.03 8.0565 0.01 1 33 0
14522 312.384 8.24642 0.01 1 95 0
14563 308.419 8.08854 0.01 1 72 0
14589 312.384 8.09435 0.01 1 93 0
14601 310.105 7.70562 0.01 1 72 0
14616 310.632 8.17101 0.01 1 72 0
14661 309.392 8.09587 0.01 1 72 0
14668 301.926 8.07122 0.01 1 33 0
14680 301.41 8.04357 0.01 1 34 0
14696 313.914 8.15783 0.01 1 93 0
14784 301.03 8.0565 0.01 1 34 0
14794 309.301 7.70562 0.01 1 72 0
14855 301.926 8.07122 0.01 1 34 0
14882 301.926 8.07122 0.01 1 34 0
14888 309.154 7.71824 0.01 1 72 0
14925 309.557 8.13836 0.01 1 72 0
15032 301.523 8.07122 0.01 1 34 0
15068 302.233 8.04008 0.01 1 32 -0.000550225
15098 301.03 8.07122 0.01 1 33 0
15111 315.566 8.01648 0.01 1 94 0
15351 313.914 8.22659 0.01 1 93 0
15356 315.566 8.01648 0.01 1 94 0
15393 301.03 8.0565 0.01 1 34 0
15449 315.566 8.01833 0.01 1 93 0
15462 309.028 7.83878 0.01 1 72 0
15503 312.384 8.21529 0.01 1 95 0
15636 308.502 8.1212 0.01 1 72 0
15708 301.03 8.0565 0.01 1 33 0
15722 309.154 7.65502 0.01 1 72 0
15773 309.668 7.61007 0.01 1 72 0
15788 309.301 7.9503 0.01 1 72 4.97699e-06
15793 307.969 7.78741 0.01 1 72 0
15827 308.419 8.08854 0.01 1 72 0
15854 309.557 8.13836 0.01 1 72 0
15859 312.906 8.2948 0.01 1 94 0
15860 306.7 8.0268 0.01 1 72 0
15897 308.537 8.22415 0.01 1 72 0
16024 312.384 8.24642 0.01 1 94 0
16078 306.15 7.94207 0.01 1 72 0
16297 306.372 8.00401 0.01 1 72 0
16335 301.41 8.04357 0.01 1 33 0
16339 308.911 8.0192 0.01 1 72 0
16362 311.511 7.96376 0.01 1 72 0
16385 307.916 7.89873 0.01 1 72 0
16396 308.006 8.18885 0.01 1 72 0
16409 315.566 8.01648 0.01 1 94 0
16426 301.926 8.07122 0.01 1 34 0
16431 309.837 7.821 0.01 1 72 0
16506 307.969 7.78741 0.01 1 72 0
16561 309.301 7.70562 0.01 1 72 0
16615 308.537 8.34033 0.01 1 72 0
16653 307.916 7.89873 0.01 1 72 0
16710 301.926 8.07122 0.01 1 34 0
16733 304.884 8.42469 0.01 1 72 0
16753 311.901 8.08577 0.01 1 93 0
16831 312.384 8.21529 0.01 1 95 0
16835 309.668 7.61007 0.01 1 72 0
16841 301.926 8.07122 0.01 1 34 0
16929 309.154 7.71824 0.01 1 72 0
16969 312.384 8.03372 0.01 1 95 0
16984 315.566 8.01648 0.01 1 94 0
16993 308.096 8.36341 0.01 1 72 0
16997 311.511 7.96376 0.01 1 72 0
17004 308.537 8.22415 0.01 1 72 0
17039 310.526 7.52318 0.01 1 72 0
17080 308.006 8.18885 0.01 1 72 0
17105 312.384 8.24642 0.01 1 94 0
17153 315.566 8.01833 0.01 1 93 0
17165 301.03 8.07122 0.01 1 33 0
17190 312.384 8.24642 0.01 1 95 0
17214 307.677 8.08854 0.01 1 72 0
17238 300.021 8.07122 0.01 1 34 0
17263 301.685 8.07122 0.01 1 34 0
17295 301.03 8.07122 0.01 1 32 0
17307 301.926 8.07122 0.01 1 34 0
17364 306.982 8.22596 0.01 1 72 0
17410 309.929 7.90071 0.01 1 72 -6.06477e-06
17434 312.384 8.24642 0.01 1 94 0
17435 312.906 8.2948 0.01 1 93 0
17454 309.668 7.61007 0.01 1 72 0
17474 309.301 7.70562 0.01 1 72 0
17484 312.384 8.24642 0.01 1 94 0
17485 301.926 8.07122 0.01 1 34 0
17507 309.557 8.13836 0.01 1 72 0
17574 312.484 8.00421 0.01 1 93 0
17624 301.41 8.04357 0.01 1 33 0
17636 301.926 8.07122 0.01 1 33 0
17702 307.969 7.78741 0.01 1 72 0
17722 313.734 8.24758 0.01 1 93 -0.00223427
17777 307.13 8.17498 0.01 1 72 0
17811 316.139 7.84901 0.01 1 93 0
17813 312.384 8.24642 0.01 1 93 0
17837 307.825 8.1612 0.01 1 72 0
17844 309.929 7.91836 0.01 1 72 0
17857 300.021 8.23503 0.01 1 33 0
17867 301.926 8.07122 0.01 1 34 0
17907 309.029 8.25072 0.01 1 72 0
17936 309.154 7.71824 0.01 1 72 0
17962 311.511 7.96376 0.01 1 72 0
17966 308.911 7.97809 0.01 1 72 0
18001 309.301 7.70562 0.01 1 72 0
18028 307.969 7.78741 0.01 1 72 0
18062 301.926 8.13256 0.01 1 34 0
18099 311.04 8.088 0.01 1 93 0
18171 311.511 7.96376 0.01 1 72 0
18192 309.707 7.89909 0.01 1 72 0
18216 301.926 8.07122 0.01 1 34 0
18222 312.906 8.12638 0.01 1 93 0
18230 307.919 7.9104 0.01 1 72 0
18266 309.682 7.87265 0.01 1 72 0
18281 309.392 8.09587 0.01 1 72 0
18294 312.384 8.24642 0.01 1 94 0
18299 301.926 8.07122 0.01 1 34 0
18309 301.03 8.07122 0.01 1 34 0
18313 312.384 8.03372 0.01 1 94 0
18379 307.969 7.78741 0.01 1 72 0
18385 309.557 8.13836 0.01 1 72 0
18390 312.384 8.24642 0.01 1 94 0
18396 311.509 8.08577 0.01 1 93 0
18476 309.221 7.89612 0.01 1 72 0
18479 312.384 8.24642 0.01 1 94 0
18497 311.968 8.24642 0.01 1 94 0
18529 300.408 8.04357 0.01 1 34 0
18564 312.384 8.24642 0.01 1 93 0
18596 312.384 8.21529 0.01 1 95 0
18672 309.954 8.08485 0.01 1 72 0
18700 301.926 8.07122 0.01 1 33 0
18701 312.384 8.03372 0.01 1 93 0
18729 312.384 8.21529 0.01 1 95 0
18750 306.15 7.94207 0.01 1 72 0
18758 310.567 8.13836 0.01 1 72 0
18875 301.03 8.07122 0.01 1 33 0
18882 310.632 8.17101 0.01 1 72 0
18991 307.916 7.89873 0.01 1 72 0
19019 301.926 8.07122 0.01 1 34 0
19038 312.384 8.24642 0.01 1 95 0
19086 301.03 8.07122 0.01 1 34 0
19099 309.301 7.81519 0.01 1 72 0
19116 307.13 8.17498 0.01 1 72 0
19175 311.186 7.98088 0.01 1 72 0
19269 301.926 8.07122 0.01 1 34 0
19271 315.566 7.97295 0.01 1 94 -0.000285313
19274 316.139 7.84901 0.01 1 93 0.00614485
19275 311.205 7.91836 0.01 1 72 0
19338 301.03 8.0565 0.01 1 34 0
19346 308.537 8.34033 0.01 1 72 0
19370 301.926 8.07122 0.01 1 34 0
19400 310.608 8.1212 0.01 1 72 0
19415 302.282 8.07122 0.01 1 34 -0.017076
19461 308.911 7.95578 0.01 1 72 -5.96046e-08
19478 315.566 8.01648 0.01 1 93 0
19593 314.49 8.01648 0.01 1 95 0
19680 315.566 8.01648 0.01 1 93 0
19702 315.566 8.01648 0.01 1 94 0
19742 301.685 8.07122 0.01 1 34 0
19753 309.006 8.08875 0.01 1 72 0
19760 309.668 7.61007 0.01 1 72 0
19763 315.566 8.01648 0.01 1 94 0
19774 313.914 8.17322 0.01 1 93 0
19806 305.514 7.74603 0.01 1 72 0
19827 315.566 8.01648 0.01 1 93 0
19834 315.566 8.01648 0.01 1 93 0
19898 300.267 8.07122 0.01 1 34 0.0103719
19998 308.419 8.08854 0.01 1 72 0
20071 313.914 8.22659 0.01 1 93 0
20113 313.412 8.08577 0.01 1 93 0
20146 308.969 8.2305 0.01 1 72 0
20155 315.566 8.01648 0.01 1 95 0
20164 315.566 8.01833 0.01 1 93 0
20205 299.086 8.23503 0.01 1 33 0.0130612
20252 306.372 8.00401 0.01 1 72 0
20256 315.566 8.18678 0.01 1 93 0
20365 301.03 8.07122 0.01 1 34 0
20373 313.412 8.08577 0.01 1 93 0
20401 301.926 8.07122 0.01 1 34 0
20415 301.03 8.07122 0.01 1 32 0
20418 315.75 8.01648 0.01 1 93 0
20423 309.301 7.81519 0.01 1 72 0
20439 307.193 7.78419 0.01 1 72 0
20464 313.412 8.08577 0.01 1 93 0
20506 301.926 8.07122 0.01 1 34 0
20557 307.916 7.89873 0.01 1 72 0
20573 312.384 8.24642 0.01 1 95 0
20577 307.677 8.08854 0.01 1 72 0
20578 301.03 8.0565 0.01 1 34 0
20644 316.297 8.01648 0.01 1 93 0
20670 308.537 8.34033 0.01 1 72 0
20701 302.278 8.27181 0.01 1 34 0
20708 309.319 8.20045 0.01 1 72 0
20733 308.419 8.08854 0.01 1 72 0
20763 301.926 8.07122 0.01 1 32 0
20796 309.301 7.81519 0.01 1 72 0
20862 313.412 8.08577 0.01 1 93 0
20903 301.41 8.04357 0.01 1 34 0
20954 307.13 8.17498 0.01 1 72 0
20984 308.096 8.36341 0.01 1 72 0
21018 315.566 8.01648 0.01 1 93 0
21025 301.03 8.07122 0.01 1 34 0
21069 309.221 7.89612 0.01 1 72 0
21085 308.412 8.33577 0.01 1 72 -2.38419e-07
21090 315.873 8.01648 0.01 1 94 0
21095 302.917 8.08493 0.01 1 33 0
21118 306.982 8.22596 0.01 1 72 0
21178 301.926 8.07122 0.01 1 34 0
21196 301.41 8.04357 0.01 1 33 0
21247 312.384 8.24642 0.01 1 94 0
21306 309.392 8.09587 0.01 1 72 0
21400 311.901 8.08577 0.01 1 93 0
21409 309.301 7.86397 0.01 1 72 0
21414 310.714 7.96533 0.01 1 72 0
21422 315.566 8.01648 0.01 1 94 0
21448 306.7 8.03165 0.01 1 72 9.44734e-06
21467 315.873 8.01648 0.01 1 94 0.00351538
21488 311.527 7.52318 0.01 1 72 0
21494 311.344 7.74175 0.01 1 72 0
21498 302.917 8.07122 0.01 1 34 0
21549 315.566 8.01648 0.01 1 94 0
21568 301.926 8.07122 0.01 1 34 0
21619 301.523 8.07122 0.01 1 34 0.00523418
21640 301.926 8.07122 0.01 1 34 0
21654 309.392 8.09587 0.01 1 72 0
21656 304.884 8.42469 0.01 1 72 0
21708 309.668 8.12163 0.01 1 72 0
21723 315.566 7.97295 0.01 1 94 0
21740 307.969 7.78741 0.01 1 72 0
21753 308.23 8.36341 0.01 1 72 0
21838 311.901 8.08577 0.01 1 93 0
21844 312.906 8.2948 0.01 1 93 0
21872 309.319 8.20045 0.01 1 72 0
21898 309.392 8.09587 0.01 1 72 0
21990 300.925 8.07122 0.01 1 34 0
22015 309.029 8.25072 0.01 1 72 0
22017 312.384 8.30461 0.01 1 93 0
22021 306.7 8.0268 0.01 1 72 0
22032 313.412 8.08577 0.01 1 93 0
22038 309.154 7.75853 0.01 1 72 0
22047 309.141 8.04008 0.01 1 72 0
22108 309.319 8.20045 0.01 1 72 0
22133 312.384 8.24642 0.01 1 94 0
22154 301.685 8.07122 0.01 1 34 0
22188 313.412 8.13538 0.01 1 93 0
22204 313.914 8.15783 0.01 1 93 0
22233 301.03 8.07122 0.01 1 33 0
22250 311.186 7.91055 0.01 1 72 0
22338 301.03 8.0565 0.01 1 34 0
22367 310.016 7.87424 0.01 1 72 0
22473 301.41 8.04357 0.01 1 33 0
22494 315.566 8.01648 0.01 1 93 0
22581 312.384 8.24642 0.01 1 94 0
22622 300.408 8.04357 0.01 1 34 0
22659 308.537 8.22415 0.01 1 72 0
22684 301.03 8.07122 0.01 1 34 0
22716 313.412 8.11487 0.01 1 93 0.000304013
22737 308.969 8.2305 0.01 1 72 0
22740 307.969 7.78741 0.01 1 72 0
22816 300.408 8.04357 0.01 1 34 0
22842 306.982 8.30972 0.01 1 72 0
22955 315.566 8.01648 0.01 1 93 0
22961 311.809 8.01648 0.01 1 93 0
22975 309.154 7.65502 0.01 1 72 0
22999 315.566 8.01648 0.01 1 94 0
23017 315.566 8.01648 0.01 1 94 0
23070 315.566 8.01648 0.01 1 93 0
23084 313.914 8.22659 0.01 1 93 0
23097 309.301 7.81519 0.01 1 72 0
23115 313.412 8.08577 0.01 1 93 0
23124 312.384 8.24642 0.01 1 94 0
23141 301.03 8.07122 0.01 1 34 0
23167 307.388 7.64972 0.01 1 72 0
23170 306.92 8.36341 0.01 1 72 0
23192 309.154 7.75853 0.01 1 72 0
23269 301.03 8.07122 0.01 1 33 0
23286 301.03 8.07122 0.01 1 33 0
23299 301.03 8.07122 0.01 1 33 0
23404 308.227 8.0268 0.01 1 72 0.00707345
23409 302.233 8.07122 0.01 1 32 -0.0143814
23476 301.942 8.07122 0.01 1 34 -0.000195503
23532 315.566 8.01648 0.01 1 94 0
23629 312.384 8.24642 0.01 1 94 0
23755 313.412 8.08577 0.01 1 93 0
23796 307.388 7.64972 0.01 1 72 0
23864 311.527 7.52318 0.01 1 72 0
23901 313.914 8.22659 0.01 1 93 0
23958 312.906 8.11198 0.01 1 93 -0.000167176
24022 315.566 8.01648 0.01 1 94 0
24123 313.412 8.08577 0.01 1 93 0
24165 304.884 8.42469 0.01 1 72 0
24179 312.044 8.08577 0.01 1 93 0
24196 315.566 8.01648 0.01 1 93 0
24201 309.211 7.86397 0.01 1 72 0
24219 301.926 8.07122 0.01 1 33 0
24221 309.668 7.61007 0.01 1 72 0
24250 307.969 7.78741 0.01 1 72 0
24256 309.141 8.04008 0.01 1 72 0
24321 308.911 7.95578 0.01 1 72 0
24449 309.141 8.04008 0.01 1 72 0
24457 307.916 7.89873 0.01 1 72 0
24471 307.357 8.18039 0.01 1 72 0
24493 306.687 8.08417 0.01 1 72 0
24544 306.982 8.22596 0.01 1 72 0
24557 301.41 8.04357 0.01 1 33 0
24573 301.926 8.07122 0.01 1 34 0
24613 307.193 7.79435 0.01 1 72 0
24660 308.006 8.18885 0.01 1 72 0
24765 301.03 8.0565 0.01 1 34 0
24866 315.75 8.01648 0.01 1 93 0
24919 313.914 8.22659 0.01 1 93 0
24934 307.388 7.64972 0.01 1 72 0
24943 311.205 7.91836 0.01 1 72 0
24964 300.021 8.07122 0.01 1 34 0
25036 311.186 7.98088 0.01 1 72 0.000128224
25054 307.388 7.64972 0.01 1 72 0
25222 306.372 8.00401 0.01 1 72 -0.00243305
25227 309.837 7.92415 0.01 1 72 0
25257 315.566 8.01648 0.01 1 94 0
25284 311.809 8.01648 0.01 1 94 0
25289 313.412 8.08577 0.01 1 93 0
25295 307.281 8.3582 0.01 1 72 0
25312 301.03 8.0565 0.01 1 33 0
25319 309.141 8.04008 0.01 1 72 0
25339 311.509 8.07891 0.01 1 95 0
25359 309.154 7.71824 0.01 1 72 0
25381 309.141 8.04008 0.01 1 72 0
25398 314.756 8.01648 0.01 1 93 -0.00938083
25550 300.622 8.23349 0.01 1 34 0
25559 308.486 8.36341 0.01 1 72 0
25592 307.144 8.11156 0.01 1 72 0
25648 312.044 8.08577 0.01 1 93 0
25656 311.511 7.96376 0.01 1 72 0
25663 308.486 8.36341 0.01 1 72 0
25668 315.566 8.01648 0.01 1 94 0
25684 312.384 8.03372 0.01 1 95 0
25728 301.03 8.07122 0.01 1 34 0
25750 309.862 8.55156 0.01 1 72 0
25805 316.297 8.01648 0.01 1 93 0
25810 311.04 8.088 0.01 1 93 0
25885 312.384 8.24642 0.01 1 94 0
25980 307.969 7.78741 0.01 1 72 0
25981 313.412 8.08577 0.01 1 93 0
26005 305.514 7.74603 0.01 1 72 0
26031 315.566 8.01648 0.01 1 93 0
26049 300.021 8.07122 0.01 1 34 0
26065 313.914 8.07548 0.01 1 93 0
26080 311.022 7.90982 0.01 1 72 0
26115 307.969 7.78741 0.01 1 72 0
26135 309.301 7.70562 0.01 1 72 0
26153 315.566 8.01648 0.01 1 93 0
26318 308.419 8.08854 0.01 1 72 0
26363 307.916 7.89873 0.01 1 72 0
26364 309.392 8.09587 0.01 1 72 0
26373 301.926 8.07122 0.01 1 34 0
26425 313.412 8.08577 0.01 1 93 0
26465 309.668 8.12163 0.01 1 72 0
26536 311.511 7.96376 0.01 1 72 0
26560 308.911 7.95578 0.01 1 72 0
26621 309.301 7.81519 0.01 1 72 0
26643 309.221 7.89612 0.01 1 72 0
26647 301.41 8.04357 0.01 1 34 0
26654 309.301 7.70562 0.01 1 72 0
26656 315.566 8.01648 0.01 1 93 0
26683 305.694 8.52503 0.01 1 72 0
26685 307.916 7.89873 0.01 1 72 0
26732 315.566 8.01648 0.01 1 94 0
26821 300.622 8.23349 0.01 1 34 0
26879 315.566 7.90035 0.01 1 94 -0.000770673
26894 315.566 8.01833 0.01 1 93 9.77516e-06
26919 301.41 8.04357 0.01 1 33 0
26959 301.926 8.07122 0.01 1 32 0
26985 307.193 7.79435 0.01 1 72 0
27002 300.622 8.07122 0.01 1 34 -0.008343
27043 306.982 8.22596 0.01 1 72 0
27137 309.301 7.81519 0.01 1 72 0
27159 300.021 8.07122 0.01 1 34 0
27171 300.021 8.07122 0.01 1 34 0
27228 301.03 8.0565 0.01 1 33 0
27263 301.41 8.04357 0.01 1 34 0
27288 300.021 8.07122 0.01 1 33 0
27310 309.459 7.78741 0.01 1 72 0
27313 316.297 8.01648 0.01 1 93 0
27329 313.412 8.08577 0.01 1 93 0
27342 306.903 8.10166 0.01 1 72 0
27343 300.021 8.07122 0.01 1 34 0
27386 301.926 7.85318 0.01 1 34 0
27388 301.03 8.07122 0.01 1 34 0
27421 307.969 7.78741 0.01 1 72 0
27427 301.03 8.07122 0.01 1 34 0
27434 300.021 8.07122 0.01 1 34 0
27444 301.03 8.07122 0.01 1 33 0
27452 315.566 8.01648 0.01 1 94 0
27494 312.384 8.24642 0.01 1 94 0
27545 313.412 8.08577 0.01 1 93 0
27567 309.029 8.25072 0.01 1 72 0
27597 309.557 8.13836 0.01 1 72 0
27609 301.926 8.07122 0.01 1 34 0
27673 301.926 7.85656 0.01 1 33 0
27686 311.245 8.33131 0.01 1 72 0
27697 301.03 8.07122 0.01 1 33 0
27833 301.926 8.07122 0.01 1 32 0
27846 308.911 8.08879 0.01 1 72 0
27871 301.987 8.07122 0.01 1 34 0
27987 309.154 7.71824 0.01 1 72 0
28048 309.392 8.09587 0.01 1 72 0
28050 315.566 7.9975 0.01 1 93 4.8697e-05
28139 311.205 7.91836 0.01 1 72 0
28251 308.419 8.08854 0.01 1 72 0
28264 301.03 8.07122 0.01 1 33 0
28280 301.926 7.85656 0.01 1 33 0
28283 308.969 8.2305 0.01 1 72 0
28287 300.021 8.23503 0.01 1 34 0
28323 313.412 8.08577 0.01 1 93 0
28418 311.901 8.08577 0.01 1 93 0
28433 309.668 7.61007 0.01 1 72 0
28570 308.911 7.97809 0.01 1 72 0
28577 315.566 8.01648 0.01 1 94 0
28628 301.03 8.0565 0.01 1 33 0
28657 301.03 8.0565 0.01 1 34 0
28664 311.338 8.24642 0.01 1 95 0
28677 301.03 8.07122 0.01 1 33 0
28680 300.021 8.07122 0.01 1 34 0
28721 315.566 8.01648 0.01 1 93 0
28724 314.49 8.01648 0.01 1 94 0
28739 309.211 7.86397 0.01 1 72 0
28759 315.566 7.97295 0.01 1 94 0
28769 300.408 8.04357 0.01 1 34 0
28804 309.668 7.61007 0.01 1 72 0
28808 301.03 8.0565 0.01 1 34 0
28814 300.925 8.07122 0.01 1 34 0
28835 306.982 8.22596 0.01 1 72 0
28842 309.557 8.13836 0.01 1 72 0
28850 301.926 8.07122 0.01 1 34 0
28869 315.566 7.97295 0.01 1 94 0
28876 300.021 8.07122 0.01 1 34 0
28915 300.021 8.07122 0.01 1 34 0
28923 307.193 7.79435 0.01 1 72 0
28967 309.141 8.04008 0.01 1 72 0
29002 315.566 7.97295 0.01 1 94 0
29010 302.233 8.07122 0.01 1 33 0
29025 302.233 8.04008 0.01 1 32 0
29035 301.685 8.07122 0.01 1 34 0
29114 315.566 8.01648 0.01 1 94 0
29125 315.566 8.01648 0.01 1 94 0
29135 301.926 8.07122 0.01 1 32 0
29175 301.926 8.07122 0.01 1 34 0
29193 304.884 8.42469 0.01 1 72 0
29205 313.914 8.22659 0.01 1 93 0
