max_pf 120 min_pf 3
individual T0 sigma disp_rate r0 patch_no mut_eff
83 290.445 8.39184 0.01 1 5 0
119 292.567 8.41638 0.01 1 5 0
182 307.555 7.81835 0.01 1 72 0
327 292.638 8.41638 0.01 1 4 0
363 309.162 8.05342 0.01 1 72 0
364 310.325 8.60718 0.01 1 72 0
365 292.567 8.41638 0.01 1 5 0
479 314.654 8.14382 0.01 1 72 0
484 307.56 8.51614 0.01 1 72 0
501 292.59 8.52439 0.01 1 5 0
542 292.59 8.52439 0.01 1 5 0
556 291.9 8.41638 0.01 1 4 0
574 292.567 8.41638 0.01 1 5 0
619 292.567 8.41638 0.01 1 5 0
650 309.622 7.93723 0.01 1 72 0
654 292.567 8.41638 0.01 1 5 0
679 289.586 8.43255 0.01 1 5 0
732 290.445 8.311 0.01 1 3 0
811 307.555 7.708 0.01 1 72 0
876 309.652 7.9419 0.01 1 72 0
964 292.567 8.41638 0.01 1 3 0
972 291.35 8.49261 0.01 1 5 0.0030319
978 290.445 8.39184 0.01 1 5 0
1201 289.586 8.41638 0.01 1 5 0
1527 309.816 7.96406 0.01 1 72 0
1645 310.254 8.11683 0.01 1 72 0
1730 290.612 8.41638 0.01 1 5 0
2059 289.586 8.41638 0.01 1 3 0
2064 290.445 8.39184 0.01 1 4 0
2091 311.41 7.86639 0.01 1 72 0
2189 327.832 8.25136 0.01 1 119 0
2299 292.563 8.4278 0.01 1 3 0
2405 292.567 8.41638 0.01 1 3 0
2445 307.924 8.60718 0.01 1 72 0
2490 292.272 8.4278 0.01 1 5 0
2667 307.888 7.95272 0.01 1 72 0
2760 292.567 8.41638 0.01 1 5 0
2901 290.6 8.44828 0.01 1 5 0
2982 290.445 8.39184 0.01 1 3 0
3017 309.821 7.86622 0.01 1 72 0
3037 292.567 8.56402 0.01 1 4 0
3054 290.6 8.44828 0.01 1 5 0
3085 290.313 8.52439 0.01 1 5 0
3090 291.852 8.41638 0.01 1 3 0
3314 307.189 7.82837 0.01 1 72 0
3587 291.424 8.4278 0.01 1 3 0
3646 290.6 8.44828 0.01 1 4 0
3724 309.412 7.90475 0.01 1 72 0
3731 290.6 8.44828 0.01 1 5 0
3746 307.56 8.51614 0.01 1 72 0
3876 311.41 7.86639 0.01 1 72 0
4100 309.652 7.9419 0.01 1 72 0
4118 310.254 8.11683 0.01 1 72 0.000487939
4163 292.567 8.41638 0.01 1 4 0
4165 292.567 8.41638 0.01 1 5 0
4192 307.888 7.95272 0.01 1 72 0
4283 309.234 8.19755 0.01 1 72 0
4346 290.127 8.21318 0.01 1 4 0.0037239
4367 292.567 8.41638 0.01 1 5 0
4476 289.996 8.46604 0.01 1 5 0
4484 290.445 8.311 0.01 1 4 0
4511 309.821 7.9291 0.01 1 72 0
4607 291.852 8.41638 0.01 1 5 0
4681 309.652 7.9419 0.01 1 72 0
4738 292.563 8.29723 0.01 1 5 0
4743 307.56 8.51614 0.01 1 72 0
4899 290.6 8.44828 0.01 1 5 0
4906 290.612 8.41638 0.01 1 4 0
4913 290.445 8.39184 0.01 1 4 0
4985 292.567 8.41638 0.01 1 5 0
5094 327.832 8.28896 0.01 1 119 0
5099 309.343 8.17964 0.01 1 72 0
5118 290.612 8.37701 0.01 1 4 -0.00057188
5194 290.612 8.41638 0.01 1 5 0
5242 309.574 8.46246 0.01 1 72 0
5253 311.41 7.86639 0.01 1 72 0
5276 307.052 7.71531 0.01 1 72 0
5446 290.445 8.39184 0.01 1 5 0
5479 307.189 7.82837 0.01 1 72 0
5522 290.6 8.44828 0.01 1 5 0
5587 290.6 8.44828 0.01 1 5 0
5787 288.854 8.52439 0.01 1 5 0
5806 309.412 7.83307 0.01 1 72 0
5820 292.567 8.39333 0.01 1 5 0
5957 290.612 8.41638 0.01 1 5 0
5986 290.313 8.52439 0.01 1 5 0
6025 306.502 7.71531 0.01 1 72 0
6038 290.313 8.52439 0.01 1 4 0
6087 290.6 8.21318 0.01 1 5 0
6142 292.567 8.41638 0.01 1 4 0
6273 291.852 8.41638 0.01 1 5 0
6275 309.412 7.90475 0.01 1 72 0
6371 310.995 7.82907 0.01 1 72 0
6472 308.858 7.8548 0.01 1 72 0
6480 290.84 8.4278 0.01 1 4 0
6582 290.445 8.39184 0.01 1 5 0
6600 293.674 8.52439 0.01 1 5 0
6614 292.563 8.19248 0.01 1 5 0
6643 290.612 8.41638 0.01 1 4 0
6653 309.408 7.86639 0.01 1 72 0.00884606
6689 327.801 8.22585 0.01 1 118 0
6698 292.567 8.41638 0.01 1 4 0
6701 289.996 8.41638 0.01 1 4 0
6762 292.563 8.19248 0.01 1 5 0
6821 294.388 8.74939 0.01 1 4 0
6880 292.567 8.41638 0.01 1 4 0
6883 290.6 8.44828 0.01 1 5 0
6955 308.858 7.8548 0.01 1 72 0
6973 310.378 8.11683 0.01 1 72 0
7069 292.567 8.41638 0.01 1 3 0
7137 290.445 8.39184 0.01 1 5 0
7159 290.612 8.41638 0.01 1 5 0
7201 327.832 8.28896 0.01 1 119 0
7280 309.343 8.17964 0.01 1 72 0
7286 292.567 8.41638 0.01 1 5 0
7367 290.6 8.44828 0.01 1 5 0
7423 309.162 8.05342 0.01 1 72 0
7487 309.652 7.9419 0.01 1 72 0
7688 292.567 8.41638 0.01 1 4 0
7744 309.162 8.05342 0.01 1 72 0
7811 311.62 8.41157 0.01 1 72 0
7954 292.567 8.41638 0.01 1 5 0
8048 309.343 8.17964 0.01 1 72 0
8153 290.445 8.59869 0.01 1 5 0
8247 309.396 7.96406 0.01 1 72 0
8279 292.59 8.52439 0.01 1 5 0
8407 292.567 8.41638 0.01 1 3 0
8427 289.586 8.43255 0.01 1 5 0
8443 309.821 7.9291 0.01 1 72 0
8485 307.086 8.16852 0.01 1 72 0
8654 292.567 8.56648 0.01 1 4 0
8742 290.6 8.44828 0.01 1 5 0
8753 307.56 8.51614 0.01 1 72 0
8761 309.343 8.17964 0.01 1 72 0
8839 309.574 8.46246 0.01 1 72 0
8884 291.587 8.41638 0.01 1 5 0
8945 327.832 8.28896 0.01 1 119 0
8949 291.424 8.4278 0.01 1 5 0
8967 290.445 8.49651 0.01 1 5 0.001547
9054 292.59 8.52439 0.01 1 4 0
9153 289.586 8.41638 0.01 1 4 0
9154 309.652 7.9419 0.01 1 72 0
9161 290.612 8.41638 0.01 1 5 0
9232 309.203 8.2772 0.01 1 72 0
9259 307.899 8.4291 0.01 1 72 0
9290 292.567 8.56402 0.01 1 4 0
9306 309.622 7.92018 0.01 1 72 0
9327 292.567 8.37224 0.01 1 5 0
9389 290.313 8.52439 0.01 1 5 0
9430 309.412 7.70271 0.01 1 72 -9.37283e-06
9436 290.445 8.39184 0.01 1 5 0
9524 290.445 8.39184 0.01 1 5 0
9576 290.445 8.39184 0.01 1 5 0
9688 292.567 8.41638 0.01 1 4 0
9696 292.563 8.29723 0.01 1 5 0
9737 309.234 8.19755 0.01 1 72 0
9803 292.567 8.41638 0.01 1 4 0
9851 292.567 8.32324 0.01 1 4 0
9883 291.424 8.4278 0.01 1 4 0
9907 307.56 8.35255 0.01 1 72 0
9909 309.816 7.74538 0.01 1 72 0
9935 292.567 8.20027 0.01 1 5 0
9945 292.567 8.41638 0.01 1 4 0
10038 306.876 8.07704 0.01 1 72 0
10048 292.567 8.41638 0.01 1 5 0
10100 309.396 7.96406 0.01 1 72 0
10234 309.816 7.79729 0.01 1 72 0
10409 311.41 7.86639 0.01 1 72 0
10435 290.445 8.39184 0.01 1 5 0
10572 308.51 8.19673 0.01 1 72 2.45869e-06
10735 292.567 8.32324 0.01 1 3 0
10757 310.378 8.11683 0.01 1 72 0
10845 327.832 8.28896 0.01 1 119 0
10870 307.555 7.81835 0.01 1 72 0
10886 290.445 8.39184 0.01 1 3 0
10956 290.6 8.44828 0.01 1 5 0
10987 307.052 7.71531 0.01 1 72 0
10992 288.854 8.52439 0.01 1 5 0
11025 307.555 7.81835 0.01 1 72 0
11111 292.567 8.41638 0.01 1 4 0
11208 307.888 7.95272 0.01 1 72 0
11219 289.681 8.41638 0.01 1 5 0
11256 309.821 7.9291 0.01 1 72 0
11386 290.445 8.311 0.01 1 3 -0.00118969
11456 309.652 7.9419 0.01 1 72 0
11459 308.83 7.68997 0.01 1 72 0
11587 292.567 8.41638 0.01 1 5 0
11672 290.6 8.44828 0.01 1 5 0
11730 290.445 8.39184 0.01 1 4 0
11833 290.445 8.39184 0.01 1 4 0
12059 290.6 8.21318 0.01 1 5 0
12131 292.567 8.41638 0.01 1 5 0
12337 309.162 8.05342 0.01 1 72 0
12452 289.586 8.43255 0.01 1 5 0
12511 290.445 8.39184 0.01 1 4 0
12762 311.807 8.24612 0.01 1 72 0
13014 308.858 7.8548 0.01 1 72 0
13018 309.203 8.28994 0.01 1 72 0
13061 327.832 8.27452 0.01 1 119 0
13091 309.652 7.9419 0.01 1 72 0
13131 290.6 8.44828 0.01 1 5 0
13265 289.996 8.41638 0.01 1 5 0
13285 308.858 7.8548 0.01 1 72 0
13299 310.995 7.78585 0.01 1 72 0
13368 290.445 8.39184 0.01 1 5 0
13499 327.14 8.28896 0.01 1 119 0
13766 292.567 8.41638 0.01 1 4 0
13804 292.567 8.41638 0.01 1 4 0
14056 309.816 7.96406 0.01 1 72 0
14097 292.567 8.41638 0.01 1 5 0
14142 292.567 8.41638 0.01 1 5 0
14303 291.966 8.30123 0.01 1 5 0
14448 292.567 8.37224 0.01 1 4 0
14615 289.586 8.41638 0.01 1 5 0
14689 309.412 7.70271 0.01 1 72 0
14725 307.052 7.71531 0.01 1 72 0
14755 290.6 8.44828 0.01 1 5 0
14759 290.988 8.41638 0.01 1 5 0
14869 290.553 8.41638 0.01 1 5 -0.00494663
14873 327.832 8.28896 0.01 1 119 0
14954 289.586 8.41638 0.01 1 4 0
14957 309.934 8.53022 0.01 1 72 0
15039 289.586 8.41638 0.01 1 5 0
15064 294.423 8.52439 0.01 1 5 0
15095 289.586 8.41638 0.01 1 5 0
15161 290.445 8.39184 0.01 1 4 0
15213 309.652 7.9419 0.01 1 72 0
15229 292.567 8.41638 0.01 1 4 0
15240 310.378 8.11683 0.01 1 72 0
15275 289.586 8.41638 0.01 1 5 0
15304 288.13 8.52439 0.01 1 5 0
15398 290.6 8.44828 0.01 1 5 0
15453 291.424 8.4278 0.01 1 4 0
15470 289.586 8.41638 0.01 1 5 0
15500 292.567 8.41638 0.01 1 5 0
15634 289.996 8.41638 0.01 1 4 0
15649 293.674 8.52439 0.01 1 5 0
15678 309.734 7.96406 0.01 1 72 0
15686 292.567 8.41638 0.01 1 4 0
15751 290.445 8.39184 0.01 1 4 0
15756 293.674 8.77936 0.01 1 4 0
15842 310.378 8.11683 0.01 1 72 0
15882 310.399 8.3097 0.01 1 72 0
15949 292.567 8.41638 0.01 1 4 0
16062 290.612 8.41638 0.01 1 5 0
16109 290.6 8.44828 0.01 1 5 0
16288 290.6 8.44828 0.01 1 5 0
16289 291.424 8.4278 0.01 1 5 0
16340 308.878 7.98875 0.01 1 72 0
16384 290.6 8.44828 0.01 1 5 0
16419 289.586 8.41638 0.01 1 5 0
16455 309.343 8.17964 0.01 1 72 0
16484 290.445 8.39184 0.01 1 4 0
16575 291.852 8.41638 0.01 1 5 0
16593 290.445 8.39184 0.01 1 5 0
16616 307.56 8.51614 0.01 1 72 0
16631 307.56 8.51614 0.01 1 72 0
16660 307.086 8.16852 0.01 1 72 0
16755 327.832 8.28896 0.01 1 119 0
16844 309.816 7.96406 0.01 1 72 0
16894 289.996 8.46604 0.01 1 5 0
16926 310.398 8.04991 0.01 1 72 0
16960 311.807 8.24612 0.01 1 72 0
16992 290.445 8.39184 0.01 1 4 0
17004 290.612 8.41638 0.01 1 5 0
17046 306.958 7.71531 0.01 1 72 0
17136 308.878 7.98875 0.01 1 72 0
17273 294.423 8.52439 0.01 1 5 0
17281 289.586 8.41638 0.01 1 5 0
17337 309.821 7.9291 0.01 1 72 0
17474 308.812 7.60417 0.01 1 72 0
17514 309.622 7.92018 0.01 1 72 0
17601 309.574 8.46246 0.01 1 72 0
17785 308.878 7.98875 0.01 1 72 0
17862 306.25 8.57337 0.01 1 72 0
17894 308.858 7.8548 0.01 1 72 0
17907 292.567 8.41638 0.01 1 4 0
17911 292.967 8.77936 0.01 1 5 0
17940 291.966 8.23691 0.01 1 4 0
18004 327.832 8.28896 0.01 1 119 0
18132 291.424 8.4278 0.01 1 5 0
18245 290.445 8.39184 0.01 1 4 0
18418 290.6 8.44828 0.01 1 5 0
18591 292.567 8.56648 0.01 1 4 0
18609 290.84 8.4278 0.01 1 5 0
18715 292.567 8.41638 0.01 1 4 0
18772 309.162 8.05342 0.01 1 72 0
18866 289.586 8.43255 0.01 1 5 0
18868 306.25 8.57337 0.01 1 72 0
18993 306.958 7.71531 0.01 1 72 0
19024 290.6 8.44828 0.01 1 5 0
19064 307.56 8.51614 0.01 1 72 0
19119 308.694 7.45692 0.01 1 72 0
19213 292.967 8.77936 0.01 1 5 0
19325 290.313 8.52439 0.01 1 5 0
19375 290.127 8.21318 0.01 1 4 0
19445 308.501 8.29907 0.01 1 72 0
19446 292.567 8.41638 0.01 1 4 0
19469 290.6 8.44828 0.01 1 5 0
19609 292.567 8.41638 0.01 1 5 0
19732 292.567 8.41638 0.01 1 4 0
19736 289.996 8.46604 0.01 1 5 0
19809 290.6 8.44828 0.01 1 5 0
19892 311.41 7.86639 0.01 1 72 0
19975 308.812 7.60417 0.01 1 72 0
19999 289.965 8.42144 0.01 1 5 0
20016 290.445 8.39184 0.01 1 4 0
20068 292.567 8.41638 0.01 1 5 0
20118 294.434 8.52439 0.01 1 4 0
20131 309.689 7.88646 0.01 1 72 0
20193 309.162 8.05342 0.01 1 72 0
20297 309.821 7.9291 0.01 1 72 0
20338 310.378 8.11683 0.01 1 72 0
20351 292.567 8.47926 0.01 1 5 0
20434 289.586 8.41638 0.01 1 5 0
20495 308.33 8.01643 0.01 1 72 0
20504 290.6 8.44684 0.01 1 5 -2.1819e-05
20538 289.681 8.41638 0.01 1 5 0
20585 292.567 8.41638 0.01 1 5 0
20639 290.6 8.44828 0.01 1 5 0
20661 309.203 8.2772 0.01 1 72 0
20757 292.59 8.52439 0.01 1 4 0
20775 292.563 8.4278 0.01 1 5 0
20787 307.857 7.95272 0.01 1 72 0
20922 290.445 8.39184 0.01 1 4 0
20957 292.567 8.38525 0.01 1 4 0
20989 290.445 8.39184 0.01 1 4 0
21157 292.567 8.34339 0.01 1 5 0
21272 290.445 8.39184 0.01 1 4 0
21317 290.6 8.44828 0.01 1 4 0
21420 290.445 8.39184 0.01 1 5 0
21451 309.203 8.2772 0.01 1 72 0
21588 291.852 8.41638 0.01 1 3 0
21638 292.567 8.39333 0.01 1 5 0
21730 291.852 8.41638 0.01 1 5 0
21737 328.122 8.25136 0.01 1 120 0.00353734
21744 290.445 8.39184 0.01 1 5 0
21827 327.832 8.28896 0.01 1 119 0
21843 290.313 8.52439 0.01 1 5 0
21875 307.995 8.4291 0.01 1 72 0
21960 293.377 8.52439 0.01 1 4 0
22001 291.424 8.4278 0.01 1 4 0
22172 290.445 8.39184 0.01 1 5 0
22174 308.682 7.98163 0.01 1 72 0
22209 292.567 8.4621 0.01 1 4 0
22237 290.445 8.39184 0.01 1 4 0
22240 292.563 8.6051 0.01 1 5 0
22260 292.567 8.38525 0.01 1 5 0
22323 311.41 7.86639 0.01 1 72 0
22519 308.682 7.98163 0.01 1 72 0
22614 293.056 8.41638 0.01 1 5 0
22670 290.612 8.41638 0.01 1 5 0
22688 292.373 8.41638 0.01 1 5 0
22710 327.832 8.28896 0.01 1 119 0
22814 289.363 8.42182 0.01 1 5 0
22824 327.832 8.28896 0.01 1 119 0
22827 292.563 8.24768 0.01 1 5 0.000666769
22884 291.852 8.41638 0.01 1 5 0
22949 290.445 8.59869 0.01 1 4 0
22952 290.612 8.41638 0.01 1 5 0
23071 291.852 8.41638 0.01 1 4 0
23092 290.612 8.333 0.01 1 5 0
23119 309.412 7.83307 0.01 1 72 0
23149 289.586 8.43255 0.01 1 5 0
23225 292.073 8.46986 0.01 1 4 -0.00426382
23335 307.555 7.708 0.01 1 72 0
23431 309.162 8.05342 0.01 1 72 0
23587 307.086 8.16852 0.01 1 72 0
23589 311.112 8.14382 0.01 1 72 0
23667 311.41 7.86639 0.01 1 72 0
23833 327.832 8.28896 0.01 1 119 0
23981 290.445 8.39184 0.01 1 4 0
23983 290.612 8.41638 0.01 1 4 0
24106 290.218 8.53932 0.01 1 5 0
24195 290.6 8.44828 0.01 1 5 0
24229 292.567 8.41638 0.01 1 5 0
24236 290.6 8.44828 0.01 1 5 0
24383 290.612 8.41638 0.01 1 4 0
24404 309.162 8.05342 0.01 1 72 0
24431 309.333 8.2966 0.01 1 72 0
24539 292.567 8.32349 0.01 1 4 -0.000788292
24685 309.652 7.9419 0.01 1 72 0
24808 309.622 7.93723 0.01 1 72 0
24987 292.567 8.58587 0.01 1 3 0.00187023
25038 309.343 8.17964 0.01 1 72 0
25081 292.59 8.44273 0.01 1 4 0
25112 289.82 8.41638 0.01 1 4 0
25115 288.854 8.52439 0.01 1 5 0
25209 309.704 8.03762 0.01 1 72 0
25390 309.652 7.9419 0.01 1 72 0
25473 290.445 8.39184 0.01 1 3 0
25495 293.496 8.51974 0.01 1 5 0
25524 288.267 8.41638 0.01 1 5 0.015203
25537 290.6 8.44828 0.01 1 5 0
25574 290.445 8.39184 0.01 1 5 0
25610 289.363 8.42182 0.01 1 5 0
25703 327.832 8.25136 0.01 1 120 0
25770 288.375 8.52439 0.01 1 5 0
25797 309.343 8.17964 0.01 1 72 0
25817 292.567 8.41638 0.01 1 4 0
25823 290.445 8.39184 0.01 1 3 0
25840 290.6 8.44828 0.01 1 5 0
25872 292.567 8.34635 0.01 1 3 0
25875 291.852 8.41638 0.01 1 5 0
25906 310.325 8.53022 0.01 1 72 0
25924 291.35 8.49261 0.01 1 5 0
25972 309.203 8.12633 0.01 1 72 0
26022 290.313 8.52439 0.01 1 4 0
26127 290.445 8.39184 0.01 1 3 0
26247 309.203 8.2772 0.01 1 72 0
26316 309.821 7.68969 0.01 1 72 -4.99338e-05
26321 307.899 8.4291 0.01 1 72 0
26439 290.612 8.41638 0.01 1 5 0
26491 308.812 7.60417 0.01 1 72 0
26512 309.343 8.17964 0.01 1 72 0
26549 289.586 8.41638 0.01 1 5 0
26574 292.563 8.29723 0.01 1 5 0
26592 327.832 8.28896 0.01 1 118 0
26614 290.445 8.39184 0.01 1 4 0
26625 308.953 7.96406 0.01 1 72 0
26657 307.888 7.95272 0.01 1 72 0
26863 292.567 8.41638 0.01 1 4 0
26865 291.587 8.41638 0.01 1 5 0
26926 290.607 8.4278 0.01 1 5 0
26933 288.854 8.50517 0.01 1 5 0
26975 288.13 8.52439 0.01 1 5 0.00763538
27198 310.995 7.78585 0.01 1 72 0
27262 290.445 8.39184 0.01 1 4 0
27281 292.567 8.41638 0.01 1 5 0
27430 309.816 7.96406 0.01 1 72 0
27438 308.311 8.13253 0.01 1 72 0
27444 292.567 8.41638 0.01 1 3 0
27507 290.6 8.44828 0.01 1 4 0
27686 291.852 8.41638 0.01 1 4 0
27764 290.445 8.49651 0.01 1 4 0
27882 292.842 8.41638 0.01 1 5 0
27935 307.56 8.51614 0.01 1 72 0
28003 292.567 8.37224 0.01 1 4 0
28029 290.6 8.44828 0.01 1 5 0
28079 293.377 8.52439 0.01 1 4 0
28177 309.203 8.27158 0.01 1 72 0
28190 290.313 8.52439 0.01 1 5 0
28412 290.6 8.21318 0.01 1 5 0
28434 306.606 8.16852 0.01 1 72 -0.0079954
28593 290.6 8.44828 0.01 1 5 0
28601 291.852 8.41638 0.01 1 4 0
28624 292.567 8.41638 0.01 1 5 0
28652 292.59 8.65387 0.01 1 4 0
28680 309.821 7.9291 0.01 1 72 0
28812 309.816 7.90487 0.01 1 72 0
28825 292.842 8.41638 0.01 1 5 0
28939 306.963 8.51757 0.01 1 72 0
29015 327.832 8.28896 0.01 1 119 0
29082 290.153 8.44828 0.01 1 5 0.00393091
29087 307.136 8.12305 0.01 1 72 0
29124 290.313 8.52439 0.01 1 5 0
29178 290.612 8.41638 0.01 1 5 0
29203 307.555 7.708 0.01 1 72 0
29206 307.857 7.95272 0.01 1 72 0
29259 292.638 8.41638 0.01 1 4 0
29270 309.203 8.2772 0.01 1 72 0
29351 292.842 8.4461 0.01 1 5 0
29456 311.054 8.57286 0.01 1 72 0
29598 309.704 8.16877 0.01 1 72 0
29616 309.821 7.9291 0.01 1 72 0
29658 327.832 8.28896 0.01 1 119 0
29813 327.832 8.28896 0.01 1 119 0
29842 290.553 8.41638 0.01 1 5 0
29958 291.424 8.46986 0.01 1 4 0
30059 292.567 8.41638 0.01 1 4 0
30063 290.445 8.56636 0.01 1 5 0.00268766
30104 291.424 8.4278 0.01 1 5 0
30271 290.445 8.59869 0.01 1 4 0
30288 327.832 8.28896 0.01 1 119 0
30385 289.586 8.41638 0.01 1 5 0
30446 307.857 8.02526 0.01 1 72 0
30458 292.567 8.41638 0.01 1 4 0
30459 292.567 8.41638 0.01 1 5 0
30488 292.567 8.37224 0.01 1 4 0
30690 308.153 8.29907 0.01 1 72 -0.000674218
30713 289.996 8.41638 0.01 1 5 0
30723 290.6 8.44828 0.01 1 5 0
30774 292.567 8.41638 0.01 1 5 0
30881 309.734 7.96406 0.01 1 72 0
30897 293.056 8.41638 0.01 1 5 0
30942 311.054 8.5718 0.01 1 72 0
30954 307.888 7.95272 0.01 1 72 0
31134 289.996 8.46604 0.01 1 5 0
31135 292.563 8.6051 0.01 1 5 0
31169 290.375 8.41638 0.01 1 5 -0.00340279
31200 290.127 8.21318 0.01 1 5 0
31291 308.878 7.98442 0.01 1 72 0
31306 289.363 8.41638 0.01 1 5 0
31351 291.966 8.30123 0.01 1 5 0
31443 310.995 7.78585 0.01 1 72 0
31476 310.995 7.78585 0.01 1 72 0
31679 292.567 8.41638 0.01 1 5 0
31708 290.6 8.44828 0.01 1 5 0
31764 291.424 8.4278 0.01 1 4 0
32033 292.59 8.65387 0.01 1 4 0
32041 292.567 8.41638 0.01 1 5 0
32090 309.162 8.05342 0.01 1 72 0
32101 291.545 8.41638 0.01 1 3 0
32253 309.655 8.06619 0.01 1 72 0
32497 288.854 8.52439 0.01 1 5 0
32524 311.41 7.86639 0.01 1 72 0
32557 292.563 8.4278 0.01 1 5 0
32645 292.567 8.41638 0.01 1 5 0
32682 292.563 8.6051 0.01 1 4 0
32709 293.496 8.51974 0.01 1 5 0
32717 289.586 8.41638 0.01 1 4 0
32735 292.567 8.41638 0.01 1 5 0
32738 292.59 8.52439 0.01 1 4 0
32767 290.6 8.44828 0.01 1 5 0
32796 309.343 8.17964 0.01 1 72 0
32835 290.445 8.39184 0.01 1 5 0
32840 292.59 8.52439 0.01 1 4 0
32908 309.675 7.92018 0.01 1 72 0
32952 289.996 8.41638 0.01 1 4 0
32999 292.567 8.32324 0.01 1 3 0
33016 308.373 7.92409 0.01 1 72 0
33036 307.899 8.4291 0.01 1 72 0
33086 310.378 8.11683 0.01 1 72 0
33184 327.832 8.28896 0.01 1 119 0
33190 292.567 8.41638 0.01 1 5 0
33206 307.888 7.95272 0.01 1 72 0
33208 292.567 8.41638 0.01 1 3 0
33268 289.586 8.41638 0.01 1 5 0
33326 291.424 8.4278 0.01 1 5 0
33422 292.567 8.41638 0.01 1 4 0
33518 293.28 8.74939 0.01 1 4 0.00534836
33581 291.424 8.4278 0.01 1 4 0
33606 290.553 8.41638 0.01 1 5 0
33712 309.652 7.9419 0.01 1 72 0
33771 309.821 7.9291 0.01 1 72 0
33886 292.567 8.41638 0.01 1 4 0
33900 310.398 8.04991 0.01 1 72 0
33944 289.586 8.43255 0.01 1 5 0
34165 327.832 8.25136 0.01 1 120 0
34355 327.832 8.28896 0.01 1 119 0
34380 290.612 8.41638 0.01 1 5 0
34384 290.6 8.44828 0.01 1 5 0
34394 290.6 8.44828 0.01 1 5 0
34417 292.563 8.4278 0.01 1 4 0
34472 288.13 8.52439 0.01 1 5 0
34512 327.832 8.28896 0.01 1 119 0
34522 289.996 8.41638 0.01 1 5 0
34569 292.59 8.52439 0.01 1 4 0
34587 293.674 8.52439 0.01 1 5 0
34681 290.445 8.39184 0.01 1 5 0
34770 307.857 8.05064 0.01 1 72 0
34824 290.313 8.52439 0.01 1 5 0
34842 290.6 8.44828 0.01 1 5 0
34962 293.674 8.52439 0.01 1 5 0
34980 292.567 8.41638 0.01 1 5 0
34986 290.445 8.39184 0.01 1 4 0
35054 292.567 8.41638 0.01 1 3 0
35080 292.842 8.41638 0.01 1 5 0
35097 327.832 8.28896 0.01 1 119 0
35173 309.574 8.46246 0.01 1 72 0
35191 289.996 8.41638 0.01 1 5 0
35281 310.325 8.60718 0.01 1 72 0
35327 291.812 8.41638 0.01 1 5 0.00494825
35341 310.378 8.11683 0.01 1 72 0
35440 309.622 7.92018 0.01 1 72 0
35455 290.553 8.41638 0.01 1 5 0
35490 289.586 8.43255 0.01 1 5 0
35548 290.612 8.41638 0.01 1 5 0
35643 290.313 8.52439 0.01 1 5 0
35647 309.162 7.95088 0.01 1 72 0
35653 309.621 8.27158 0.01 1 72 0
35725 292.468 8.41638 0.01 1 5 0.00104299
35754 290.127 8.21318 0.01 1 4 0
35863 292.59 8.65387 0.01 1 4 0
35912 306.958 7.64917 0.01 1 72 0
35990 292.567 8.41638 0.01 1 4 0
36123 310.378 8.11683 0.01 1 72 0
36163 290.445 8.39184 0.01 1 4 0
36284 309.234 8.19755 0.01 1 72 0
36292 292.563 8.6051 0.01 1 4 0
36448 307.857 7.95272 0.01 1 72 0
36865 308.858 7.8548 0.01 1 72 0
36933 292.567 8.41638 0.01 1 5 0
37029 290.6 8.44828 0.01 1 4 0
37053 309.343 8.17964 0.01 1 72 0
37095 288.409 8.46604 0.01 1 5 0.0162652
37180 290.6 8.44828 0.01 1 5 0
37221 290.6 8.44828 0.01 1 5 0
37246 292.567 8.41638 0.01 1 4 0
37379 309.816 7.90487 0.01 1 72 0
37460 292.59 8.65387 0.01 1 4 0
37501 290.445 8.39184 0.01 1 5 0
37527 307.56 8.35255 0.01 1 72 0
37782 309.821 7.9291 0.01 1 72 0
37797 290.6 8.44828 0.01 1 5 0
37858 292.567 8.34339 0.01 1 5 0
38046 290.612 8.41638 0.01 1 5 0
38101 290.612 8.41638 0.01 1 5 0
38111 292.567 8.34635 0.01 1 3 0
38163 290.6 8.44828 0.01 1 5 0
38339 308.812 7.60417 0.01 1 72 0
38371 290.6 8.44828 0.01 1 5 0
38464 307.899 8.4291 0.01 1 72 -0.000279516
38562 309.343 8.2171 0.01 1 72 0
38655 292.59 8.44273 0.01 1 4 0
38706 292.567 8.41638 0.01 1 4 0
38867 311.054 8.5718 0.01 1 72 0
38881 290.612 8.41638 0.01 1 5 0
38908 292.567 8.41638 0.01 1 3 0
38949 292.567 8.41638 0.01 1 5 0
39082 292.567 8.41638 0.01 1 3 0
39107 309.343 8.17964 0.01 1 72 0
39344 290.563 8.44828 0.01 1 5 0
39372 290.445 8.39184 0.01 1 4 0
39432 309.574 8.46246 0.01 1 72 0
39433 292.567 8.41638 0.01 1 5 0
39488 290.612 8.41638 0.01 1 5 0
39542 290.445 8.39184 0.01 1 4 0
39638 292.567 8.41638 0.01 1 4 0
39697 290.313 8.52439 0.01 1 5 0
39699 307.857 7.95272 0.01 1 72 0
39737 292.567 8.41638 0.01 1 3 0
39766 290.445 8.39184 0.01 1 4 0
39976 307.823 7.82837 0.01 1 72 0
40004 327.832 8.25136 0.01 1 120 0
40047 309.821 8.04991 0.01 1 72 0
40078 290.6 8.44828 0.01 1 4 0
40088 290.988 8.41638 0.01 1 5 -0.00258388
40121 292.567 8.41638 0.01 1 4 0
40189 289.363 8.42182 0.01 1 5 0
40234 293.496 8.51974 0.01 1 5 -0.00537186
40258 290.563 8.44828 0.01 1 5 0
40451 290.6 8.44828 0.01 1 4 0
40542 309.343 8.2171 0.01 1 72 0
40640 309.574 8.46246 0.01 1 72 0
40680 292.842 8.41638 0.01 1 4 0
40697 290.6 8.44828 0.01 1 5 0
40731 292.567 8.41638 0.01 1 4 0
40795 308.858 7.8548 0.01 1 72 0
40813 290.612 8.41638 0.01 1 4 0
41005 291.424 8.4278 0.01 1 5 0
41019 292.567 8.20027 0.01 1 5 0
41021 309.412 7.90475 0.01 1 72 0
41082 327.832 8.28896 0.01 1 119 0
41097 288.854 8.52439 0.01 1 5 0
41138 309.622 7.79236 0.01 1 72 -2.0206e-05
41144 292.563 8.19248 0.01 1 5 0
41255 292.567 8.56648 0.01 1 5 0
41261 309.412 7.90475 0.01 1 72 0
41286 289.586 8.41638 0.01 1 5 0
41294 307.555 7.81835 0.01 1 72 0
41313 292.59 8.52439 0.01 1 5 0
41320 292.567 8.39154 0.01 1 5 0
41323 290.373 8.41638 0.01 1 5 0
41346 289.586 8.41638 0.01 1 5 0
41462 293.777 8.52439 0.01 1 5 0
41475 292.567 8.34635 0.01 1 3 0
41522 309.821 7.9291 0.01 1 72 0
41543 291.35 8.49261 0.01 1 5 0
41609 291.837 8.41638 0.01 1 5 0
41617 290.6 8.30299 0.01 1 5 0
41811 307.052 7.81485 0.01 1 72 0
41821 292.567 8.41638 0.01 1 4 0
41847 292.567 8.41638 0.01 1 4 0
41876 292.59 8.44273 0.01 1 4 0
41891 290.612 8.41638 0.01 1 5 0
41914 291.424 8.4278 0.01 1 5 0
41921 309.689 7.88646 0.01 1 72 0
41977 292.59 8.44273 0.01 1 4 0
42066 292.567 8.4621 0.01 1 4 0
42084 307.857 7.95272 0.01 1 72 0
42097 308.33 8.01643 0.01 1 72 0
42119 292.567 8.41638 0.01 1 5 0
42184 289.996 8.41638 0.01 1 5 0
42200 327.801 8.22585 0.01 1 118 0
42259 306.958 7.64917 0.01 1 72 0
42307 291.852 8.41638 0.01 1 5 0
42375 291.852 8.41638 0.01 1 5 0
42383 290.445 8.39184 0.01 1 4 0
42584 327.832 8.28896 0.01 1 118 0
42597 309.622 7.92018 0.01 1 72 0
42646 290.612 8.41638 0.01 1 5 0
42763 292.563 8.19248 0.01 1 5 0
42817 290.445 8.39184 0.01 1 4 0
42938 290.6 8.44828 0.01 1 5 0
43003 291.424 8.4278 0.01 1 5 0
43027 308.33 8.01643 0.01 1 72 0
43088 290.445 8.49651 0.01 1 4 0
43089 309.343 8.2171 0.01 1 72 0
43155 311.054 8.5718 0.01 1 72 0
43161 290.445 8.39184 0.01 1 4 0
43214 290.612 8.41638 0.01 1 5 0
43231 327.832 8.25136 0.01 1 119 0
43257 289.586 8.43255 0.01 1 5 0
43286 289.586 8.43255 0.01 1 5 0
43314 291.35 8.49261 0.01 1 5 0
43333 309.675 7.92018 0.01 1 72 0
43377 309.343 8.17964 0.01 1 72 0
43378 290.373 8.41638 0.01 1 5 -0.007273
43391 290.612 8.41638 0.01 1 5 0
43393 306.963 8.51757 0.01 1 72 0
43409 292.567 8.41638 0.01 1 5 0
43688 293.496 8.51974 0.01 1 5 0
43725 308.812 7.60417 0.01 1 72 0
43728 309.821 7.9291 0.01 1 72 0
43737 292.59 8.65387 0.01 1 4 0
43755 309.203 8.12633 0.01 1 72 0
43862 293.056 8.41638 0.01 1 4 0
43878 307.822 8.12305 0.01 1 72 0
43945 292.567 8.41638 0.01 1 4 0
44103 306.876 8.07704 0.01 1 72 0
44154 308.33 8.01643 0.01 1 72 0
44281 307.857 7.95272 0.01 1 72 0
44283 290.445 8.39184 0.01 1 4 0
44436 290.6 8.44828 0.01 1 4 0
44512 290.563 8.44828 0.01 1 5 0
44580 290.6 8.21318 0.01 1 5 0
44595 289.996 8.46604 0.01 1 5 0
44620 290.612 8.41638 0.01 1 4 0
44644 310.399 8.3097 0.01 1 72 0
44682 290.445 8.39184 0.01 1 5 0
44740 290.612 8.41638 0.01 1 4 0
44766 290.218 8.53932 0.01 1 5 0
44801 290.445 8.39184 0.01 1 5 0
44816 291.852 8.41638 0.01 1 5 0
45035 307.086 8.16852 0.01 1 72 0
45097 307.56 8.35255 0.01 1 72 0
45164 291.424 8.46986 0.01 1 4 0
45213 291.852 8.40943 0.01 1 5 -9.37097e-05
45319 306.527 8.49791 0.01 1 72 0
45320 308.858 7.8548 0.01 1 72 0
45379 309.622 7.96406 0.01 1 72 0
45388 290.375 8.41638 0.01 1 5 0
45409 290.313 8.52439 0.01 1 5 0
45475 290.225 8.21318 0.01 1 4 0
45486 307.924 8.60718 0.01 1 72 0.000795618
45593 292.567 8.41638 0.01 1 5 0
45614 309.574 8.46246 0.01 1 72 0
45665 309.203 8.27158 0.01 1 72 0
45686 290.445 8.39184 0.01 1 4 0
45846 290.445 8.39184 0.01 1 5 0
45933 290.445 8.39184 0.01 1 3 0
45950 327.832 8.28896 0.01 1 119 0
46049 292.59 8.44273 0.01 1 4 0
46118 307.888 7.95272 0.01 1 72 0
46145 309.652 7.9419 0.01 1 72 0
46149 291.424 8.4278 0.01 1 5 0
46155 292.567 8.32324 0.01 1 4 0
46347 293.496 8.51974 0.01 1 4 0
46364 327.832 8.27452 0.01 1 119 0
46375 290.445 8.39184 0.01 1 3 0
46446 291.587 8.41638 0.01 1 5 0
46451 290.612 8.41638 0.01 1 5 0
46528 311.389 7.78585 0.01 1 72 0
46624 309.412 7.83307 0.01 1 72 0
46648 292.567 8.47926 0.01 1 5 0
46681 290.445 8.49651 0.01 1 5 0
46716 290.445 8.39184 0.01 1 5 0
46762 292.567 8.37224 0.01 1 5 0
46845 309.816 7.79729 0.01 1 72 0
46889 288.13 8.52439 0.01 1 5 0
47052 289.586 8.41638 0.01 1 5 0
47060 310.399 8.3097 0.01 1 72 0
47131 309.816 7.96406 0.01 1 72 0
47263 293.377 8.52439 0.01 1 4 0
47304 309.689 7.88646 0.01 1 72 0
47321 307.56 8.35255 0.01 1 72 0
47473 290.445 8.39184 0.01 1 5 0
47585 292.567 8.41638 0.01 1 4 0
47780 307.857 8.05064 0.01 1 72 0
47821 290.445 8.56636 0.01 1 5 0
47858 308.858 7.8548 0.01 1 72 0
47905 309.652 7.9419 0.01 1 72 0
47944 289.586 8.43255 0.01 1 4 0
48014 292.567 8.41638 0.01 1 3 0
48046 307.189 7.82837 0.01 1 72 0
48057 289.996 8.41638 0.01 1 5 0
48108 309.652 7.9419 0.01 1 72 0
48123 292.567 8.41638 0.01 1 5 0
48357 292.567 8.41638 0.01 1 5 0
48364 290.445 8.39184 0.01 1 4 0
48370 289.363 8.42182 0.01 1 5 0
48577 307.995 8.4291 0.01 1 72 0
48605 311.054 8.5718 0.01 1 72 0
48672 293.056 8.41638 0.01 1 5 0
48791 309.652 7.9419 0.01 1 72 0
48796 309.162 8.05342 0.01 1 72 0
48822 292.567 8.41638 0.01 1 3 0
48833 293.496 8.51974 0.01 1 5 0
48847 311.41 7.86639 0.01 1 72 0
48896 310.325 8.53022 0.01 1 72 0
48909 292.59 8.52439 0.01 1 5 0
48922 290.612 8.41638 0.01 1 5 0
48928 290.445 8.39184 0.01 1 4 0
49010 292.563 8.19248 0.01 1 5 0
49080 292.567 8.41638 0.01 1 4 0
49084 327.801 8.22585 0.01 1 118 0
49134 292.563 8.19248 0.01 1 5 0
49140 327.074 8.18595 0.01 1 118 0
49200 292.567 8.38525 0.01 1 5 0
49238 290.612 8.41638 0.01 1 5 0
49385 288.854 8.52439 0.01 1 4 0
49409 311.41 7.86639 0.01 1 72 0
49426 290.612 8.41638 0.01 1 5 0
49679 309.574 8.46246 0.01 1 72 0
49794 292.638 8.41638 0.01 1 5 0
49900 292.567 8.39154 0.01 1 5 0
49987 292.567 8.41638 0.01 1 4 0
50117 289.996 8.41638 0.01 1 5 0
50160 309.831 7.9419 0.01 1 72 0
50242 290.6 8.44828 0.01 1 5 0
50359 292.567 8.41638 0.01 1 5 0
50446 292.563 8.19248 0.01 1 5 0
50532 290.612 8.41638 0.01 1 5 0
50557 307.052 7.71531 0.01 1 72 0
50560 292.567 8.41638 0.01 1 5 0
50604 291.852 8.41638 0.01 1 3 0
50660 291.424 8.53899 0.01 1 4 0.000933312
50738 308.858 7.8548 0.01 1 72 0
50770 290.445 8.39184 0.01 1 3 0
51034 309.821 7.9291 0.01 1 72 0
51061 292.567 8.28439 0.01 1 4 -0.000598215
51074 290.6 8.44828 0.01 1 5 0
51416 327.832 8.27452 0.01 1 119 0
51486 288.854 8.52439 0.01 1 5 0
51679 306.958 7.71531 0.01 1 72 0
51725 290.445 8.39184 0.01 1 3 0
51914 311.41 7.86639 0.01 1 72 0
51949 290.6 8.44828 0.01 1 4 0
52119 292.567 8.41638 0.01 1 5 0
52361 292.567 8.41638 0.01 1 5 0
52482 292.567 8.41638 0.01 1 4 0
52505 327.832 8.28896 0.01 1 119 0
52553 290.445 8.39184 0.01 1 5 0
52577 290.445 8.39184 0.01 1 4 0
52681 309.412 7.70271 0.01 1 72 0
52691 309.234 8.19755 0.01 1 72 0
52725 290.6 8.44828 0.01 1 5 0
52744 327.832 8.27452 0.01 1 119 0
52843 327.832 8.25136 0.01 1 120 0
52980 292.567 8.41638 0.01 1 4 0
52995 289.996 8.41638 0.01 1 4 0
53026 327.832 8.28896 0.01 1 119 0
53032 289.996 8.46604 0.01 1 5 0
53050 290.445 8.39184 0.01 1 4 0
53054 309.821 7.9291 0.01 1 72 0
53266 292.567 8.41632 0.01 1 4 -6.33299e-07
53341 292.567 8.29301 0.01 1 4 -0.00316174
53359 289.996 8.41638 0.01 1 5 0
53401 290.6 8.44828 0.01 1 4 0
53460 327.832 8.28896 0.01 1 119 0
53468 289.586 8.41638 0.01 1 4 0
53490 291.35 8.49261 0.01 1 5 0
53515 309.162 7.95088 0.01 1 72 0
53542 309.622 7.92018 0.01 1 72 0
53591 307.189 7.82837 0.01 1 72 0
53650 307.888 7.95272 0.01 1 72 0
53696 307.857 7.95272 0.01 1 72 0
53792 290.6 8.44828 0.01 1 5 0
53816 292.567 8.41638 0.01 1 4 0
53977 293.056 8.41638 0.01 1 5 0
54106 292.563 8.6051 0.01 1 5 0
54217 290.6 8.30299 0.01 1 5 0
54227 290.445 8.39184 0.01 1 4 0
54316 292.967 8.77936 0.01 1 4 0
54435 292.567 8.41638 0.01 1 5 0
54467 289.363 8.42182 0.01 1 4 0
54546 290.445 8.39184 0.01 1 5 0
54655 290.612 8.41638 0.01 1 4 0
54854 309.574 8.46246 0.01 1 72 0
54857 292.567 8.3651 0.01 1 5 0
54940 307.56 8.35255 0.01 1 72 0
54944 290.445 8.39184 0.01 1 5 0
55065 327.832 8.25136 0.01 1 120 0
55316 290.445 8.39184 0.01 1 5 0
55356 290.445 8.39184 0.01 1 5 0
55444 292.59 8.65387 0.01 1 4 0
55509 292.567 8.41638 0.01 1 5 0
55571 327.832 8.25136 0.01 1 120 0
55602 291.424 8.4278 0.01 1 5 0
55726 293.316 8.41638 0.01 1 5 -0.00428593
55776 290.6 8.44828 0.01 1 5 0
55809 289.996 8.46604 0.01 1 5 0
55840 290.6 8.44828 0.01 1 5 0
55862 290.612 8.41638 0.01 1 5 0
55897 292.063 8.41638 0.01 1 5 0
55925 292.567 8.41638 0.01 1 5 0
55954 310.378 8.11683 0.01 1 72 0
55964 309.816 7.79729 0.01 1 72 0
56119 309.162 7.96406 0.01 1 72 0
56168 307.555 7.708 0.01 1 72 0
56404 290.127 8.21318 0.01 1 4 0
56431 309.652 7.9419 0.01 1 72 0
56436 291.587 8.41638 0.01 1 5 0
56451 291.966 8.30123 0.01 1 4 0
56480 309.412 7.79234 0.01 1 72 -7.82311e-06
56495 290.6 8.44828 0.01 1 5 0
56515 292.567 8.41638 0.01 1 3 0
56527 292.567 8.56402 0.01 1 4 0
56597 309.816 7.96406 0.01 1 72 0
56779 292.567 8.41638 0.01 1 4 0
56831 311.054 8.5718 0.01 1 72 0
56833 292.567 8.34339 0.01 1 5 0
56835 312.552 8.45309 0.01 1 72 0
56902 292.563 8.19248 0.01 1 5 0
57015 292.567 8.41638 0.01 1 5 0
57211 290.445 8.39184 0.01 1 5 0
57296 290.612 8.41638 0.01 1 5 0
57447 314.654 8.14382 0.01 1 72 0
57499 290.445 8.39184 0.01 1 5 0
57524 327.832 8.28896 0.01 1 119 0
57546 308.51 8.16852 0.01 1 72 0
57559 290.563 8.44828 0.01 1 5 0
57560 327.516 8.21426 0.01 1 120 0
57597 307.458 8.53022 0.01 1 72 0
57648 289.996 8.41638 0.01 1 5 0
57657 309.412 7.90475 0.01 1 72 0
57918 309.652 7.9419 0.01 1 72 0
57932 327.832 8.25136 0.01 1 120 0
57952 327.832 8.28896 0.01 1 119 0
57995 309.622 7.92018 0.01 1 72 0
58047 292.563 8.6051 0.01 1 4 0
58077 292.567 8.41638 0.01 1 5 0
58120 311.807 8.24612 0.01 1 72 0
58132 289.996 8.41638 0.01 1 4 0
58145 309.412 7.83307 0.01 1 72 0
58178 289.586 8.43255 0.01 1 5 0
58296 289.996 8.41638 0.01 1 5 0
58473 290.313 8.52439 0.01 1 4 0
58784 307.052 7.71531 0.01 1 72 0
58801 307.56 8.57314 0.01 1 72 3.71337e-05
58823 310.254 8.11683 0.01 1 72 0
58966 290.612 8.41638 0.01 1 5 0
58999 308.51 8.16852 0.01 1 72 0
59040 292.567 8.41638 0.01 1 4 0
59041 290.375 8.41638 0.01 1 5 0
59075 292.567 8.41638 0.01 1 4 0
59150 291.424 8.4278 0.01 1 5 0
59329 309.821 7.9291 0.01 1 72 0
59413 327.832 8.28896 0.01 1 118 0
59455 292.567 8.41638 0.01 1 5 0
59536 288.13 8.52439 0.01 1 5 0
59608 289.586 8.41638 0.01 1 5 0
59615 309.162 7.95088 0.01 1 72 0
59637 309.162 7.95088 0.01 1 72 0
59681 309.821 7.86622 0.01 1 72 0
59694 290.612 8.41638 0.01 1 5 0
59818 309.652 7.9419 0.01 1 72 0
59919 292.567 8.41638 0.01 1 5 0
59929 294.423 8.52439 0.01 1 5 0
59945 309.821 7.9291 0.01 1 72 0
59950 291.424 8.4278 0.01 1 4 0
59951 309.162 8.05342 0.01 1 72 0
59964 289.586 8.41638 0.01 1 3 0
60023 290.445 8.39184 0.01 1 3 0
60071 309.268 7.90475 0.01 1 72 0
60086 309.652 7.9419 0.01 1 72 0
60174 307.555 7.708 0.01 1 72 0
60298 290.563 8.44828 0.01 1 5 0
60317 309.162 8.05342 0.01 1 72 0
60422 292.567 8.41638 0.01 1 4 0
60434 288.854 8.52439 0.01 1 5 0
60443 309.754 7.68997 0.01 1 72 0
60549 290.84 8.4278 0.01 1 4 0
60662 290.445 8.39184 0.01 1 5 0
60678 292.567 8.37224 0.01 1 3 0
60708 327.832 8.27452 0.01 1 119 0
60732 294.973 8.52439 0.01 1 5 -0.00584817
60868 292.59 8.52439 0.01 1 3 0
60869 309.203 8.27158 0.01 1 72 0
60961 309.574 8.46246 0.01 1 72 0
61009 312.136 8.24612 0.01 1 72 -0.00267124
61090 307.458 8.53022 0.01 1 72 0
61145 306.527 8.49791 0.01 1 72 0
61242 290.6 8.44828 0.01 1 5 0
61305 292.567 8.39154 0.01 1 5 0
61326 290.445 8.39184 0.01 1 5 0
61380 288.854 8.52439 0.01 1 5 0
61402 327.832 8.28896 0.01 1 119 0
61421 291.852 8.41638 0.01 1 4 0
61482 291.424 8.4278 0.01 1 5 0
61500 292.063 8.41638 0.01 1 5 0.00382228
61574 289.82 8.41638 0.01 1 4 0
61665 290.445 8.39184 0.01 1 5 0
61685 290.6 8.44828 0.01 1 5 0
61904 291.35 8.49261 0.01 1 5 0
61940 327.832 8.28896 0.01 1 119 0
61973 327.074 8.18595 0.01 1 118 0
62002 292.567 8.56402 0.01 1 4 0
62020 311.62 8.41157 0.01 1 72 0
62097 327.832 8.28896 0.01 1 119 0
62249 308.33 8.01643 0.01 1 72 0
62285 290.445 8.39184 0.01 1 5 0
62316 292.567 8.41638 0.01 1 3 0
62330 292.59 8.52439 0.01 1 4 0
62424 289.586 8.41638 0.01 1 5 0
62442 307.857 8.05064 0.01 1 72 0
62453 292.567 8.41638 0.01 1 4 0
62458 307.46 7.45692 0.01 1 72 0
62460 289.586 8.41638 0.01 1 5 0
62470 290.445 8.39184 0.01 1 5 0
62591 289.586 8.41638 0.01 1 5 0
62610 311.807 8.19285 0.01 1 72 0
62705 307.086 8.16852 0.01 1 72 0
62711 290.612 8.41638 0.01 1 5 0
62746 289.996 8.46604 0.01 1 5 0
62779 292.567 8.39333 0.01 1 4 0
62849 327.832 8.28896 0.01 1 119 0
62896 291.829 8.46145 0.01 1 5 0
63106 292.567 8.41638 0.01 1 4 0
63169 291.852 8.41638 0.01 1 4 0
63247 289.586 8.41638 0.01 1 5 0
63305 292.563 8.4278 0.01 1 5 0
63363 293.674 8.77936 0.01 1 5 0
63428 291.852 8.41638 0.01 1 5 0
63485 290.612 8.39171 0.01 1 5 -0.000374489
63544 290.225 8.21318 0.01 1 4 0
63552 309.343 8.17964 0.01 1 72 0
63580 293.674 8.77936 0.01 1 5 0
63656 291.424 8.4278 0.01 1 4 0
63665 292.567 8.41638 0.01 1 5 0
63753 310.365 7.92018 0.01 1 72 -0.00231645
63817 292.567 8.38525 0.01 1 5 0
63829 288.854 8.52439 0.01 1 5 0
63884 307.995 8.53022 0.01 1 72 0
64048 290.127 8.21318 0.01 1 4 0
64085 307.56 8.51614 0.01 1 72 0
64113 292.567 8.41638 0.01 1 3 0
64206 290.127 8.21318 0.01 1 4 0
64212 292.567 8.41638 0.01 1 5 0
64283 292.567 8.41638 0.01 1 4 0
64367 292.567 8.41638 0.01 1 5 0
64383 327.832 8.28896 0.01 1 119 0
64425 307.086 8.16852 0.01 1 72 0
64528 292.567 8.56402 0.01 1 4 0
64629 306.958 7.64917 0.01 1 72 0
64663 289.586 8.41638 0.01 1 5 0
64697 310.378 8.11683 0.01 1 72 0
64715 290.6 8.44828 0.01 1 4 0
64769 290.445 8.39184 0.01 1 5 0
64775 290.612 8.41638 0.01 1 4 0
64784 327.516 8.28896 0.01 1 120 0
64815 291.424 8.4278 0.01 1 4 0
64829 292.567 8.41638 0.01 1 4 0
64879 309.652 7.9419 0.01 1 72 0
65124 290.445 8.39184 0.01 1 4 0
65172 311.41 7.86639 0.01 1 72 0
65195 290.445 8.39184 0.01 1 5 0
65201 289.996 8.41638 0.01 1 5 0
65263 310.995 7.82907 0.01 1 72 0
65377 290.445 8.39184 0.01 1 4 0
65538 307.555 7.81835 0.01 1 72 0
65627 309.574 8.46246 0.01 1 72 0
65715 309.396 7.96406 0.01 1 72 0
65725 290.6 8.44828 0.01 1 5 0
65785 307.458 8.53022 0.01 1 72 0
65807 288.13 8.52439 0.01 1 5 0
65992 311.054 8.57286 0.01 1 72 0
66006 292.567 8.38525 0.01 1 5 0
66030 292.842 8.41638 0.01 1 3 0
66132 293.843 8.51974 0.01 1 5 -0.00177617
66179 292.567 8.41638 0.01 1 5 0
66184 306.527 8.49791 0.01 1 72 0
66185 308.878 7.98875 0.01 1 72 0
66256 292.563 8.6051 0.01 1 4 0
66402 309.203 8.27158 0.01 1 72 0
66423 290.445 8.39184 0.01 1 5 0
66459 290.445 8.30852 0.01 1 5 -0.00128021
66545 307.56 8.51614 0.01 1 72 0
66590 290.612 8.41638 0.01 1 3 0
66594 309.652 7.9419 0.01 1 72 0
66724 310.378 8.11683 0.01 1 72 0
66747 292.567 8.41638 0.01 1 3 0
66790 291.852 8.41638 0.01 1 4 0
66887 289.586 8.41638 0.01 1 5 0
66956 292.59 8.52439 0.01 1 3 0
67107 291.424 8.4278 0.01 1 4 0
67120 291.424 8.46986 0.01 1 5 0
67165 290.445 8.39184 0.01 1 5 0
67174 291.424 8.4278 0.01 1 4 0
67224 309.396 7.96406 0.01 1 72 0
67302 327.832 8.28896 0.01 1 118 0
67334 327.832 8.28896 0.01 1 119 0
67361 290.313 8.52439 0.01 1 5 0
67454 292.567 8.41638 0.01 1 3 0
67500 308.858 7.8548 0.01 1 72 0
67649 292.567 8.41638 0.01 1 4 0
67651 309.652 7.9419 0.01 1 72 0
67764 292.567 8.41638 0.01 1 4 0
67783 290.445 8.39184 0.01 1 5 0
68053 290.127 8.21318 0.01 1 4 0
68054 292.567 8.34339 0.01 1 5 0
68113 290.445 8.39184 0.01 1 3 0
68118 290.6 8.44828 0.01 1 5 0
68121 292.567 8.41638 0.01 1 5 0
68143 307.052 7.71531 0.01 1 72 0
68148 288.854 8.50517 0.01 1 5 0
68297 292.567 8.41638 0.01 1 4 0
68353 290.445 8.39184 0.01 1 4 0
68426 289.586 8.41638 0.01 1 5 0
68497 290.612 8.41638 0.01 1 4 0
68569 289.996 8.41638 0.01 1 5 0
68624 308.812 7.60417 0.01 1 72 0
68715 307.822 8.25099 0.01 1 72 0
68718 307.56 8.51614 0.01 1 72 0
68743 311.62 8.41157 0.01 1 72 0
68880 309.652 7.9419 0.01 1 72 0
68923 327.516 8.21426 0.01 1 120 0
68924 290.445 8.39184 0.01 1 3 0
68999 308.33 8.01643 0.01 1 72 0
69070 309.412 7.70271 0.01 1 72 0
69076 307.142 8.3963 0.01 1 72 0
69087 309.821 7.9291 0.01 1 72 0
69202 290.445 8.39184 0.01 1 5 0
69223 292.563 8.29723 0.01 1 5 0
69239 290.6 8.44828 0.01 1 5 0
69251 292.567 8.47926 0.01 1 5 0
69295 292.567 8.41638 0.01 1 4 0
69301 290.445 8.59869 0.01 1 4 0.00151566
69421 290.607 8.4278 0.01 1 5 0
69491 308.878 7.98875 0.01 1 72 2.98023e-08
69580 308.858 7.8548 0.01 1 72 0
69702 291.424 8.4278 0.01 1 5 0
69759 290.445 8.39184 0.01 1 4 0
69789 307.555 7.81835 0.01 1 72 0
69797 293.644 8.41638 0.01 1 5 -0.00597609
69802 311.62 8.41157 0.01 1 72 0
69909 293.377 8.52439 0.01 1 3 0
69940 291.545 8.41638 0.01 1 5 0.00686152
70095 292.567 8.38525 0.01 1 5 0
70145 311.807 8.24612 0.01 1 72 0
70353 292.563 8.6051 0.01 1 4 0
70420 290.6 8.44828 0.01 1 5 0
70592 290.445 8.39184 0.01 1 4 0
70632 290.445 8.39184 0.01 1 5 0
70723 306.958 7.71531 0.01 1 72 0
70726 291.852 8.41638 0.01 1 5 0
70772 290.84 8.4278 0.01 1 5 0
70808 289.363 8.41638 0.01 1 5 0
70864 290.612 8.41638 0.01 1 5 0
70870 289.996 8.41638 0.01 1 5 0
70937 290.612 8.41638 0.01 1 5 0
70946 291.852 8.41638 0.01 1 3 0
70994 327.832 8.28896 0.01 1 119 0
71105 327.516 8.21426 0.01 1 120 0
71128 309.162 8.05342 0.01 1 72 0
71161 307.857 7.95272 0.01 1 72 0
71426 307.899 8.4291 0.01 1 72 0
71444 292.563 8.4278 0.01 1 3 0
71485 327.832 8.28896 0.01 1 119 0
71489 307.052 7.71531 0.01 1 72 0
71500 290.6 8.30299 0.01 1 5 0
71531 309.816 7.90487 0.01 1 72 -4.02331e-05
71601 309.652 7.9419 0.01 1 72 0
71707 293.674 8.77936 0.01 1 5 0
71910 309.622 7.92018 0.01 1 72 0
71948 290.313 8.52439 0.01 1 5 0
71966 310.415 8.53022 0.01 1 72 0
71979 309.203 8.27158 0.01 1 72 0
72043 293.59 8.41638 0.01 1 3 0
72074 292.59 8.44273 0.01 1 4 0
72270 310.144 8.45278 0.01 1 72 0
72301 290.6 8.44828 0.01 1 5 0
72326 290.612 8.41638 0.01 1 5 0
72340 309.821 8.04991 0.01 1 72 0
72390 327.14 8.28896 0.01 1 119 0
72460 290.6 8.44828 0.01 1 5 0
72492 292.563 8.6051 0.01 1 4 0
72502 292.567 8.41638 0.01 1 5 0
72549 292.272 8.4278 0.01 1 5 0
72554 309.343 8.17964 0.01 1 72 0
72581 289.586 8.41638 0.01 1 5 0
72591 290.6 8.44828 0.01 1 5 0
72681 308.501 8.12633 0.01 1 72 0
72724 308.878 7.98875 0.01 1 72 0
72826 292.567 8.41638 0.01 1 3 0
72858 292.567 8.56648 0.01 1 4 0
73002 307.086 8.16852 0.01 1 72 0
73081 327.801 8.22585 0.01 1 118 0
73094 289.586 8.47685 0.01 1 5 0.000984978
73120 290.445 8.39184 0.01 1 5 0
73224 293.056 8.41638 0.01 1 5 0
73315 292.967 8.77936 0.01 1 4 0
73458 289.538 8.39184 0.01 1 3 0.00721981
73484 308.908 7.8548 0.01 1 72 1.91927e-05
73772 289.586 8.41638 0.01 1 5 0
73977 289.586 8.43255 0.01 1 5 0
74056 292.567 8.41638 0.01 1 5 0
74209 290.445 8.39184 0.01 1 4 0
