max_pf 103 min_pf 22
individual T0 sigma disp_rate r0 patch_no mut_eff
39 317.052 8.50607 0.01 1 101 0
48 308.026 7.94853 0.01 1 72 0
91 296.021 7.79306 0.01 1 23 0
101 317.052 8.50607 0.01 1 102 0
131 309.779 7.71243 0.01 1 72 0
220 295.005 7.79306 0.01 1 22 0
239 318.576 8.50607 0.01 1 101 0
278 296.021 7.79306 0.01 1 24 0
282 309.779 7.77146 0.01 1 72 0
286 296.021 7.79306 0.01 1 23 0
310 297.084 7.95836 0.01 1 24 0
323 310.71 8.44852 0.01 1 72 0
336 296.021 7.79306 0.01 1 24 0
349 298.007 7.79306 0.01 1 24 0
393 296.021 7.79306 0.01 1 24 0
422 298.007 7.79306 0.01 1 23 0
442 298.007 7.79306 0.01 1 24 0
487 317.052 8.50607 0.01 1 103 0
498 296.021 7.79306 0.01 1 23 0
511 296.021 7.64519 0.01 1 24 0
533 298.007 7.7854 0.01 1 24 -0.0013311
544 297.947 8.01194 0.01 1 24 0
550 296.021 7.79306 0.01 1 24 0
610 296.021 7.79306 0.01 1 23 0
641 317.052 8.50607 0.01 1 102 0
645 298.007 7.79306 0.01 1 24 0
661 298.007 7.81851 0.01 1 23 0
674 295.005 7.79306 0.01 1 22 0
718 295.671 7.97231 0.01 1 24 0.00802948
725 296.474 7.82038 0.01 1 24 0
729 296.021 7.79306 0.01 1 23 0
742 296.021 7.78533 0.01 1 23 0
767 296.707 7.79306 0.01 1 23 -0.00835655
769 306.609 7.49949 0.01 1 72 0
779 296.021 7.79306 0.01 1 22 0
782 296.021 7.79306 0.01 1 23 0
828 297.084 8.08795 0.01 1 24 0.00234194
830 309.717 8.3547 0.01 1 72 0
866 295.005 7.79306 0.01 1 22 0
867 314.563 8.46371 0.01 1 102 0
876 296.021 7.79306 0.01 1 22 0
889 294.999 7.79306 0.01 1 24 0
932 296.021 7.79306 0.01 1 24 0
961 298.007 7.79306 0.01 1 24 0
992 295.968 7.79306 0.01 1 23 0
995 298.007 8.09054 0.01 1 24 0
1041 307.649 7.99097 0.01 1 72 0
1044 296.021 7.79306 0.01 1 23 0
1053 305.482 7.68538 0.01 1 72 -0.00508796
1085 297.179 7.79306 0.01 1 24 -0.0145068
1113 296.021 7.79306 0.01 1 24 0
1130 310.224 7.87538 0.01 1 72 0
1144 296.021 7.83084 0.01 1 23 0.000704378
1166 296.021 7.79306 0.01 1 24 0
1184 293.585 7.79306 0.01 1 23 0
1192 296.021 7.7071 0.01 1 23 0
1235 310.224 7.87538 0.01 1 72 0
1239 296.021 7.79306 0.01 1 22 0
1313 298.007 7.84379 0.01 1 23 0
1322 307.564 8.20626 0.01 1 72 0
1358 308.961 7.94224 0.01 1 72 0
1366 296.021 7.79306 0.01 1 24 0
1384 296.474 7.82038 0.01 1 23 0
1399 298.007 7.85899 0.01 1 24 0
1405 313.197 8.20626 0.01 1 72 0
1421 308.026 7.94853 0.01 1 72 0
1502 297.048 7.83072 0.01 1 24 0
1563 308.397 7.97668 0.01 1 72 0
1591 307.649 7.99097 0.01 1 72 0
1595 295.005 7.79306 0.01 1 22 0
1617 295.005 7.79306 0.01 1 22 0
1694 309.263 8.24959 0.01 1 72 0
1702 296.021 7.79306 0.01 1 24 0
1704 317.369 8.50607 0.01 1 102 0
1764 296.059 7.79306 0.01 1 23 0
1788 298.007 7.80738 0.01 1 22 0
1798 296.021 7.79306 0.01 1 24 0
1819 317.052 8.50607 0.01 1 102 0
1843 296.021 7.79306 0.01 1 24 0
1861 315.913 8.48794 0.01 1 101 0
1865 298.007 7.80738 0.01 1 22 0
1899 296.021 7.85599 0.01 1 24 0
1921 310.224 7.87538 0.01 1 72 0
1926 297.084 7.95836 0.01 1 24 0
1946 310.639 8.23715 0.01 1 72 0
2028 296.021 7.79306 0.01 1 24 0
2033 295.005 7.79306 0.01 1 24 0
2046 309.083 8.20626 0.01 1 72 0
2061 310.714 8.201 0.01 1 72 0
2084 309.263 8.28114 0.01 1 72 0
2089 310.224 7.87538 0.01 1 72 0
2091 296.059 7.79306 0.01 1 24 0
2103 296.021 7.79306 0.01 1 24 0
2106 296.021 7.79306 0.01 1 22 0
2116 298.007 7.79306 0.01 1 24 0
2137 308.026 7.94853 0.01 1 72 0
2145 297.509 7.67888 0.01 1 24 0
2162 296.021 7.79306 0.01 1 22 0
2187 296.021 7.64519 0.01 1 24 0
2194 305.854 7.75861 0.01 1 72 0
2197 295.005 7.79306 0.01 1 22 0
2214 298.949 7.79306 0.01 1 24 0
2287 308.669 8.18361 0.01 1 72 0
2336 316.277 8.48794 0.01 1 101 0
2340 310.224 7.87538 0.01 1 72 0
2347 296.021 7.79306 0.01 1 24 0
2432 295.005 7.79306 0.01 1 23 0
2458 296.021 7.79306 0.01 1 23 0
2462 296.021 7.79306 0.01 1 23 0
2505 296.021 7.83084 0.01 1 23 0
2571 295.005 7.79306 0.01 1 23 0
2574 310.224 7.87538 0.01 1 72 0
2642 297.048 7.83072 0.01 1 24 0
2658 298.007 7.67888 0.01 1 23 0
2664 305.975 7.64716 0.01 1 72 0
2682 297.048 7.83072 0.01 1 24 0
2758 297.084 7.95836 0.01 1 24 0
2851 296.149 7.79306 0.01 1 24 0
2875 311.097 8.20626 0.01 1 72 0
2877 296.021 7.79306 0.01 1 23 0
2881 296.021 7.70269 0.01 1 23 0
2931 317.369 8.50607 0.01 1 102 0
2943 305.99 7.76446 0.01 1 72 0
3008 296.021 7.79306 0.01 1 23 0
3059 296.021 7.79306 0.01 1 23 0
3088 295.005 7.79306 0.01 1 23 0
3124 296.021 7.79306 0.01 1 23 0
3174 296.021 7.79306 0.01 1 23 0
3220 296.021 7.69549 0.01 1 23 0
3236 296.021 7.79306 0.01 1 23 0
3245 296.021 7.79306 0.01 1 24 0
3267 317.052 8.50607 0.01 1 102 0
3289 296.021 7.79306 0.01 1 23 0
3318 298.007 8.09054 0.01 1 24 0
3323 295.593 7.71445 0.01 1 24 -0.00147896
3348 296.021 7.78151 0.01 1 23 0
3405 296.021 7.74409 0.01 1 24 0
3430 296.248 7.79306 0.01 1 24 0
3466 309.82 8.23836 0.01 1 72 0
3469 296.021 7.79306 0.01 1 22 0
3483 296.021 7.79306 0.01 1 24 0
3488 296.021 7.79306 0.01 1 23 0
3549 296.021 7.79306 0.01 1 24 0
3575 310.71 8.41546 0.01 1 72 0
3596 308.991 8.10543 0.01 1 72 0
3627 309.298 8.08084 0.01 1 72 0
3643 309.475 8.41823 0.01 1 72 0
3665 317.052 8.50607 0.01 1 101 0
3704 296.021 7.79306 0.01 1 23 0
3715 308.026 7.94853 0.01 1 72 0
3746 308.656 7.87058 0.01 1 72 -0.000189483
3751 296.021 7.79306 0.01 1 22 0
3759 296.021 7.79306 0.01 1 23 0
3768 310.224 7.87538 0.01 1 72 0
3769 296.474 7.78562 0.01 1 24 -0.000649333
3771 318.017 8.43899 0.01 1 101 0
3774 295.005 7.79306 0.01 1 22 0
3778 294.999 7.79306 0.01 1 24 0
3814 308.279 8.127 0.01 1 72 0
3819 296.021 7.79306 0.01 1 24 0
3823 298.007 7.85899 0.01 1 23 0
3865 317.052 8.50607 0.01 1 102 0
3867 295.968 7.79306 0.01 1 22 0
3887 308.97 7.74915 0.01 1 72 0
3940 296.021 7.79306 0.01 1 22 0
3959 316.277 8.48794 0.01 1 101 0
3970 296.021 7.79306 0.01 1 22 0
4022 294.943 7.79306 0.01 1 24 0
4023 295.005 7.79306 0.01 1 23 0
4034 296.021 7.79306 0.01 1 24 0
4065 308.329 7.72531 0.01 1 72 0
4075 313.566 8.49311 0.01 1 101 0
4090 308.279 8.127 0.01 1 72 0
4119 295.215 7.79306 0.01 1 23 0.00354367
4131 317.052 8.50607 0.01 1 101 0
4169 298.007 7.79306 0.01 1 24 0
4201 296.021 7.79306 0.01 1 24 0
4233 295.005 7.79306 0.01 1 22 0
4241 295.005 7.83605 0.01 1 24 0
4274 295.737 7.79306 0.01 1 24 0
4286 310.713 8.0371 0.01 1 72 0
4294 317.052 8.50607 0.01 1 101 0
4299 298.007 7.90807 0.01 1 23 0
4330 293.645 7.79306 0.01 1 23 0
4352 296.021 7.79306 0.01 1 24 0
4378 309.74 8.3547 0.01 1 72 0
4401 296.021 7.79306 0.01 1 23 0
4428 293.645 7.79306 0.01 1 22 0
4467 298.007 7.79306 0.01 1 24 0
4508 296.021 7.78151 0.01 1 23 0
4654 296.021 7.79306 0.01 1 23 0
4655 296.021 7.79306 0.01 1 23 0
4671 309.293 8.11134 0.01 1 72 0
4676 298.007 7.79306 0.01 1 24 0
4723 294.943 7.79306 0.01 1 24 0
4734 308.026 7.94853 0.01 1 72 0
4749 296.021 7.79306 0.01 1 22 0
4758 296.021 7.79306 0.01 1 23 0
4784 295.968 7.79306 0.01 1 24 0
4785 308.669 8.18361 0.01 1 72 0
4853 296.021 7.79306 0.01 1 23 0
4859 317.052 8.50607 0.01 1 102 0
4879 296.021 7.79306 0.01 1 24 0
4894 317.052 8.50607 0.01 1 103 0
4908 296.059 7.79306 0.01 1 22 0
4910 310.145 8.28098 0.01 1 72 0
4932 296.021 7.79306 0.01 1 24 0
4943 295.005 7.79306 0.01 1 23 0
4944 296.059 7.79306 0.01 1 23 0
4980 305.462 7.97194 0.01 1 72 0
4993 306.926 7.91159 0.01 1 72 0
5009 310.337 8.20626 0.01 1 72 0
5029 297.444 7.79306 0.01 1 24 0
5036 296.021 7.79306 0.01 1 23 0
5080 294.757 7.79306 0.01 1 22 0
5105 298.007 7.67888 0.01 1 24 0
5135 296.059 7.79306 0.01 1 22 0
5163 296.021 7.79306 0.01 1 23 0
5188 313.832 8.49311 0.01 1 102 0
5198 298.007 7.79306 0.01 1 24 0
5206 296.059 7.79306 0.01 1 24 0
5224 296.021 7.79306 0.01 1 24 0
5229 295.005 7.79306 0.01 1 24 0
5254 294.943 7.79306 0.01 1 24 0
5267 317.052 8.50607 0.01 1 101 0
5302 296.021 7.83084 0.01 1 23 0
5341 308.017 7.88693 0.01 1 72 0
5357 317.052 8.50607 0.01 1 102 0
5389 293.585 7.65215 0.01 1 22 0
5474 308.203 7.98366 0.01 1 72 0
5491 297.386 7.79306 0.01 1 24 0
5501 308.279 8.127 0.01 1 72 0
5508 298.007 7.79306 0.01 1 23 0
5520 296.021 7.74592 0.01 1 24 0
5559 295.476 7.79306 0.01 1 23 0
5603 317.052 8.50607 0.01 1 101 0
5713 296.021 7.79306 0.01 1 24 0
5739 296.021 7.70269 0.01 1 23 0
5743 296.021 7.69549 0.01 1 23 0
5759 308.279 8.127 0.01 1 72 0
5764 296.021 7.79306 0.01 1 22 0
5795 298.007 7.79306 0.01 1 22 0
5851 296.021 7.79306 0.01 1 22 0
5878 298.007 7.79306 0.01 1 24 0
5902 317.052 8.50607 0.01 1 101 0
5909 306.737 8.18154 0.01 1 72 0
5926 296.021 7.79306 0.01 1 24 0
5930 318.017 8.43899 0.01 1 101 0
5947 308.97 7.74915 0.01 1 72 0
5990 295.476 7.79306 0.01 1 23 0
6022 296.021 7.79306 0.01 1 23 0
6088 296.021 7.79306 0.01 1 24 0
6117 298.007 7.80738 0.01 1 22 0
6132 298.007 7.81851 0.01 1 23 0
6133 309.475 8.41823 0.01 1 72 0
6148 317.052 8.50607 0.01 1 101 0
6150 296.021 7.79306 0.01 1 24 0
6161 294.999 7.79306 0.01 1 24 0
6175 296.021 7.79306 0.01 1 23 0
6185 296.021 7.79306 0.01 1 23 0
6188 309.02 7.87058 0.01 1 72 0
6210 307.385 8.17476 0.01 1 72 0
6211 296.021 7.70269 0.01 1 23 0
6232 298.007 7.79306 0.01 1 24 0
6264 317.052 8.50607 0.01 1 102 0
6281 296.021 7.79306 0.01 1 23 0
6304 295.005 7.73918 0.01 1 22 -0.00101452
6318 296.021 7.85599 0.01 1 24 0
6322 306.737 8.18154 0.01 1 72 0
6354 296.021 7.79306 0.01 1 23 0
6368 295.005 7.79306 0.01 1 23 0
6382 295.737 7.79306 0.01 1 24 0
6401 295.857 7.79306 0.01 1 24 -0.00161488
6482 296.021 7.79306 0.01 1 23 0
6498 295.968 7.79306 0.01 1 23 0
6534 296.021 7.79306 0.01 1 23 0
6557 315.913 8.48794 0.01 1 101 0
6598 313.566 8.49311 0.01 1 101 0
6632 309.717 8.3547 0.01 1 72 0
6739 295.005 7.79306 0.01 1 22 0
6854 310.224 7.87538 0.01 1 72 0
6863 310.639 8.23715 0.01 1 72 0
6885 309.298 7.82116 0.01 1 72 0
7000 296.059 7.63167 0.01 1 23 -0.00303821
7043 317.052 8.50607 0.01 1 102 0
7062 295.737 7.74108 0.01 1 23 0
7075 296.021 7.79306 0.01 1 24 0
7104 309.717 8.3547 0.01 1 72 0
7110 294.155 7.79306 0.01 1 22 0.0116938
7132 310.713 8.15704 0.01 1 72 0.00012885
7157 310.344 8.28098 0.01 1 72 0
7169 298.007 7.90807 0.01 1 22 0
7172 296.021 7.79306 0.01 1 22 0
7180 296.021 7.79306 0.01 1 24 0
7234 296.059 7.79306 0.01 1 24 0
7322 298.007 7.67888 0.01 1 23 0
7406 316.277 8.44485 0.01 1 102 0
7430 293.585 7.79306 0.01 1 23 0
7438 296.021 7.79306 0.01 1 23 0
7452 296.021 7.69549 0.01 1 23 0
7474 296.021 7.79306 0.01 1 23 0
7497 296.059 7.79306 0.01 1 24 0
7509 309.779 7.89051 0.01 1 72 0
7512 296.021 7.79306 0.01 1 23 0
7517 296.021 7.79306 0.01 1 23 0
7561 296.021 7.79306 0.01 1 23 0
7568 296.021 7.79306 0.01 1 24 0
7654 296.021 7.79306 0.01 1 23 0
7656 305.99 7.76446 0.01 1 72 0
7685 298.007 7.79306 0.01 1 24 0
7704 309.083 8.20626 0.01 1 72 0
7743 310.337 8.20626 0.01 1 72 0
7792 309.17 8.23836 0.01 1 72 0.000939131
7796 297.048 7.83072 0.01 1 24 0
7831 316.277 8.48794 0.01 1 101 0
7847 298.007 7.90807 0.01 1 24 0
7893 296.021 7.79306 0.01 1 24 0
7899 294.943 7.79306 0.01 1 24 0
7901 296.021 7.69549 0.01 1 23 0
7909 296.021 7.79306 0.01 1 22 0
7910 298.007 7.90807 0.01 1 24 0
7919 293.585 7.79306 0.01 1 23 0
7975 298.007 7.67888 0.01 1 23 0
8014 296.021 7.7071 0.01 1 23 0
8020 295.968 7.79306 0.01 1 23 0
8023 308.329 7.90321 0.01 1 72 5.60284e-06
8066 296.021 7.79306 0.01 1 23 0
8145 308.017 7.96743 0.01 1 72 0
8150 293.645 7.79306 0.01 1 22 0
8260 296.021 7.79306 0.01 1 23 0
8274 296.021 7.73067 0.01 1 24 0
8291 296.248 7.79306 0.01 1 24 0
8294 296.474 7.82038 0.01 1 23 0
8322 296.021 7.79306 0.01 1 24 0
8325 296.021 7.79306 0.01 1 24 0
8337 296.059 7.79306 0.01 1 23 0
8385 296.059 7.79306 0.01 1 23 0
8419 296.059 7.79306 0.01 1 24 0
8441 309.083 8.20626 0.01 1 72 0
8473 307.385 8.17476 0.01 1 72 0
8504 296.101 7.79306 0.01 1 24 0
8511 310.71 8.44852 0.01 1 72 0
8601 298.007 7.90807 0.01 1 24 0
8621 310.337 8.20626 0.01 1 72 0
8649 308.279 8.127 0.01 1 72 0
8704 296.021 7.73782 0.01 1 24 0
8724 317.052 8.50607 0.01 1 102 0
8732 296.021 7.79306 0.01 1 22 0
8832 309.271 8.3547 0.01 1 72 0
8836 298.007 7.79306 0.01 1 24 0
8854 298.007 7.85899 0.01 1 22 0
8880 296.021 7.79306 0.01 1 24 0
8888 294.757 7.79306 0.01 1 22 0.0169463
8891 317.052 8.50607 0.01 1 101 0
8940 296.059 7.63167 0.01 1 23 0
8989 317.052 8.50607 0.01 1 102 0
8999 293.585 7.79306 0.01 1 23 0
9003 308.026 7.94853 0.01 1 72 0
9029 295.005 7.79306 0.01 1 22 0
9055 296.021 7.70269 0.01 1 23 0
9119 313.566 8.55771 0.01 1 101 0.00103691
9126 296.021 7.69549 0.01 1 23 0
9191 296.021 7.79306 0.01 1 24 0
9215 296.021 7.79306 0.01 1 22 0
9246 296.021 7.73349 0.01 1 23 0
9284 317.052 8.50607 0.01 1 101 0
9301 296.059 7.79306 0.01 1 23 0
9515 296.021 7.79306 0.01 1 24 0
9523 317.052 8.50607 0.01 1 101 0
9527 296.021 7.79306 0.01 1 22 0
9533 296.021 7.79306 0.01 1 23 0
9539 296.474 7.82038 0.01 1 24 0
9541 296.021 7.73782 0.01 1 23 -0.00104009
9546 295.005 7.79306 0.01 1 24 0
9609 298.007 7.79306 0.01 1 24 0
9631 297.444 7.79306 0.01 1 24 0
9659 296.021 7.79306 0.01 1 23 0
9663 296.101 7.79306 0.01 1 24 0
9665 295.005 7.79306 0.01 1 22 0
9681 296.021 7.69549 0.01 1 23 0
9714 296.474 7.82038 0.01 1 23 0
9733 308.97 7.74915 0.01 1 72 0
9806 310.713 8.0371 0.01 1 72 0
9831 296.021 7.79306 0.01 1 22 0
9860 310.71 8.41546 0.01 1 72 0
9863 296.059 7.79306 0.01 1 22 0
9874 296.021 7.79306 0.01 1 23 0
9905 309.82 8.23836 0.01 1 72 0
9919 296.021 7.79306 0.01 1 24 0
9975 296.149 7.79306 0.01 1 24 -0.00168568
9985 297.048 7.83072 0.01 1 24 0
9999 317.052 8.50607 0.01 1 101 0
10054 298.007 7.79306 0.01 1 23 0
10080 309.82 8.23836 0.01 1 72 0
10088 296.021 7.79306 0.01 1 23 0
10089 298.007 7.79306 0.01 1 24 0
10096 298.007 7.79306 0.01 1 24 0
10104 297.179 7.79306 0.01 1 24 0
10105 296.021 7.79306 0.01 1 24 0
10118 295.005 7.79306 0.01 1 22 0
10122 296.021 7.79306 0.01 1 23 0
10132 296.021 7.79306 0.01 1 23 0
10163 296.059 7.79306 0.01 1 24 0
10181 310.224 7.87538 0.01 1 72 0
10213 298.007 7.79306 0.01 1 23 0
10245 296.021 7.79306 0.01 1 23 0
10248 298.007 8.04163 0.01 1 24 0
10251 296.021 7.79306 0.01 1 23 0
10274 296.021 7.78533 0.01 1 23 0
10330 317.052 8.50607 0.01 1 101 0
10343 317.052 8.50607 0.01 1 102 0
10362 309.298 8.08084 0.01 1 72 0
10393 305.975 7.64716 0.01 1 72 0
10410 294.493 7.65215 0.01 1 23 -0.0135117
10487 296.021 7.79306 0.01 1 24 0
10534 310.305 7.78427 0.01 1 72 0
10566 296.021 7.79306 0.01 1 23 0
10608 305.462 7.97194 0.01 1 72 0
10615 305.99 7.76446 0.01 1 72 0
10667 296.021 7.79306 0.01 1 24 0
10693 317.052 8.50607 0.01 1 101 0
10704 294.943 7.79306 0.01 1 24 0
10790 296.021 7.79306 0.01 1 22 0
10816 296.021 7.79306 0.01 1 23 0
10828 312.323 8.03409 0.01 1 72 0
10835 295.968 7.79306 0.01 1 23 0
10893 317.052 8.50607 0.01 1 101 0
10918 296.021 7.79306 0.01 1 24 0
10925 296.021 7.79306 0.01 1 23 0
10982 308.828 8.34586 0.01 1 72 0
10988 297.048 7.83072 0.01 1 24 0
11016 296.021 7.79306 0.01 1 24 0
11060 296.021 7.79306 0.01 1 22 0
11063 296.021 7.79306 0.01 1 22 0
11067 296.021 7.79306 0.01 1 24 0
11177 309.083 8.20626 0.01 1 72 0
11208 296.021 7.79306 0.01 1 24 0
11212 296.021 7.79306 0.01 1 24 0
11229 296.021 7.79306 0.01 1 24 0
11230 296.021 7.83084 0.01 1 23 0
11262 296.021 7.79306 0.01 1 24 0
11269 295.005 7.79306 0.01 1 23 0
11282 309.82 8.23836 0.01 1 72 0
11288 296.021 7.79306 0.01 1 24 0
11338 296.021 7.69549 0.01 1 23 0
11342 313.832 8.49311 0.01 1 103 0
11345 296.021 7.79306 0.01 1 24 0
11352 295.968 7.79306 0.01 1 23 0
11366 296.021 7.79306 0.01 1 23 0
11389 296.059 7.79306 0.01 1 23 0
11411 309.091 7.48048 0.01 1 72 0
11475 307.305 8.00617 0.01 1 72 0
11487 318.017 8.43899 0.01 1 101 0
11514 296.021 7.79306 0.01 1 24 0
11544 298.323 7.79306 0.01 1 24 0
11576 296.021 7.73349 0.01 1 23 -0.00111671
11577 296.021 7.75869 0.01 1 24 0
11610 296.021 7.79306 0.01 1 22 0
11620 305.462 7.97194 0.01 1 72 0
11639 310.314 8.0371 0.01 1 72 0
11653 310.71 8.44852 0.01 1 72 0
11662 305.99 7.76446 0.01 1 72 0
11670 311.392 7.79838 0.01 1 72 0
11677 296.021 7.79306 0.01 1 23 0
11694 308.026 7.94853 0.01 1 72 0
11708 296.021 7.7071 0.01 1 23 0
11733 296.021 7.79306 0.01 1 22 0
11738 294.943 7.79507 0.01 1 24 3.68208e-05
11855 296.021 7.79306 0.01 1 24 0
11866 296.021 7.75869 0.01 1 24 0
11869 305.755 7.88533 0.01 1 72 0
11890 295.005 7.79306 0.01 1 22 0
11915 297.048 7.83072 0.01 1 24 0
11943 298.007 7.81851 0.01 1 23 0
11970 310.337 8.20626 0.01 1 72 0
12048 296.021 7.79306 0.01 1 23 0
12144 296.021 7.79306 0.01 1 23 0
12163 317.052 8.50607 0.01 1 102 0
12179 317.052 8.50607 0.01 1 103 0
12212 298.007 7.67888 0.01 1 24 0
12272 305.975 7.59259 0.01 1 72 -0.00020729
12278 297.048 7.83072 0.01 1 24 0
12318 296.021 7.79306 0.01 1 23 0
12340 296.021 7.79306 0.01 1 24 0
12373 316.277 8.48794 0.01 1 102 0
12386 314.563 8.46371 0.01 1 102 0
12389 317.052 8.50607 0.01 1 102 0
12448 309.475 8.41823 0.01 1 72 0
12456 296.021 7.79306 0.01 1 24 0
12500 296.021 7.87962 0.01 1 23 0.00161479
12521 308.487 8.127 0.01 1 72 0.000383779
12536 296.021 7.79306 0.01 1 23 0
12652 296.021 7.79306 0.01 1 23 0
12659 298.007 7.90807 0.01 1 23 0
12669 314.563 8.46371 0.01 1 102 0
12675 297.048 7.83072 0.01 1 24 0
12684 308.026 7.94853 0.01 1 72 0
12732 296.021 7.78533 0.01 1 23 0
12736 309.02 7.87058 0.01 1 72 0
12756 296.021 7.79306 0.01 1 24 0
12776 295.366 7.79306 0.01 1 22 0.00812779
12794 317.052 8.50607 0.01 1 102 0
12829 296.021 7.79306 0.01 1 23 0
12840 308.329 7.87239 0.01 1 72 0
12866 296.021 7.79306 0.01 1 23 0
12874 308.669 8.18361 0.01 1 72 0
12918 306.926 7.91159 0.01 1 72 0
12952 310.145 8.28098 0.01 1 72 0.000684708
12954 296.021 7.79306 0.01 1 23 0
12963 296.021 7.78976 0.01 1 24 0.000141621
12985 297.048 7.83072 0.01 1 24 0
12998 310.337 8.03653 0.01 1 72 0
13020 295.737 7.79306 0.01 1 24 0
13061 296.021 7.79306 0.01 1 24 0
13066 296.021 7.79306 0.01 1 24 0
13069 295.005 7.79306 0.01 1 22 0
13083 309.717 8.3547 0.01 1 72 0
13124 310.71 8.44852 0.01 1 72 0
13130 296.021 7.79306 0.01 1 22 0
13143 298.007 7.79306 0.01 1 24 0
13206 298.949 7.79306 0.01 1 24 0
13228 308.961 7.94224 0.01 1 72 0
13230 296.021 7.79306 0.01 1 24 0
13246 295.005 7.79306 0.01 1 22 0
13253 296.021 7.79306 0.01 1 23 0
13254 309.293 8.11134 0.01 1 72 0
13259 296.021 7.79306 0.01 1 22 0
13287 298.007 7.90807 0.01 1 24 0
13291 296.021 7.79306 0.01 1 24 0
13319 309.779 7.89051 0.01 1 72 0
13351 295.737 7.79306 0.01 1 24 0
13363 310.763 8.44852 0.01 1 72 0
13439 296.021 7.79306 0.01 1 23 0
13473 296.021 7.79306 0.01 1 23 0
13484 296.021 7.79306 0.01 1 24 0
13486 296.474 7.82038 0.01 1 23 0
13626 311.81 8.25629 0.01 1 72 0
13628 312.8 8.49162 0.01 1 101 0
13721 296.021 7.79306 0.01 1 23 0
13800 317.052 8.50607 0.01 1 101 0
13829 316.277 8.44485 0.01 1 102 -0.000511527
13838 298.007 7.85899 0.01 1 22 0
13848 296.021 7.79306 0.01 1 24 0
13852 296.021 7.79306 0.01 1 24 0
13876 316.277 8.48794 0.01 1 101 0
13882 295.005 7.79306 0.01 1 24 0
13970 310.71 8.44852 0.01 1 72 0
13985 296.021 7.79306 0.01 1 23 0
13997 296.021 7.79306 0.01 1 24 0
13998 296.021 7.79306 0.01 1 23 0
14001 296.021 7.79306 0.01 1 23 0
14052 295.005 7.79306 0.01 1 24 0
14102 295.005 7.79306 0.01 1 22 0
14107 296.021 7.79306 0.01 1 23 0
14131 318.017 8.39248 0.01 1 101 0
14136 311.123 8.20626 0.01 1 72 0
14155 296.021 7.79306 0.01 1 24 0
14162 294.999 7.79306 0.01 1 24 0
14178 295.476 7.79306 0.01 1 23 0
14199 296.021 7.66815 0.01 1 23 0
14239 293.585 7.65215 0.01 1 23 -0.00251212
14250 307.222 7.74915 0.01 1 72 0
14256 296.021 7.7071 0.01 1 22 0
14313 298.007 7.80738 0.01 1 22 0
14317 296.021 7.79306 0.01 1 24 0
14368 296.021 7.79306 0.01 1 22 0
14385 317.052 8.50607 0.01 1 101 0
14409 296.021 7.79306 0.01 1 23 0
14414 296.021 7.79306 0.01 1 23 0
14421 317.052 8.50607 0.01 1 102 0
14427 296.021 7.79306 0.01 1 23 0
14430 296.021 7.79306 0.01 1 24 0
14527 308.279 8.127 0.01 1 72 0
14543 296.021 7.77126 0.01 1 24 0
14544 296.021 7.79306 0.01 1 24 0
14572 298.007 7.90807 0.01 1 22 0
14573 296.021 7.54705 0.01 1 24 0
14586 294.999 7.79306 0.01 1 24 0
14633 308.017 7.99501 0.01 1 72 0
14648 296.021 7.79306 0.01 1 23 0
14663 310.224 7.87538 0.01 1 72 0
14682 296.021 7.79306 0.01 1 23 0
14688 313.566 8.49311 0.01 1 102 0
14695 296.021 7.79306 0.01 1 24 0
14711 305.462 7.97194 0.01 1 72 0
14717 296.021 7.79306 0.01 1 22 0
14727 296.021 7.79306 0.01 1 22 0
14731 296.021 7.79306 0.01 1 24 0
14740 293.645 7.79306 0.01 1 22 0
14757 296.021 7.79306 0.01 1 22 0
14759 317.052 8.50607 0.01 1 103 0
14763 308.828 8.28039 0.01 1 72 0
14797 317.052 8.50607 0.01 1 101 0
14801 317.052 8.50607 0.01 1 101 0
14807 309.779 7.89051 0.01 1 72 0
14820 296.021 7.79306 0.01 1 23 0
14851 296.021 7.79306 0.01 1 24 0
14860 298.007 7.79306 0.01 1 24 0
14890 317.052 8.4121 0.01 1 102 -0.00106287
14895 296.021 7.79306 0.01 1 24 0
14934 296.021 7.79306 0.01 1 23 0
14970 296.021 7.74409 0.01 1 24 0
14993 294.943 7.79306 0.01 1 23 0
15127 308.474 7.89468 0.01 1 72 0
15203 296.021 7.79306 0.01 1 23 0
15226 309.74 8.3547 0.01 1 72 0
15246 296.021 7.79306 0.01 1 23 0
15256 296.101 7.79306 0.01 1 24 0
15355 296.021 7.77126 0.01 1 23 0
15369 296.021 7.66815 0.01 1 22 0
15397 317.052 8.50607 0.01 1 101 0
15404 296.021 7.73349 0.01 1 23 0
15408 296.021 7.69549 0.01 1 24 0
15450 316.277 8.48794 0.01 1 102 0
15452 310.71 8.44852 0.01 1 72 0
15520 296.021 7.79306 0.01 1 23 0
15537 296.021 7.73349 0.01 1 23 0
15606 317.052 8.50607 0.01 1 101 0
15609 316.277 8.48794 0.01 1 102 0
15639 296.021 7.75928 0.01 1 23 0
15652 298.007 7.67888 0.01 1 24 0
15662 295.005 7.79306 0.01 1 24 0
15696 296.021 7.79306 0.01 1 24 0
15724 306.926 7.91159 0.01 1 72 0
15736 296.021 7.79306 0.01 1 23 0
15766 296.021 7.79306 0.01 1 23 0
15783 295.476 7.79306 0.01 1 23 0
15787 309.947 8.0192 0.01 1 72 0
15818 293.645 7.79306 0.01 1 22 0
15824 296.021 7.79306 0.01 1 23 0
15836 309.779 7.89051 0.01 1 72 0
15852 298.007 7.80738 0.01 1 22 0
15861 295.005 7.79306 0.01 1 22 0
15885 296.021 7.79306 0.01 1 24 0
15887 298.007 7.79306 0.01 1 24 0
15891 306.926 7.91159 0.01 1 72 0
15954 296.021 7.79306 0.01 1 24 0
15992 298.007 7.79306 0.01 1 23 0
16033 297.048 7.83072 0.01 1 24 0
16054 308.991 8.10543 0.01 1 72 0
16083 317.052 8.50607 0.01 1 102 0
16090 295.478 7.79306 0.01 1 24 0.00704812
16109 296.021 7.79306 0.01 1 24 0
16131 296.021 7.79306 0.01 1 24 0
16160 293.585 7.65215 0.01 1 23 0
16180 297.048 7.83072 0.01 1 24 0
16186 296.021 7.7071 0.01 1 23 0
16206 296.021 7.79306 0.01 1 24 0
16216 307.419 7.97194 0.01 1 72 0
16301 296.021 7.79306 0.01 1 24 0
16308 295.005 7.79306 0.01 1 24 0
16322 295.005 7.79306 0.01 1 24 0
16359 309.717 8.3547 0.01 1 72 0
16372 296.021 7.79306 0.01 1 24 0
16377 296.021 7.79306 0.01 1 24 0
16412 296.248 7.79306 0.01 1 24 0
16431 295.005 7.79306 0.01 1 22 0
16455 317.052 8.50607 0.01 1 102 0
16456 305.99 7.76446 0.01 1 72 0
16491 309.779 7.77146 0.01 1 72 0
16494 296.021 7.7071 0.01 1 23 0
16506 298.007 7.85899 0.01 1 23 0
16507 296.021 7.69549 0.01 1 23 0
16531 296.021 7.73067 0.01 1 24 0
16560 296.021 7.79306 0.01 1 23 0
16561 296.021 7.79306 0.01 1 23 0
16704 316.277 8.48794 0.01 1 102 0
16726 296.021 7.79306 0.01 1 24 0
16733 307.419 7.97194 0.01 1 72 0
16756 293.645 7.79306 0.01 1 23 0
16776 293.585 7.79306 0.01 1 23 0
16843 317.052 8.50607 0.01 1 101 0
16902 296.021 7.79306 0.01 1 23 0
16965 296.021 7.79306 0.01 1 24 0
16966 296.021 7.79306 0.01 1 24 0
16978 296.021 7.70269 0.01 1 23 0
16983 305.99 7.76446 0.01 1 72 0
16993 296.021 7.79306 0.01 1 23 0
17005 296.021 7.79306 0.01 1 23 0
17068 309.085 7.87058 0.01 1 72 9.24617e-05
17100 296.059 7.79306 0.01 1 24 0
17224 309.779 7.89051 0.01 1 72 0
17246 298.007 7.85899 0.01 1 23 0
17287 296.021 7.70269 0.01 1 23 0
17304 296.021 7.79306 0.01 1 24 0
17310 296.021 7.79306 0.01 1 23 0
17321 306.926 7.91159 0.01 1 72 0
17365 310.71 8.44852 0.01 1 72 0
17366 296.021 7.79306 0.01 1 24 0
17382 296.248 7.79306 0.01 1 24 0
17386 296.021 7.79306 0.01 1 23 0
17430 296.474 7.78562 0.01 1 24 0
17439 295.005 7.79306 0.01 1 23 0
17457 298.007 7.79306 0.01 1 24 0
17495 296.021 7.79306 0.01 1 24 0
17532 296.021 7.79306 0.01 1 24 0
17536 310.713 8.0371 0.01 1 72 0
17541 317.052 8.50607 0.01 1 101 0
17550 294.943 7.79306 0.01 1 24 0
17566 296.021 7.79306 0.01 1 24 0
17590 296.021 7.78533 0.01 1 23 0
17592 296.059 7.79306 0.01 1 24 0
17635 316.277 8.48794 0.01 1 101 0
17650 296.059 7.79306 0.01 1 24 0
17660 296.021 7.79306 0.01 1 23 0
17663 297.048 7.83072 0.01 1 24 0
17686 296.021 7.79306 0.01 1 22 0
17697 295.005 7.79306 0.01 1 23 0
17700 305.755 7.88533 0.01 1 72 0
17716 296.021 7.79306 0.01 1 24 0
17750 296.021 7.79306 0.01 1 23 0
17760 296.021 7.79306 0.01 1 24 0
17779 298.007 7.79659 0.01 1 24 0
17783 309.475 8.41823 0.01 1 72 0
17789 296.021 7.79306 0.01 1 24 0
17790 295.005 7.79306 0.01 1 24 0
17797 296.021 7.79306 0.01 1 24 0
17814 296.021 7.78976 0.01 1 23 0
17827 298.007 7.90807 0.01 1 22 0
17831 296.021 7.79306 0.01 1 23 0
17858 298.007 7.79306 0.01 1 24 0
17914 296.474 7.82038 0.01 1 22 0
17944 307.305 8.00617 0.01 1 72 0
18013 293.585 7.65215 0.01 1 23 0
18030 295.478 7.79306 0.01 1 23 0
18045 296.021 7.79306 0.01 1 24 0
18110 309.083 8.20626 0.01 1 72 0
18116 296.021 7.69549 0.01 1 23 0
18139 316.325 8.43899 0.01 1 101 0
18174 310.71 8.44852 0.01 1 72 0
18194 317.052 8.50607 0.01 1 101 0
18242 296.021 7.79306 0.01 1 24 0
18246 308.828 8.28039 0.01 1 72 0
18249 296.474 7.82038 0.01 1 23 0
18258 317.052 8.50607 0.01 1 103 0
18300 298.007 7.79306 0.01 1 23 0
18309 296.021 7.69549 0.01 1 24 0
18320 297.084 7.95836 0.01 1 24 0
18367 294.999 7.79306 0.01 1 24 0
18374 296.021 7.79306 0.01 1 24 0
18395 317.491 8.43899 0.01 1 101 0
18403 296.021 7.79306 0.01 1 23 0
18405 317.052 8.50607 0.01 1 101 0
18461 298.007 7.90807 0.01 1 23 0
18477 296.021 7.79306 0.01 1 24 0
18505 296.021 7.79306 0.01 1 23 0
18523 309.849 8.19826 0.01 1 72 0
18525 310.225 8.44852 0.01 1 72 0
18551 298.007 7.79306 0.01 1 24 0
18554 295.005 7.79306 0.01 1 23 0
18578 298.949 7.79306 0.01 1 24 0
18612 296.021 7.79306 0.01 1 23 0
18661 293.585 7.79306 0.01 1 23 0
18770 296.474 7.82038 0.01 1 24 0
18795 310.314 8.0371 0.01 1 72 0
18849 295.005 7.79306 0.01 1 24 0
18850 306.926 8.26542 0.01 1 72 0
18898 317.052 8.50607 0.01 1 102 0
18910 296.021 7.79306 0.01 1 23 0
18914 317.052 8.50607 0.01 1 101 0
18922 296.021 7.54705 0.01 1 24 0
19030 307.499 8.20626 0.01 1 72 -0.000276312
19039 308.828 8.34586 0.01 1 72 0
19065 297.048 7.83072 0.01 1 24 0
19087 313.566 8.49311 0.01 1 102 0
19090 294.999 7.79306 0.01 1 24 0
19156 298.007 7.79306 0.01 1 24 0
19161 296.021 7.79306 0.01 1 22 0
19165 318.576 8.50607 0.01 1 101 0
19186 296.021 7.79306 0.01 1 23 0
19290 312.8 8.49162 0.01 1 101 0
19316 310.447 8.23715 0.01 1 72 0
19328 295.005 7.79306 0.01 1 24 0
19331 296.474 7.82038 0.01 1 22 0
19350 296.021 7.79306 0.01 1 24 0
19363 298.007 7.90807 0.01 1 23 0
19369 307.305 8.00617 0.01 1 72 0
19442 296.474 7.82038 0.01 1 24 0
19455 316.277 8.48794 0.01 1 101 0
19456 296.021 7.69549 0.01 1 24 0
19469 305.462 7.97194 0.01 1 72 0
19484 296.021 7.79306 0.01 1 22 0
19488 296.059 7.79306 0.01 1 24 0
19504 296.021 7.79306 0.01 1 23 0
19553 296.021 7.79306 0.01 1 24 0
19593 296.021 7.79306 0.01 1 24 0
19660 296.021 7.79306 0.01 1 24 0
19699 295.968 7.79306 0.01 1 23 0
19702 296.021 7.79306 0.01 1 23 0
19725 307.305 8.00617 0.01 1 72 0
19760 296.021 7.79306 0.01 1 24 0
19802 296.059 7.63167 0.01 1 23 0
19808 296.021 7.79306 0.01 1 24 0
19837 295.005 7.79306 0.01 1 23 0
19840 316.277 8.48794 0.01 1 102 0
19851 305.854 7.75861 0.01 1 72 0
19854 296.021 7.79306 0.01 1 24 0
19872 296.021 7.79306 0.01 1 24 0
19928 310.255 8.03052 0.01 1 72 0
20045 296.059 7.79306 0.01 1 23 0
20060 296.021 7.79306 0.01 1 22 0
20085 296.021 7.79306 0.01 1 23 0
20129 298.192 8.01194 0.01 1 23 0
20134 298.007 8.04163 0.01 1 24 0.00234121
20150 315.913 8.48794 0.01 1 101 0
20153 296.021 7.79306 0.01 1 23 0
20177 313.566 8.49162 0.01 1 102 0
20183 295.005 7.79306 0.01 1 23 0
20204 308.017 7.88693 0.01 1 72 0
20219 309.779 7.77146 0.01 1 72 0
20233 296.021 7.79306 0.01 1 23 0
20243 296.338 7.79306 0.01 1 24 -0.00415005
20290 310.337 8.20626 0.01 1 72 0
20293 298.007 7.85899 0.01 1 24 0
20294 297.444 7.79306 0.01 1 24 0.00944534
20385 295.005 7.79306 0.01 1 23 0
20409 305.462 7.97194 0.01 1 72 0
20413 296.021 7.79306 0.01 1 23 0
20493 296.021 7.85599 0.01 1 24 0
20516 296.021 7.79306 0.01 1 22 0
20538 307.419 8.37257 0.01 1 72 0
20561 296.021 7.79306 0.01 1 24 0
20585 296.021 7.79306 0.01 1 23 0
20595 308.669 8.18361 0.01 1 72 0
20612 294.943 7.79306 0.01 1 23 0
20633 296.021 7.79306 0.01 1 23 0
20657 310.077 8.49702 0.01 1 72 -0.000882924
20693 308.329 7.90321 0.01 1 72 0
20739 295.005 7.79306 0.01 1 23 0
20743 296.021 7.79306 0.01 1 23 0
20763 296.021 7.79306 0.01 1 24 0
20800 295.005 7.79306 0.01 1 23 0
20814 305.99 7.76446 0.01 1 72 0
20825 296.474 7.82038 0.01 1 22 0
20832 296.021 7.79306 0.01 1 23 0
20854 309.779 7.89051 0.01 1 72 0
20858 296.059 7.79306 0.01 1 24 0
20872 310.224 7.96062 0.01 1 72 0
20917 296.021 7.69549 0.01 1 22 0
20928 309.779 7.78969 0.01 1 72 0
20950 296.021 7.79306 0.01 1 23 0
21022 310.224 7.87538 0.01 1 72 0
21030 305.975 7.64716 0.01 1 72 0
21051 296.059 7.79306 0.01 1 24 0
21055 296.021 7.79306 0.01 1 23 0
21131 295.005 7.79306 0.01 1 22 0
21173 294.943 7.79306 0.01 1 22 0
21237 317.052 8.50607 0.01 1 103 0
21248 296.021 7.79306 0.01 1 22 0
21282 310.965 8.24959 0.01 1 72 0
21297 309.022 7.69612 0.01 1 72 0
21357 298.007 7.85899 0.01 1 24 0
21366 308.026 7.94853 0.01 1 72 0
21388 294.999 7.79306 0.01 1 24 0
21424 307.649 7.99097 0.01 1 72 0
21431 310.763 8.44852 0.01 1 72 0
21494 296.021 7.79306 0.01 1 22 0
21530 296.021 7.79306 0.01 1 23 0
21567 308.707 8.08541 0.01 1 72 0
21590 296.021 7.79306 0.01 1 22 0
21607 309.305 8.19887 0.01 1 72 0
21635 296.021 7.79306 0.01 1 22 0
21645 298.007 7.85899 0.01 1 22 0
21670 296.021 7.65456 0.01 1 24 -0.00197503
21699 298.007 7.67888 0.01 1 23 0
21724 296.021 7.78533 0.01 1 24 0
21755 317.052 8.50607 0.01 1 102 0
21766 317.052 8.50607 0.01 1 101 0
21780 296.021 7.79306 0.01 1 24 0
21784 295.005 7.79306 0.01 1 23 0
21805 317.052 8.50607 0.01 1 101 0
21825 296.021 7.79306 0.01 1 24 0
21855 296.021 7.79306 0.01 1 24 0
21862 296.021 7.7071 0.01 1 24 -0.00146885
21864 296.021 7.79306 0.01 1 23 0
21865 296.021 7.70269 0.01 1 23 0
21874 310.314 8.0371 0.01 1 72 0
21923 310.314 8.0371 0.01 1 72 0
21961 297.509 7.67888 0.01 1 23 0
21980 308.474 7.89468 0.01 1 72 0
22074 296.021 7.79306 0.01 1 23 0
22081 296.021 7.73038 0.01 1 24 -0.00117501
22105 305.462 7.97194 0.01 1 72 0
22109 308.979 7.87778 0.01 1 72 0
22137 317.369 8.50607 0.01 1 102 0
22163 298.007 7.79306 0.01 1 24 0
22197 296.021 7.79306 0.01 1 24 0
22223 296.021 7.79306 0.01 1 23 0
22297 296.021 7.70269 0.01 1 23 0
22340 311.097 8.20626 0.01 1 72 0
22352 317.052 8.50607 0.01 1 102 0
22428 296.021 7.79306 0.01 1 23 0
22437 310.713 8.0371 0.01 1 72 0
22472 296.021 7.79306 0.01 1 22 0
22493 296.021 7.79306 0.01 1 24 0
22498 313.832 8.49311 0.01 1 102 0.00362276
22515 296.021 7.79306 0.01 1 24 0
22520 298.007 7.79306 0.01 1 24 0
22544 310.224 7.87538 0.01 1 72 0
22561 310.145 8.28098 0.01 1 72 0
22592 296.021 7.7071 0.01 1 23 0
22610 295.476 7.79306 0.01 1 23 0
22612 293.645 7.79306 0.01 1 22 0
22662 293.645 7.79306 0.01 1 22 0
22665 296.021 7.79306 0.01 1 24 0
22716 296.021 7.70269 0.01 1 23 0
22738 307.499 8.20626 0.01 1 72 0
22750 296.021 7.66815 0.01 1 23 -0.00234896
22851 296.021 7.69549 0.01 1 24 0
22899 295.005 7.79306 0.01 1 23 0
22910 298.007 7.79306 0.01 1 24 0
22919 296.021 7.79306 0.01 1 23 0
22954 296.059 7.79306 0.01 1 23 0
22973 296.021 7.79306 0.01 1 24 0
22995 297.084 7.79306 0.01 1 23 0
23020 310.305 7.78427 0.01 1 72 0
23026 296.059 7.79306 0.01 1 23 0
23072 296.021 7.79306 0.01 1 23 0
23097 296.059 7.63167 0.01 1 23 0
23113 296.021 7.7071 0.01 1 23 0
23115 296.474 7.82038 0.01 1 24 0
23124 293.585 7.79306 0.01 1 23 0
23154 298.007 7.79306 0.01 1 24 0
23161 314.563 8.46371 0.01 1 102 0
23166 317.052 8.50607 0.01 1 103 0
23173 296.021 7.79306 0.01 1 24 0
23188 296.021 7.79306 0.01 1 24 0
23191 296.021 7.79306 0.01 1 23 0
23196 296.021 7.79306 0.01 1 23 0
23201 295.478 7.79306 0.01 1 23 0
23222 296.021 7.79306 0.01 1 24 0
23262 296.021 7.79306 0.01 1 23 0
23270 298.007 7.85899 0.01 1 22 0
23290 296.021 7.79306 0.01 1 24 0
23400 296.021 7.79306 0.01 1 24 0
23404 295.005 7.79306 0.01 1 22 0
23497 297.048 7.89458 0.01 1 24 0.0011716
23511 296.021 7.79306 0.01 1 24 0
23517 293.585 7.65215 0.01 1 22 0
23525 297.444 7.79306 0.01 1 24 0
23665 296.021 7.79306 0.01 1 23 0
23702 296.021 7.79306 0.01 1 23 0
23732 296.021 7.75869 0.01 1 24 0
23757 298.007 7.85899 0.01 1 24 0
23773 296.021 7.79306 0.01 1 24 0
23778 296.021 7.75869 0.01 1 24 0
23796 318.017 8.43899 0.01 1 101 0
23797 296.021 7.79306 0.01 1 23 0
23859 295.968 7.79306 0.01 1 23 0
23913 307.385 8.17476 0.01 1 72 0
23926 296.059 7.79306 0.01 1 23 0
23966 309.779 7.89051 0.01 1 72 0
24047 309.263 8.24959 0.01 1 72 0
24070 296.021 7.79306 0.01 1 23 0
24082 309.779 7.89051 0.01 1 72 0
24108 296.798 7.79306 0.01 1 24 -0.00993463
24124 296.149 7.79306 0.01 1 24 0
24136 295.005 7.79306 0.01 1 24 0
24177 298.256 7.79306 0.01 1 24 0
24206 317.052 8.50607 0.01 1 101 0
24265 298.007 7.79306 0.01 1 23 0
24271 316.325 8.43899 0.01 1 101 0
24335 295.005 7.79306 0.01 1 24 0
24359 296.021 7.78151 0.01 1 23 0
24423 298.007 7.85899 0.01 1 24 0
24487 296.021 7.78533 0.01 1 23 0
24524 308.97 7.74915 0.01 1 72 0
24540 317.052 8.55479 0.01 1 101 0
24544 296.474 7.82038 0.01 1 22 0
24655 296.021 7.79306 0.01 1 24 0
24656 296.021 7.75869 0.01 1 24 0
24683 296.021 7.79306 0.01 1 22 0
24698 296.021 7.79306 0.01 1 24 0
24731 298.246 7.79306 0.01 1 24 -0.0262441
24758 296.021 7.78151 0.01 1 23 0
24769 295.005 7.79306 0.01 1 24 0
24793 309.82 8.23836 0.01 1 72 0
24815 316.277 8.48794 0.01 1 101 0
24819 317.052 8.50607 0.01 1 103 0
24847 309.475 8.41823 0.01 1 72 0
24909 310.255 8.03052 0.01 1 72 0
24949 296.021 7.79306 0.01 1 23 0
24956 297.084 7.95836 0.01 1 24 0
24969 296.021 7.79306 0.01 1 24 0
25049 317.052 8.50607 0.01 1 101 0
25050 298.007 7.79306 0.01 1 24 0
25062 307.936 8.09404 0.01 1 72 0
25097 296.021 7.79306 0.01 1 24 0
25103 308.397 7.97668 0.01 1 72 0
25130 298.007 7.81851 0.01 1 23 0
25167 296.021 7.79306 0.01 1 23 0
25187 296.021 7.79306 0.01 1 23 0
25212 296.021 7.79306 0.01 1 22 0
25260 316.277 8.48794 0.01 1 101 0
25273 309.271 8.3547 0.01 1 72 0
25277 310.965 8.24959 0.01 1 72 0
25310 317.052 8.58313 0.01 1 103 0.00028044
25325 315.913 8.48794 0.01 1 101 0
25366 296.021 7.79306 0.01 1 24 0
25379 296.021 7.79306 0.01 1 24 0
25408 293.585 7.79306 0.01 1 23 0
25411 317.052 8.50607 0.01 1 103 0
25421 309.779 7.89051 0.01 1 72 0
25451 308.961 7.76956 0.01 1 72 0
25495 310.337 8.25971 0.01 1 72 1.04606e-05
25525 296.021 7.79306 0.01 1 23 0
25557 293.645 7.79306 0.01 1 23 0
25573 314.563 8.46371 0.01 1 102 0
25595 298.007 7.67888 0.01 1 24 0
25603 296.021 7.86723 0.01 1 22 0
25645 296.021 7.79306 0.01 1 23 0
25664 296.021 7.79306 0.01 1 23 0
25686 296.021 7.79306 0.01 1 23 0
25707 309.779 7.77146 0.01 1 72 -3.8445e-06
25718 296.021 7.78533 0.01 1 23 0
25736 310.314 8.0371 0.01 1 72 0
25759 295.005 7.79306 0.01 1 23 0
25842 296.021 7.79306 0.01 1 24 0
25850 296.021 7.79306 0.01 1 24 0
25878 305.99 7.76446 0.01 1 72 0
25896 316.277 8.48794 0.01 1 101 0
25985 296.021 7.79306 0.01 1 23 0
26015 296.021 7.79306 0.01 1 23 0
26052 308.026 7.94853 0.01 1 72 0
26070 296.021 7.79306 0.01 1 23 0
26113 305.462 7.97194 0.01 1 72 0
26125 296.021 7.74409 0.01 1 24 0
26197 309.779 7.89051 0.01 1 72 0
26216 295.005 7.79306 0.01 1 24 0
26223 317.664 8.50607 0.01 1 101 0.00794718
26237 308.397 7.97668 0.01 1 72 0
26285 296.021 7.79306 0.01 1 23 0
26290 296.021 7.79306 0.01 1 24 0
26294 296.021 7.7071 0.01 1 23 0
26335 307.419 7.97194 0.01 1 72 0
26351 307.059 7.94853 0.01 1 72 -0.00435449
26381 298.007 7.90807 0.01 1 23 0
26383 296.021 7.79306 0.01 1 23 0
26392 310.344 8.28098 0.01 1 72 0
26421 310.71 8.44852 0.01 1 72 0
26429 296.021 7.79306 0.01 1 23 0
26434 296.021 7.79306 0.01 1 23 0
26475 296.059 7.79306 0.01 1 23 0
26506 296.021 7.79306 0.01 1 23 0
26530 296.021 7.79306 0.01 1 24 0
26599 314.563 8.46371 0.01 1 103 0
26629 296.021 7.79306 0.01 1 24 0
26660 294.943 7.79306 0.01 1 24 0
26666 297.048 7.83072 0.01 1 24 0
26677 296.021 7.79306 0.01 1 24 0
26706 316.277 8.48794 0.01 1 101 0
26712 296.021 7.66215 0.01 1 24 -0.00247656
26734 296.021 7.79306 0.01 1 24 0
26736 298.007 7.79306 0.01 1 23 0
26759 296.021 7.79306 0.01 1 24 0
26775 295.005 7.79306 0.01 1 24 0
26813 296.059 7.79306 0.01 1 24 0
26824 296.021 7.67298 0.01 1 22 -0.0022576
26890 296.021 7.79306 0.01 1 24 0
26911 298.007 7.67888 0.01 1 24 0
26978 296.021 7.79306 0.01 1 24 0
27023 298.007 7.79306 0.01 1 24 0
27029 298.007 7.79306 0.01 1 24 0
27034 296.021 7.79306 0.01 1 23 0
27037 310.337 8.24295 0.01 1 72 -2.36481e-05
27041 310.71 8.44852 0.01 1 72 0
27057 308.669 8.18361 0.01 1 72 0
27087 295.005 7.79306 0.01 1 24 0
27149 297.048 7.83072 0.01 1 24 0
27165 296.059 7.63167 0.01 1 23 0
27215 310.71 8.44852 0.01 1 72 0
27217 308.026 7.94853 0.01 1 72 0
27230 296.021 7.79306 0.01 1 23 0
27258 296.059 7.79306 0.01 1 23 0
27283 308.026 7.94853 0.01 1 72 0
27293 310.713 8.19958 0.01 1 72 0
27306 310.71 8.44852 0.01 1 72 0
27382 295.476 7.79306 0.01 1 23 0.00707088
27403 298.007 7.85899 0.01 1 22 0
27415 317.052 8.50607 0.01 1 102 0
27438 296.021 7.79306 0.01 1 24 0
27460 296.021 7.81498 0.01 1 24 0.000410505
27472 295.476 7.79306 0.01 1 23 0
27504 296.021 7.79306 0.01 1 24 0
27505 309.779 7.89051 0.01 1 72 0
27508 295.005 7.79306 0.01 1 22 0
27518 296.021 7.69549 0.01 1 23 0
27531 309.779 7.78969 0.01 1 72 -2.51383e-05
27568 295.005 7.79306 0.01 1 23 0
27572 311.91 8.06917 0.01 1 72 0
27594 296.021 7.79306 0.01 1 24 0
27609 296.021 7.79306 0.01 1 24 0
27631 296.021 7.79306 0.01 1 23 0
27640 297.048 7.83072 0.01 1 24 0
27647 309.717 8.3547 0.01 1 72 0
27652 296.021 7.64519 0.01 1 24 0
27656 296.021 7.79306 0.01 1 24 0
27700 296.021 7.79306 0.01 1 23 0
27729 298.007 7.67888 0.01 1 23 0
27769 296.021 7.79306 0.01 1 24 0
27788 296.021 7.79306 0.01 1 24 0
27843 296.021 7.79306 0.01 1 24 0
27908 317.052 8.50607 0.01 1 101 0
27927 310.337 8.20626 0.01 1 72 0
28034 296.021 7.69549 0.01 1 23 0
28053 296.021 7.79306 0.01 1 24 0
28055 293.645 7.79306 0.01 1 22 0
28129 298.007 7.80738 0.01 1 22 0
28180 296.021 7.74409 0.01 1 24 0
28189 296.021 7.79306 0.01 1 24 0
28215 296.021 7.79306 0.01 1 23 0
28316 306.926 7.91159 0.01 1 72 0
28320 298.007 7.79306 0.01 1 23 0
28329 298.007 7.85899 0.01 1 23 0
28336 317.052 8.50607 0.01 1 101 0
28341 308.828 8.34586 0.01 1 72 0
28418 296.021 7.70269 0.01 1 23 0
28443 308.026 7.94853 0.01 1 72 0
28446 305.99 7.68538 0.01 1 72 0
28512 298.007 7.79306 0.01 1 24 0
28559 310.713 8.19958 0.01 1 72 0
28592 308.279 8.127 0.01 1 72 0
28613 296.021 7.79306 0.01 1 23 0
28615 317.052 8.50607 0.01 1 101 0
28619 296.021 7.74409 0.01 1 24 0
28634 305.462 7.97194 0.01 1 72 0
28742 296.021 7.79306 0.01 1 24 0
28768 296.021 7.79306 0.01 1 23 0
28771 305.854 7.75861 0.01 1 72 0
28783 310.71 8.41546 0.01 1 72 0
28792 296.021 7.79306 0.01 1 24 0
28837 296.021 7.79306 0.01 1 23 0
28855 296.021 7.79306 0.01 1 24 0
28859 309.779 7.89051 0.01 1 72 0
28907 296.021 7.79306 0.01 1 24 0
28911 315.913 8.48794 0.01 1 101 0
28919 296.021 7.79306 0.01 1 23 0
28931 298.007 7.81851 0.01 1 23 0
28961 296.021 7.79306 0.01 1 22 0
28995 296.021 7.79306 0.01 1 23 0
28996 296.021 7.79306 0.01 1 24 0
29027 296.021 7.79306 0.01 1 24 0
29037 305.755 7.88533 0.01 1 72 0
29041 296.021 7.79306 0.01 1 23 0
29045 305.755 7.88533 0.01 1 72 0
29067 296.021 7.79306 0.01 1 23 0
29086 317.052 8.50607 0.01 1 102 0
29092 296.021 7.64694 0.01 1 24 3.32817e-05
29120 310.713 8.0371 0.01 1 72 0
29125 296.021 7.79306 0.01 1 24 0
29161 296.021 7.79306 0.01 1 23 0
29162 296.021 7.79306 0.01 1 23 0
29214 296.021 7.79306 0.01 1 24 0
29215 297.947 8.01194 0.01 1 24 0
29219 298.007 7.85899 0.01 1 24 0
29283 305.99 7.76446 0.01 1 72 0
29291 308.97 7.74915 0.01 1 72 0
29373 317.052 8.50607 0.01 1 102 0
29378 296.021 7.79306 0.01 1 22 0
29409 296.021 7.79306 0.01 1 22 0
29417 308.828 8.28039 0.01 1 72 0
29420 296.021 7.78533 0.01 1 23 0
29431 310.337 8.20626 0.01 1 72 0
29436 296.021 7.79306 0.01 1 23 0
29472 296.021 7.73038 0.01 1 23 0
29473 296.021 7.79306 0.01 1 24 0
29474 296.021 7.79306 0.01 1 23 0
29500 310.639 8.23715 0.01 1 72 0
29543 296.149 7.79306 0.01 1 24 0
29561 296.021 7.79306 0.01 1 22 0
29562 296.021 7.70269 0.01 1 23 0
29566 296.101 7.79306 0.01 1 24 0
29569 296.021 7.79306 0.01 1 23 0
29594 316.277 8.44485 0.01 1 102 0
29624 295.005 7.79306 0.01 1 22 0
29631 310.255 8.03052 0.01 1 72 0
29688 295.737 7.79306 0.01 1 24 0.00380789
29718 316.277 8.48794 0.01 1 102 0
29736 293.645 7.79306 0.01 1 23 0
29759 310.224 7.87538 0.01 1 72 0
29831 298.007 7.90807 0.01 1 22 0
29850 295.476 7.79306 0.01 1 23 0
29929 317.369 8.50607 0.01 1 102 0
29963 296.059 7.825 0.01 1 24 0.000597931
29974 296.021 7.79306 0.01 1 23 0
30006 298.007 7.817 0.01 1 23 -0.001553
30074 296.021 7.79306 0.01 1 22 0
30118 298.007 7.79306 0.01 1 24 0
30168 296.021 7.79306 0.01 1 23 0
30179 295.005 7.79306 0.01 1 22 0
30191 296.021 7.79306 0.01 1 22 0
30192 296.021 7.79306 0.01 1 24 0
30202 313.566 8.49162 0.01 1 101 0
30208 307.385 8.17476 0.01 1 72 0
30260 296.021 7.79306 0.01 1 24 0
30287 296.021 7.79306 0.01 1 24 0
30288 296.021 7.79306 0.01 1 24 0
30327 296.101 7.79306 0.01 1 24 -0.00106292
30364 317.052 8.58313 0.01 1 103 0
30367 308.707 8.18361 0.01 1 72 0
30384 298.007 7.79306 0.01 1 23 0
30397 296.021 7.79306 0.01 1 23 0
30400 296.021 7.82375 0.01 1 23 0.000572354
30405 309.82 8.23836 0.01 1 72 0
30425 296.021 7.79306 0.01 1 22 0
30432 296.021 7.79306 0.01 1 24 0
30433 295.968 7.79306 0.01 1 24 0
30453 295.476 7.79306 0.01 1 24 0
30489 296.021 7.69549 0.01 1 23 0
30514 296.021 7.79306 0.01 1 24 0
30540 296.021 7.79306 0.01 1 23 0
30562 317.369 8.48867 0.01 1 102 0
30565 294.943 7.79306 0.01 1 23 0
30587 309.947 8.0192 0.01 1 72 0
30695 298.007 7.79306 0.01 1 23 0
30733 296.021 7.79306 0.01 1 23 0
30760 296.248 7.79306 0.01 1 24 0
30766 295.005 7.79306 0.01 1 22 0
30778 296.474 7.82038 0.01 1 23 0
30788 315.913 8.48794 0.01 1 101 0
30811 296.021 7.79306 0.01 1 24 0
30894 296.021 7.79306 0.01 1 24 0
30906 298.007 7.67888 0.01 1 24 0
30922 317.664 8.50607 0.01 1 101 0
30928 296.021 7.79306 0.01 1 24 0
30990 295.005 7.79306 0.01 1 23 0
30994 296.021 7.79306 0.01 1 24 0
30997 316.325 8.43899 0.01 1 101 0
31011 296.021 7.79306 0.01 1 24 0
31012 317.052 8.50607 0.01 1 101 0
31053 296.021 7.79306 0.01 1 24 0
31075 309.779 7.89051 0.01 1 72 0
31083 295.005 7.79306 0.01 1 22 0
31087 296.021 7.79306 0.01 1 24 0
31144 296.021 7.79306 0.01 1 23 0
31187 318.211 8.55053 0.01 1 103 0.0161783
31286 310.713 8.0371 0.01 1 72 0
31296 296.474 7.82038 0.01 1 24 0
31308 310.255 8.03052 0.01 1 72 0
31314 296.021 7.79306 0.01 1 24 0
31358 306.926 7.91159 0.01 1 72 0
31410 317.052 8.50607 0.01 1 101 0
31473 293.645 7.79306 0.01 1 22 0
31480 310.314 8.0371 0.01 1 72 0
31522 296.021 7.79306 0.01 1 23 0
31533 296.021 7.79306 0.01 1 22 0
31555 296.021 7.69549 0.01 1 23 0
31567 296.021 7.79306 0.01 1 23 0
31572 296.021 7.79306 0.01 1 23 0
31653 295.005 7.79306 0.01 1 23 0
31674 295.005 7.79306 0.01 1 22 0
31699 306.926 7.91159 0.01 1 72 0
31710 296.021 7.79306 0.01 1 24 0
31716 295.005 7.79306 0.01 1 22 0
31719 298.007 7.90807 0.01 1 24 0
31725 295.968 7.79306 0.01 1 23 0
31777 295.005 7.79306 0.01 1 23 0
31800 296.021 7.79306 0.01 1 23 0
31824 296.021 7.79306 0.01 1 22 0
31877 296.021 7.79306 0.01 1 23 0
31958 298.007 7.817 0.01 1 23 0
31966 298.007 7.90807 0.01 1 24 0
32000 296.059 7.79306 0.01 1 23 0
32010 296.021 7.70269 0.01 1 23 0
32067 296.021 7.79306 0.01 1 24 0
32145 296.021 7.79306 0.01 1 23 0
32228 296.149 7.79306 0.01 1 24 0
32242 296.021 7.79306 0.01 1 23 0
32243 311.123 8.20626 0.01 1 72 0
32245 308.397 7.97668 0.01 1 72 0
32250 296.021 7.79306 0.01 1 23 0
32276 296.021 7.69549 0.01 1 23 0
32281 317.052 8.50607 0.01 1 102 0
32341 317.052 8.50607 0.01 1 101 0
32357 296.021 7.73067 0.01 1 24 -0.00117528
32364 317.369 8.50607 0.01 1 103 0
32367 296.021 7.85599 0.01 1 24 0
32385 296.021 7.79306 0.01 1 24 0
32450 308.97 7.74915 0.01 1 72 0
32452 296.021 7.79306 0.01 1 23 0
32517 296.021 7.64916 0.01 1 23 -0.00109527
32551 296.021 7.79306 0.01 1 23 0
32557 309.779 7.89051 0.01 1 72 0
32663 296.101 7.79306 0.01 1 24 0
32668 296.021 7.79306 0.01 1 24 0
32679 307.649 7.99097 0.01 1 72 3.62098e-05
32692 296.021 7.79306 0.01 1 24 0
32744 296.021 7.79306 0.01 1 22 0
32773 295.476 7.79306 0.01 1 23 0
32785 296.237 7.73349 0.01 1 23 0
32903 319.497 8.50607 0.01 1 101 0.00983214
32911 309.779 7.77146 0.01 1 72 0
32943 296.021 7.79306 0.01 1 23 0
33058 296.021 7.79306 0.01 1 22 0
33117 298.007 7.79306 0.01 1 24 0
33123 317.052 8.50607 0.01 1 102 0
33179 294.943 7.79306 0.01 1 23 0
33189 295.476 7.79306 0.01 1 23 0
33269 296.021 7.79306 0.01 1 24 0
33318 316.277 8.48794 0.01 1 102 0
33360 296.021 7.79306 0.01 1 24 0
33367 296.021 7.79306 0.01 1 24 0
33427 296.021 7.70269 0.01 1 23 0
33466 296.059 7.79306 0.01 1 24 0
33474 298.007 7.79306 0.01 1 23 0
33486 296.021 7.79306 0.01 1 23 0
33514 295.968 7.79306 0.01 1 24 0
33524 296.021 7.79306 0.01 1 23 0
33550 298.007 7.90807 0.01 1 24 0
33554 298.007 7.80738 0.01 1 22 0
33560 295.005 7.79306 0.01 1 23 0
33578 296.021 7.79306 0.01 1 23 0
33580 296.474 7.82038 0.01 1 24 0
33581 316.277 8.48794 0.01 1 102 0
33582 317.491 8.43899 0.01 1 101 0
33585 310.447 8.23715 0.01 1 72 0
33615 309.779 7.89051 0.01 1 72 0
33702 296.059 7.79306 0.01 1 23 0
33713 296.248 7.79306 0.01 1 24 0
33815 296.021 7.79306 0.01 1 23 0
33818 296.021 7.79306 0.01 1 24 0
33821 294.943 7.79306 0.01 1 24 0.0149417
33947 295.476 7.79306 0.01 1 23 0
33981 308.026 7.94853 0.01 1 72 0
33984 298.007 7.79659 0.01 1 24 0
33997 296.021 7.79306 0.01 1 24 0
34001 295.005 7.79306 0.01 1 22 0
34004 296.021 7.70269 0.01 1 23 0
34034 296.021 7.79306 0.01 1 24 0
34055 296.021 7.79306 0.01 1 24 0
34070 296.021 7.79306 0.01 1 24 0
34099 296.021 7.79306 0.01 1 23 0
34131 296.021 7.75928 0.01 1 22 0
34180 297.048 7.83072 0.01 1 24 0
34182 296.021 7.79306 0.01 1 24 0
34196 294.999 7.79306 0.01 1 24 0
34206 309.74 8.3547 0.01 1 72 0
34215 295.476 7.79306 0.01 1 23 0
34224 317.052 8.50607 0.01 1 101 0
34236 316.325 8.43899 0.01 1 101 0
34242 307.649 7.99097 0.01 1 72 0
34292 310.71 8.29643 0.01 1 72 -7.46399e-05
34313 296.021 7.79306 0.01 1 24 0
34343 296.021 7.79306 0.01 1 23 0
34421 296.021 7.79306 0.01 1 23 0
34488 295.005 7.79306 0.01 1 24 0
34507 305.975 7.64716 0.01 1 72 0
34524 296.021 7.79306 0.01 1 24 0
34539 295.476 7.79306 0.01 1 23 0
34545 298.007 7.80738 0.01 1 22 0
34557 317.052 8.58313 0.01 1 103 0
34585 296.021 7.79306 0.01 1 22 0
34587 296.021 7.79306 0.01 1 22 0
34605 296.021 7.79306 0.01 1 23 0
34638 296.021 7.79306 0.01 1 24 0
34643 310.255 8.03052 0.01 1 72 0
34646 310.713 8.19958 0.01 1 72 8.58456e-05
34681 310.337 8.20626 0.01 1 72 0
34706 307.305 8.00617 0.01 1 72 0
34808 309.779 7.89051 0.01 1 72 0
34813 293.585 7.79306 0.01 1 23 0
34823 295.005 7.79306 0.01 1 23 0
34946 296.101 7.79306 0.01 1 24 0
34958 298.007 7.79306 0.01 1 24 0
34962 298.007 7.79306 0.01 1 24 0
34976 296.021 7.79306 0.01 1 24 0
34996 296.021 7.79306 0.01 1 24 0
35037 309.293 8.08216 0.01 1 72 0
35098 308.026 7.94853 0.01 1 72 0
35114 296.021 7.7071 0.01 1 23 0
35189 310.314 8.0371 0.01 1 72 0
35213 296.021 7.70269 0.01 1 23 0
35219 296.021 7.79306 0.01 1 22 0
35246 297.048 7.83072 0.01 1 24 0
35260 296.474 7.82038 0.01 1 23 0
35268 298.007 7.79306 0.01 1 24 0
35277 296.021 7.79306 0.01 1 23 0
35302 296.059 7.79306 0.01 1 22 0
35322 308.669 8.18361 0.01 1 72 0
35325 296.021 7.79306 0.01 1 23 0
35326 296.021 7.79306 0.01 1 23 0
35331 298.007 7.90807 0.01 1 23 0
35369 296.021 7.7071 0.01 1 23 0
35378 296.021 7.79306 0.01 1 23 0
35401 317.052 8.50607 0.01 1 101 0
35411 309.779 7.89051 0.01 1 72 0
35437 297.509 7.67888 0.01 1 24 0
35447 297.048 7.83072 0.01 1 24 0
35451 310.255 8.03052 0.01 1 72 0
35482 295.005 7.79306 0.01 1 22 0
35487 298.007 7.85899 0.01 1 24 0
35512 295.005 7.79306 0.01 1 22 0
35563 296.021 7.79306 0.01 1 24 0
35568 296.021 7.79306 0.01 1 24 0
35581 296.021 7.79306 0.01 1 24 0
35583 296.021 7.79306 0.01 1 24 0
35605 295.792 7.79306 0.01 1 24 0.00306676
35692 316.277 8.48794 0.01 1 102 0
35699 296.021 7.79306 0.01 1 24 0
35745 318.211 8.55053 0.01 1 103 0
35784 309.779 7.89051 0.01 1 72 0
35794 296.021 7.73349 0.01 1 23 0
35832 317.052 8.50607 0.01 1 103 0
35839 295.005 7.79306 0.01 1 22 0
35845 309.083 8.20626 0.01 1 72 0
35861 295.476 7.79306 0.01 1 23 0
35880 297.048 7.83072 0.01 1 24 0
35977 317.052 8.50607 0.01 1 101 0
35998 296.021 7.83084 0.01 1 23 0
36032 296.021 7.79306 0.01 1 23 0
36040 307.649 7.93982 0.01 1 72 0
36057 296.021 7.79306 0.01 1 24 0
36060 296.928 7.79306 0.01 1 22 0
36106 298.007 7.85899 0.01 1 22 0
36112 296.021 7.79306 0.01 1 22 0
36115 296.021 7.79306 0.01 1 24 0
36123 296.021 7.79306 0.01 1 23 0
36164 296.101 7.79306 0.01 1 23 0
36240 296.021 7.79306 0.01 1 24 0
36267 298.007 7.79306 0.01 1 24 0
36308 296.021 7.79306 0.01 1 23 0
36313 295.005 7.79306 0.01 1 22 0
36354 295.346 7.79306 0.01 1 24 0.0092157
36393 307.777 7.94853 0.01 1 72 -0.000853166
36407 294.999 7.79306 0.01 1 24 0
36424 296.021 7.79306 0.01 1 24 0
36431 296.021 7.79306 0.01 1 23 0
36505 296.021 7.79306 0.01 1 24 0
36536 295.005 7.73918 0.01 1 22 0
36565 296.021 7.79306 0.01 1 23 0
36569 296.021 7.79306 0.01 1 23 0
36573 310.224 7.87538 0.01 1 72 0
36641 310.224 7.87538 0.01 1 72 0
36666 298.007 7.79306 0.01 1 24 0
36733 298.007 8.04163 0.01 1 24 0
36767 295.005 7.79306 0.01 1 22 0
36786 298.007 7.79306 0.01 1 24 0
36902 309.779 7.77146 0.01 1 72 0
36914 296.021 7.79306 0.01 1 24 0
36952 298.007 7.79306 0.01 1 24 0
36955 308.707 8.08541 0.01 1 72 0
36962 296.474 7.82038 0.01 1 22 0
36966 296.021 7.79306 0.01 1 23 0
36980 310.314 8.0371 0.01 1 72 0.00380278
37013 317.052 8.50607 0.01 1 103 0
37016 296.021 7.79306 0.01 1 24 0
37057 309.083 8.20626 0.01 1 72 0
37074 296.021 7.78533 0.01 1 23 0
37109 312.8 8.49162 0.01 1 101 0
37217 310.337 8.28098 0.01 1 72 0
37272 296.059 7.79306 0.01 1 24 0
37329 310.763 8.44852 0.01 1 72 0
37354 296.021 7.79306 0.01 1 22 0
37363 296.021 7.79306 0.01 1 24 0
37389 316.325 8.43899 0.01 1 101 0
37403 317.052 8.50607 0.01 1 101 0
37493 296.021 7.79306 0.01 1 24 0
37496 298.007 7.79306 0.01 1 24 0
37517 296.021 7.79306 0.01 1 24 0
37522 297.386 7.79306 0.01 1 24 0
37534 317.052 8.50607 0.01 1 101 0
37539 309.091 7.48048 0.01 1 72 0
37593 310.639 8.23715 0.01 1 72 0
37610 296.021 7.79306 0.01 1 23 0
37635 296.021 7.79306 0.01 1 23 0
37676 296.059 7.79306 0.01 1 23 0
37740 296.021 7.78533 0.01 1 23 0
37773 296.021 7.79306 0.01 1 24 0
37788 296.021 7.69549 0.01 1 23 0
37809 296.021 7.79306 0.01 1 23 0
37817 296.021 7.79306 0.01 1 23 0
37836 296.021 7.79306 0.01 1 23 0
37922 298.007 7.79306 0.01 1 23 0
37953 298.007 7.79306 0.01 1 23 0
37955 296.021 7.78533 0.01 1 23 0
37983 297.048 7.83072 0.01 1 24 0
37994 316.277 8.48794 0.01 1 102 0
37998 310.255 8.03052 0.01 1 72 0
38009 296.059 7.79306 0.01 1 24 0
38032 296.021 7.79306 0.01 1 24 0
38110 296.021 7.79306 0.01 1 23 0
38133 296.248 7.79306 0.01 1 24 0
38160 298.007 7.81851 0.01 1 23 0
38189 298.007 7.79306 0.01 1 23 0
38243 309.02 7.87058 0.01 1 72 0
38250 295.005 7.79306 0.01 1 22 0
38258 317.052 8.58313 0.01 1 103 0
38278 306.926 7.91159 0.01 1 72 0
38286 294.999 7.79306 0.01 1 24 0
38292 294.943 7.79306 0.01 1 24 0
38347 296.021 7.79306 0.01 1 23 0
38382 296.021 7.78533 0.01 1 24 -0.000144623
38396 309.717 8.3547 0.01 1 72 0
38399 296.021 7.79306 0.01 1 24 0
38426 309.779 7.89051 0.01 1 72 0
38436 310.224 7.87538 0.01 1 72 0
38447 298.007 8.04163 0.01 1 24 0
38491 293.585 7.79306 0.01 1 23 0
38501 296.021 7.79306 0.01 1 23 0
38519 296.021 7.79306 0.01 1 22 0
38594 296.474 7.82038 0.01 1 23 0
38596 309.717 8.3547 0.01 1 72 0
38612 294.943 7.79306 0.01 1 24 0
38633 296.021 7.79306 0.01 1 24 0
38678 295.005 7.79306 0.01 1 22 0
38684 317.052 8.50607 0.01 1 101 0
38695 295.005 7.79306 0.01 1 22 0
38705 296.059 7.79306 0.01 1 23 0
38737 296.021 7.79306 0.01 1 23 0
38739 296.021 7.79306 0.01 1 24 0
38751 298.007 7.90807 0.01 1 22 0
38762 296.021 7.79306 0.01 1 22 0
38771 314.563 8.46371 0.01 1 102 0
38792 308.397 7.97668 0.01 1 72 0
38819 310.384 7.87538 0.01 1 72 0
38891 296.021 7.79306 0.01 1 24 0
38895 296.021 7.79306 0.01 1 24 0
38899 296.021 7.79306 0.01 1 24 0
38919 308.279 8.16669 0.01 1 72 7.53999e-06
38924 295.005 7.79306 0.01 1 24 0
38969 295.476 7.79306 0.01 1 23 0
38981 317.052 8.50607 0.01 1 102 0
38984 296.237 7.73349 0.01 1 23 -0.00269829
38990 296.021 7.79306 0.01 1 24 0
39027 296.021 7.79306 0.01 1 23 0
39032 317.369 8.48867 0.01 1 102 -0.000182778
39034 296.021 7.69549 0.01 1 24 0
39037 296.101 7.79306 0.01 1 24 0
39108 298.007 7.67888 0.01 1 23 0
39177 296.021 7.79306 0.01 1 22 0
39194 296.021 7.69549 0.01 1 23 0
39202 305.99 7.68538 0.01 1 72 0
39212 296.021 7.79306 0.01 1 23 0
39214 317.052 8.50607 0.01 1 101 0
39218 308.669 8.18361 0.01 1 72 0
39227 317.052 8.50607 0.01 1 101 0
39251 296.474 7.82038 0.01 1 24 0
39265 296.021 7.79306 0.01 1 22 0
39269 298.007 7.79306 0.01 1 24 0
39347 296.021 7.78533 0.01 1 23 0
39350 298.192 8.01194 0.01 1 24 0
39359 296.474 7.82038 0.01 1 23 0
39451 296.021 7.79306 0.01 1 23 0
39462 295.476 7.79306 0.01 1 23 0
39500 316.277 8.48794 0.01 1 102 0
39506 307.419 8.08644 0.01 1 72 0.000107706
39556 309.779 7.89051 0.01 1 72 0
39557 295.005 7.79306 0.01 1 24 0
39593 311.91 8.06917 0.01 1 72 0
39623 295.476 7.79306 0.01 1 23 0
39629 296.248 7.79306 0.01 1 24 0
39688 295.005 7.79306 0.01 1 22 0
39699 309.317 8.20626 0.01 1 72 0
39736 295.737 7.79306 0.01 1 24 0
39861 296.021 7.79306 0.01 1 23 0
39885 309.717 8.3547 0.01 1 72 0
39928 296.021 7.79306 0.01 1 23 0
39973 296.021 7.77126 0.01 1 23 0
39993 296.021 7.79306 0.01 1 24 0
40024 296.12 7.79306 0.01 1 23 -0.00125369
40041 295.005 7.79306 0.01 1 22 0
40044 296.059 7.79306 0.01 1 23 0
40059 298.007 7.85899 0.01 1 22 0
40082 295.005 7.79306 0.01 1 24 0
40087 310.71 8.44852 0.01 1 72 0
40102 296.021 7.79306 0.01 1 23 0
40127 296.021 7.79306 0.01 1 23 0
40183 296.021 7.79306 0.01 1 23 0
40189 295.968 7.79306 0.01 1 23 0
40361 296.021 7.7071 0.01 1 23 0
40436 306.926 8.26542 0.01 1 72 0
40469 298.007 7.80738 0.01 1 22 0
40519 296.021 7.69549 0.01 1 23 0
40581 296.021 7.79306 0.01 1 23 0
40586 316.277 8.48794 0.01 1 102 0
40631 311.342 7.644 0.01 1 72 0
40639 317.052 8.50607 0.01 1 101 0
40640 295.476 7.79306 0.01 1 23 0
40642 298.007 7.79306 0.01 1 24 0
40653 296.021 7.79306 0.01 1 24 0
40664 295.005 7.83605 0.01 1 24 0
40761 298.007 7.817 0.01 1 23 0
40803 296.021 7.79306 0.01 1 24 0
40810 296.021 7.69549 0.01 1 23 0
40817 307.305 8.00617 0.01 1 72 0
40838 296.021 7.79306 0.01 1 24 0
40900 296.021 7.79306 0.01 1 23 0
40907 296.021 7.79306 0.01 1 23 0
40929 295.005 7.79306 0.01 1 22 0
40992 296.021 7.79306 0.01 1 23 0
41017 295.968 7.79306 0.01 1 23 0
41060 296.021 7.79306 0.01 1 23 0
41067 295.737 7.74108 0.01 1 23 -0.000977516
41100 296.021 7.79306 0.01 1 23 0
41109 298.007 7.79306 0.01 1 23 0
41136 296.021 7.73782 0.01 1 24 0
41157 308.329 7.90321 0.01 1 72 0
41174 317.052 8.50607 0.01 1 102 0
41202 296.021 7.79306 0.01 1 24 0
41227 297.048 7.83072 0.01 1 24 0
41239 308.279 8.127 0.01 1 72 0
41258 316.979 8.50607 0.01 1 101 -0.000979558
41265 310.965 8.24959 0.01 1 72 0
41335 317.052 8.50607 0.01 1 101 0
41437 296.021 7.7071 0.01 1 22 0
41454 307.305 7.97325 0.01 1 72 0
41458 296.021 7.54705 0.01 1 22 0
41474 296.021 7.79306 0.01 1 23 0
41478 294.943 7.79306 0.01 1 24 0
41505 297.048 7.83072 0.01 1 24 0
41538 296.021 7.79306 0.01 1 24 0
41564 295.005 7.79306 0.01 1 22 0
41565 305.755 7.88533 0.01 1 72 0
41576 295.005 7.79306 0.01 1 23 0
41577 317.052 8.50607 0.01 1 103 0
41579 296.021 7.79306 0.01 1 23 0
41610 296.021 7.79306 0.01 1 24 0
41642 296.021 7.79306 0.01 1 24 0
41657 296.021 7.79306 0.01 1 23 0
41675 296.021 7.79306 0.01 1 23 0
41698 296.928 7.79306 0.01 1 22 0
41774 293.585 7.65215 0.01 1 22 0
41794 296.021 7.79306 0.01 1 24 0
41839 298.007 7.90807 0.01 1 23 0
41874 296.474 7.82038 0.01 1 24 0
41984 296.021 7.79306 0.01 1 22 0
41986 296.021 7.79306 0.01 1 23 0
42025 308.828 8.28039 0.01 1 72 0
42048 317.052 8.50607 0.01 1 101 0
42052 296.021 7.79306 0.01 1 24 0
42108 296.021 7.79306 0.01 1 23 0
42119 296.021 7.74526 0.01 1 23 -0.00089556
42145 296.021 7.79306 0.01 1 23 0
42163 308.026 7.94853 0.01 1 72 0
42165 307.531 7.92157 0.01 1 72 0
42189 305.975 7.64716 0.01 1 72 0
42237 293.645 7.79306 0.01 1 22 0
42242 315.913 8.48794 0.01 1 101 0
42248 296.021 7.79306 0.01 1 24 0
42295 298.007 7.79306 0.01 1 23 0
42320 295.704 7.79306 0.01 1 24 0.0042642
42333 296.021 7.70269 0.01 1 23 0
42353 296.021 7.79306 0.01 1 23 0
42385 294.999 7.79306 0.01 1 24 0
42419 296.021 7.79306 0.01 1 23 0
42526 308.017 7.88693 0.01 1 72 0
42543 296.021 7.79306 0.01 1 22 0
42564 314.563 8.46371 0.01 1 102 0
42580 317.491 8.43899 0.01 1 101 0
42590 296.021 7.79306 0.01 1 22 0
42612 296.021 7.78976 0.01 1 23 0
42651 295.476 7.79306 0.01 1 23 0
42653 309.214 8.19887 0.01 1 72 0
42657 295.478 7.79306 0.01 1 24 0
42664 318.576 8.50607 0.01 1 101 0
42674 308.97 7.74915 0.01 1 72 0
42723 317.052 8.50607 0.01 1 101 0
42729 318.576 8.50607 0.01 1 101 0
42736 310.447 8.23715 0.01 1 72 0
42792 317.052 8.50607 0.01 1 101 0
