max_pf 91 min_pf 45
individual DHm DSm DCp disp_rate patch_no b_patch_no mut_eff DDHm DDCp
5 0.637703 -0.00079484 -0.00451881 0.01 90 90 0.00833863 -0.00959992 0
23 0.613775 -0.00086735 -0.058812 0.01 46 46 0 0 0
26 0.617018 -0.000857521 -0.0484363 0.01 45 45 0 0 0
32 0.628075 -0.000824016 -0.0455585 0.01 46 46 0 0 0
43 0.596762 -0.000918904 -0.0317331 0.01 60 60 0 0 0
74 0.607818 -0.000885399 -0.0719448 0.01 47 47 0 0 0
87 0.652332 -0.00075051 -0.00221815 0.01 90 90 0 0 0
99 0.570002 -0.000999994 -0.0419623 0.01 60 60 0 0 0
116 0.647303 -0.00076575 -0.00451881 0.01 89 89 0 0 0
124 0.647303 -0.00076575 -0.00451881 0.01 89 89 0 0 0
125 0.570002 -0.000999994 -0.0417968 0.01 60 60 0 0 0
131 0.603966 -0.000897071 -0.0772907 0.01 60 60 0 0 0
137 0.617018 -0.000857521 -0.0631112 0.01 46 46 0 0 0
142 0.652332 -0.00075051 -0.00221815 0.01 90 90 0 0 0
143 0.60487 -0.000894332 -0.0679942 0.01 60 60 0 0 0
154 0.617018 -0.000857521 -0.0631112 0.01 46 46 0 0 0
155 0.628075 -0.000824016 -0.058812 0.01 46 46 0 0 0
161 0.570002 -0.000999994 -0.0419623 0.01 60 60 0 0 0
162 0.628075 -0.000824016 -0.0631112 0.01 47 47 0 0 0
173 0.617018 -0.000857521 -0.0631112 0.01 46 46 0 0 0
177 0.628075 -0.000824016 -0.0631112 0.01 47 47 0 0 0
181 0.617018 -0.000857521 -0.0631112 0.01 46 46 0 0 0
182 0.628075 -0.000824016 -0.0455585 0.01 47 47 0 0 0
185 0.617018 -0.000857521 -0.0631112 0.01 46 46 0 0 0
212 0.628075 -0.000824016 -0.0655711 0.01 47 47 0 0 0
227 0.628075 -0.000824016 -0.0631112 0.01 47 47 0 0 0
228 0.570002 -0.000999994 -0.0419623 0.01 60 60 0 0 0
238 0.570002 -0.000999994 -0.0419623 0.01 60 60 0 0 0
241 0.617018 -0.000857521 -0.0631112 0.01 46 46 0 0 0
243 0.628075 -0.000824016 -0.0631112 0.01 47 47 0 0 0
259 0.601026 -0.000905981 -0.0631112 0.01 47 47 0.00560957 -0.0106059 0
267 0.628075 -0.000824016 -0.05466 0.01 47 47 0 0 0
268 0.617018 -0.000857521 -0.0631112 0.01 46 46 0 0 0
272 0.628075 -0.000824016 -0.0530411 0.01 47 47 0 0 0
273 0.536456 -0.00110165 -0.0469017 0.01 60 60 0 0 0
279 0.625426 -0.000832043 -0.0631112 0.01 47 47 0 0 0
284 0.647303 -0.00076575 -0.00451881 0.01 89 89 0 0 0
287 0.647303 -0.00076575 -0.00451881 0.01 89 88 0 0 0
290 0.642255 -0.000781047 -0.00221815 0.01 89 89 0.00914627 -0.0100771 0
304 0.610285 -0.000877925 -0.0676709 0.01 60 60 0 0 0
311 0.628075 -0.000824016 -0.0540775 0.01 46 46 0 0 0
314 0.628075 -0.000824016 -0.0523334 0.01 47 47 0 0 0
316 0.617018 -0.000857521 -0.0631112 0.01 46 46 0 0 0
330 0.628075 -0.000824016 -0.0631112 0.01 47 47 0 0 0
339 0.607818 -0.000885399 -0.0631112 0.01 47 47 0 0 0
367 0.652332 -0.00075051 -0.0119847 0.01 91 91 -0.126378 0 -0.00976652
371 0.585177 -0.00095401 -0.0690585 0.01 60 60 0 0 0
376 0.617018 -0.000857521 -0.0631112 0.01 46 46 0 0 0
387 0.617018 -0.000857521 -0.0631112 0.01 46 46 0 0 0
393 0.647303 -0.00076575 -0.00451881 0.01 89 89 0 0 0
394 0.628075 -0.000824016 -0.0631112 0.01 47 47 0 0 0
400 0.647303 -0.00076575 -0.020472 0.01 89 89 0 0 0
401 0.628075 -0.000824016 -0.0631112 0.01 47 48 0 0 0
412 0.608563 -0.000883142 -0.0778373 0.01 60 59 0 0 0
415 0.617018 -0.000857521 -0.0631112 0.01 45 46 0 0 0
420 0.647303 -0.00076575 -0.00451881 0.01 90 90 0 0 0
425 0.617018 -0.000857521 -0.0631112 0.01 47 47 0 0 0
429 0.628075 -0.000824016 -0.0631112 0.01 47 47 0 0 0
441 0.617018 -0.000857521 -0.0570735 0.01 46 46 0 0 0
462 0.561314 -0.00102632 -0.0577841 0.01 60 60 0 0 0
480 0.559308 -0.0010324 -0.032811 0.01 60 60 0.0171813 -0.0208957 0
482 0.596762 -0.000918904 -0.0317331 0.01 60 60 0 0 0
487 0.570002 -0.000999994 -0.0419623 0.01 47 47 0 0 0
488 0.570002 -0.000999994 -0.0261143 0.01 60 60 0 0 0
490 0.570002 -0.000999994 -0.0419623 0.01 60 60 0 0 0
492 0.617018 -0.000857521 -0.0631112 0.01 46 46 0 0 0
508 0.647303 -0.00076575 -0.00451881 0.01 89 89 0 0 0
517 0.570002 -0.000999994 -0.0223147 0.01 60 60 0 0 0
522 0.628075 -0.000824016 -0.0455585 0.01 46 46 0 0 0
526 0.628075 -0.000824016 -0.0631112 0.01 47 47 0 0 0
540 0.593922 -0.000927508 -0.0501493 0.01 60 60 0 0 0
557 0.617018 -0.000857521 -0.0555072 0.01 46 46 0 0 0
560 0.570002 -0.000999994 -0.0564484 0.01 60 60 0 0 0
562 0.617018 -0.000857521 -0.0631112 0.01 46 46 0 0 0
579 0.562436 -0.00102292 -0.0419623 0.01 60 60 0 0 0
605 0.596762 -0.000918904 -0.0322399 0.01 60 60 0 0 0
611 0.628075 -0.000824016 -0.0631112 0.01 47 47 0 0 0
614 0.562436 -0.00102292 -0.0419623 0.01 60 60 0 0 0
627 0.628075 -0.000824016 -0.058812 0.01 46 46 0 0 0
635 0.544604 -0.00107696 -0.0564484 0.01 60 60 0 0 0
636 0.652332 -0.00075051 -0.00221815 0.01 90 90 0 0 0
638 0.617018 -0.000857521 -0.0631112 0.01 46 46 0 0 0
679 0.538447 -0.00109561 -0.0419623 0.01 60 59 0 0 0
697 0.652332 -0.00075051 -0.00221815 0.01 89 89 0 0 0
704 0.652332 -0.00075051 -0.00221815 0.01 91 91 0 0 0
705 0.570002 -0.000999994 -0.0419623 0.01 60 61 0 0 0
731 0.628075 -0.000824016 -0.0631112 0.01 47 47 0 0 0
735 0.542535 -0.00108323 -0.057949 0.01 60 57 0 0 0
745 0.570002 -0.000999994 -0.0564484 0.01 60 59 0 0 0
758 0.570002 -0.000999994 -0.0437631 0.01 60 60 0 0 0
811 0.589054 -0.00094226 -0.0394427 0.01 60 60 0 0 0
814 0.641438 -0.000783522 -0.00658962 0.01 89 89 0 0 0
819 0.617018 -0.000857521 -0.0631112 0.01 46 46 0 0 0
835 0.570002 -0.000999994 -0.0437631 0.01 60 60 0 0 0
849 0.628075 -0.000824016 -0.0455585 0.01 47 47 0 0 0
854 0.551255 -0.0010568 -0.0418256 0.01 60 59 0 0 0
899 0.617018 -0.000857521 -0.0631112 0.01 46 46 0 0 0
912 0.628075 -0.000824016 -0.0631112 0.01 47 47 0 0 0
913 0.570002 -0.000999994 -0.0280874 0.01 60 60 0 0 0
914 0.617018 -0.000857521 -0.0631112 0.01 47 47 0 0 0
925 0.570002 -0.000999994 -0.0419623 0.01 60 60 0 0 0
944 0.652332 -0.00075051 -0.00221815 0.01 90 90 0 0 0
946 0.628075 -0.000824016 -0.0631112 0.01 47 48 0 0 0
951 0.628075 -0.000824016 -0.0629852 0.01 47 47 0 0 0
970 0.647303 -0.00076575 -0.00451881 0.01 89 89 0 0 0
982 0.628075 -0.000824016 -0.0631112 0.01 47 47 0 0 0
987 0.625426 -0.000832043 -0.0631112 0.01 47 47 0.0012916 -0.00264907 0
995 0.628075 -0.000824016 -0.0631112 0.01 47 47 0 0 0
1007 0.628075 -0.000824016 -0.0631112 0.01 47 47 0 0 0
1014 0.656921 -0.000736602 -0.00451881 0.01 89 89 0 0 0
1030 0.617018 -0.000857521 -0.0631112 0.01 46 46 0 0 0
1043 0.570002 -0.000999994 -0.0564484 0.01 60 60 0 0 0
1076 0.570002 -0.000999994 -0.0261143 0.01 60 60 0 0 0
1115 0.562436 -0.00102292 -0.0419623 0.01 60 60 0 0 0
1119 0.628075 -0.000824016 -0.0631112 0.01 47 47 0 0 0
1123 0.647303 -0.00076575 -0.00451881 0.01 89 89 0 0 0
1138 0.628075 -0.000824016 -0.0631112 0.01 47 47 0 0 0
1143 0.616911 -0.000857846 -0.0815232 0.01 60 60 0 0 0
1144 0.63539 -0.00080185 -0.0631112 0.01 47 47 -0.00349608 0.00731462 0
1152 0.570002 -0.000999994 -0.0366526 0.01 60 60 0 0 0
1186 0.628075 -0.000824016 -0.0631112 0.01 47 47 0 0 0
1220 0.628277 -0.000823404 -0.0631112 0.01 47 47 0 0 0
1222 0.617018 -0.000857521 -0.0631112 0.01 46 46 0 0 0
1223 0.593922 -0.000927508 -0.0501493 0.01 60 60 0 0 0
1253 0.611632 -0.000873842 -0.0610643 0.01 47 46 0 0 0
1258 0.617018 -0.000857521 -0.0434904 0.01 45 45 0.000763759 0 0.00494598
1277 0.628075 -0.000824016 -0.0562325 0.01 47 47 0 0 0
1278 0.626781 -0.000827938 -0.00451881 0.01 89 89 0.0181141 -0.020522 0
1285 0.647303 -0.00076575 -0.0101519 0.01 90 89 0 0 0
1292 0.561192 -0.00102669 -0.0419623 0.01 60 60 0 0 0
1295 0.646803 -0.000767263 -0.0631112 0.01 47 47 0 0 0
1322 0.628075 -0.000824016 -0.0631112 0.01 47 47 0 0 0
1326 0.617018 -0.000857521 -0.0631112 0.01 46 46 0 0 0
1357 0.628075 -0.000824016 -0.058812 0.01 46 46 0 0 0
1358 0.647303 -0.00076575 -0.00451881 0.01 89 89 0 0 0
1367 0.617018 -0.000857521 -0.0631112 0.01 46 46 0 0 0
1368 0.579917 -0.000969947 -0.0419623 0.01 60 60 0 0 0
1373 0.551255 -0.0010568 -0.0418256 0.01 60 59 0 0 0
1386 0.647303 -0.00076575 -0.00451881 0.01 89 89 0 0 0
1388 0.598057 -0.00091498 -0.0690585 0.01 60 61 0 0 0
1400 0.570002 -0.000999994 -0.0261143 0.01 60 61 0 0 0
1412 0.628075 -0.000824016 -0.0562325 0.01 47 47 0 0 0
1416 0.581268 -0.000965854 -0.0515358 0.01 60 60 0 0 0
1421 0.614182 -0.000866116 -0.0631112 0.01 46 46 0 0 0
1432 0.647303 -0.00076575 -0.00451881 0.01 89 89 0 0 0
1436 0.617018 -0.000857521 -0.0587857 0.01 46 46 0 0 0
1439 0.585177 -0.00095401 -0.0690585 0.01 60 60 0 0 0
1441 0.61916 -0.000851029 -0.0631112 0.01 47 47 0 0 0
1447 0.628075 -0.000824016 -0.0601231 0.01 47 47 0 0 0
1470 0.617018 -0.000857521 -0.0631112 0.01 46 46 0 0 0
1478 0.652332 -0.00075051 -0.00221815 0.01 90 90 0 0 0
1483 0.590843 -0.000936839 -0.0270158 0.01 60 60 0 0 0
1500 0.561192 -0.00102669 -0.0419623 0.01 60 60 0 0 0
1541 0.643058 -0.000778612 -0.0530411 0.01 47 48 0 0 0
1543 0.656921 -0.000736602 -0.00451881 0.01 89 89 0 0 0
1544 0.617018 -0.000857521 -0.0631112 0.01 46 46 0 0 0
1560 0.597573 -0.000916444 -0.0631112 0.01 47 47 0 0 0
1564 0.570002 -0.000999994 -0.0564484 0.01 60 60 0 0 0
1568 0.628075 -0.000824016 -0.0489713 0.01 46 46 0.0012005 0 0.00984074
1569 0.628075 -0.000824016 -0.0631112 0.01 47 47 0 0 0
1570 0.559099 -0.00103303 -0.0470793 0.01 60 60 0 0 0
1578 0.617018 -0.000857521 -0.0631112 0.01 46 47 0 0 0
1598 0.644709 -0.000773608 -0.00221815 0.01 90 90 0.00686806 -0.00762242 0
1600 0.570002 -0.000999994 -0.0437631 0.01 60 61 0 0 0
1602 0.647303 -0.00076575 -0.00451881 0.01 89 89 0 0 0
1606 0.619194 -0.000850927 -0.0631112 0.01 46 47 0 0 0
1623 0.617018 -0.000857521 -0.0631112 0.01 47 47 0 0 0
1629 0.628075 -0.000824016 -0.0631112 0.01 47 47 0 0 0
1636 0.617018 -0.000857521 -0.0631112 0.01 45 46 0 0 0
1651 0.617018 -0.000857521 -0.0631112 0.01 46 46 0 0 0
1653 0.637981 -0.000793996 -0.00451881 0.01 89 89 0 0 0
1659 0.617018 -0.000857521 -0.0631112 0.01 47 47 0 0 0
1662 0.652332 -0.00075051 -0.00221815 0.01 90 90 0 0 0
1667 0.617018 -0.000857521 -0.0629023 0.01 47 47 0 0 0
1688 0.628075 -0.000824016 -0.0530411 0.01 47 48 0 0 0
1692 0.652332 -0.00075051 -0.00221815 0.01 90 90 0 0 0
1697 0.607818 -0.000885399 -0.0719448 0.01 47 47 0 0 0
1701 0.617018 -0.000857521 -0.0631112 0.01 47 47 0 0 0
1702 0.628075 -0.000824016 -0.058812 0.01 46 46 0 0 0
1720 0.61558 -0.000861879 -0.0631112 0.01 47 47 0 0 0
1752 0.628075 -0.000824016 -0.0631112 0.01 47 47 0 0 0
1773 0.656921 -0.000736602 -0.00451881 0.01 89 89 0 0 0
1824 0.597573 -0.000916444 -0.0631112 0.01 47 47 0 0 0
1837 0.652332 -0.00075051 -0.00221815 0.01 90 90 0 0 0
1838 0.60487 -0.000894332 -0.0679942 0.01 60 60 0 0 0
1842 0.628075 -0.000824016 -0.0530411 0.01 47 47 0 0 0
1900 0.652332 -0.00075051 -0.00221815 0.01 90 90 0 0 0
1909 0.628075 -0.000824016 -0.0631112 0.01 47 47 0 0 0
1918 0.602835 -0.000900501 -0.0631112 0.01 47 47 0 0 0
1938 0.629918 -0.00081843 -0.00221815 0.01 89 89 0 0 0
1967 0.652332 -0.00075051 -0.00221815 0.01 89 89 0 0 0
1982 0.628075 -0.000824016 -0.0631112 0.01 47 47 0 0 0
1992 0.630927 -0.000815372 -0.0649858 0.01 47 49 0 0 0
2008 0.617018 -0.000857521 -0.0631112 0.01 47 47 0 0 0
2023 0.570002 -0.000999994 -0.0419623 0.01 60 60 0 0 0
2034 0.647303 -0.00076575 -0.00451881 0.01 89 88 0 0 0
2036 0.617018 -0.000857521 -0.0631112 0.01 46 46 0 0 0
2042 0.617018 -0.000857521 -0.0631112 0.01 46 46 0 0 0
2046 0.617018 -0.000857521 -0.0631112 0.01 46 46 0 0 0
2056 0.55709 -0.00103912 -0.0223147 0.01 60 60 0 0 0
2057 0.634082 -0.000805812 -0.0580418 0.01 46 46 0 0 0
2069 0.617018 -0.000857521 -0.0631112 0.01 46 46 0 0 0
2072 0.647303 -0.00076575 -0.00451881 0.01 89 89 0 0 0
2095 0.647303 -0.00076575 -0.00451881 0.01 90 90 0 0 0
2104 0.652332 -0.00075051 -0.00221815 0.01 91 91 0 0 0
2108 0.567794 -0.00100668 -0.0515358 0.01 60 60 0 0 0
2121 0.628075 -0.000824016 -0.0530411 0.01 47 47 0 0 0
2123 0.655329 -0.000741427 -0.00221815 0.01 90 90 0 0 0
2127 0.652332 -0.00075051 -0.00221815 0.01 89 89 0 0 0
2157 0.580204 -0.000969078 -0.032811 0.01 60 60 0 0 0
2166 0.617018 -0.000857521 -0.0631112 0.01 46 46 0 0 0
2175 0.652332 -0.00075051 -0.00221815 0.01 90 90 0 0 0
2177 0.617018 -0.000857521 -0.0631112 0.01 46 46 0 0 0
2188 0.570002 -0.000999994 -0.0419623 0.01 60 60 0 0 0
2190 0.617018 -0.000857521 -0.0631112 0.01 46 46 0 0 0
2191 0.647303 -0.00076575 -0.00451881 0.01 89 89 0 0 0
2195 0.638366 -0.000792832 -0.058812 0.01 46 46 0 0 0
2204 0.628075 -0.000824016 -0.0631112 0.01 47 47 0 0 0
2217 0.617018 -0.000857521 -0.0484363 0.01 45 45 0 0 0
2233 0.647303 -0.00076575 -0.00451881 0.01 89 89 0 0 0
2239 0.554023 -0.00104842 -0.0818306 0.01 60 60 0 0 0
2266 0.570002 -0.000999994 -0.0578614 0.01 60 60 0 0 0
2268 0.570002 -0.000999994 -0.0419623 0.01 60 60 0 0 0
2269 0.652332 -0.00075051 -0.00221815 0.01 91 90 0 0 0
2271 0.647303 -0.00076575 -0.00451881 0.01 90 89 0 0 0
2278 0.628075 -0.000824016 -0.0631112 0.01 47 48 0 0 0
2284 0.647303 -0.00076575 -0.00451881 0.01 89 89 0 0 0
2285 0.570002 -0.000999994 -0.0419623 0.01 60 60 0 0 0
2287 0.652332 -0.00075051 -0.00221815 0.01 89 89 0 0 0
2309 0.628075 -0.000824016 -0.0631112 0.01 47 47 0 0 0
2322 0.628075 -0.000824016 -0.0538451 0.01 47 47 -0.000430934 0 -0.00435868
2346 0.570002 -0.000999994 -0.0163637 0.01 60 60 0 0 0
2351 0.617018 -0.000857521 -0.0631112 0.01 46 46 0 0 0
2367 0.628075 -0.000824016 -0.0631112 0.01 47 47 0 0 0
2369 0.596762 -0.000918904 -0.0317331 0.01 60 59 0 0 0
2374 0.607818 -0.000885399 -0.0631112 0.01 46 46 0 0 0
2377 0.617018 -0.000857521 -0.0631112 0.01 47 47 0 0 0
2395 0.651476 -0.000753104 -0.0530411 0.01 47 47 0 0 0
2396 0.617018 -0.000857521 -0.0631112 0.01 47 47 0 0 0
2408 0.647303 -0.00076575 -0.00451881 0.01 89 89 0 0 0
2413 0.643058 -0.000778612 -0.0530411 0.01 47 47 0 0 0
2416 0.617018 -0.000857521 -0.0631112 0.01 47 47 0 0 0
2420 0.652332 -0.00075051 -0.00221815 0.01 90 90 0 0 0
2457 0.617018 -0.000857521 -0.0631112 0.01 46 46 0 0 0
2458 0.570002 -0.000999994 -0.0261143 0.01 60 60 0 0 0
2462 0.628075 -0.000824016 -0.05466 0.01 47 48 0 0 0
2467 0.617018 -0.000857521 -0.0631112 0.01 46 46 0 0 0
2476 0.570002 -0.000999994 -0.0223147 0.01 60 60 0 0 0
2491 0.579917 -0.000969947 -0.0566718 0.01 60 60 -0.000176132 0 -0.00122333
2502 0.614631 -0.000864754 -0.0523334 0.01 47 47 0 0 0
2505 0.652332 -0.00075051 -0.00221815 0.01 90 90 0 0 0
2514 0.647303 -0.00076575 -0.016715 0.01 89 89 -0.0641481 0 -0.00656307
2522 0.647303 -0.00076575 -0.00451881 0.01 90 89 0 0 0
2541 0.628075 -0.000824016 -0.0455585 0.01 46 46 0 0 0
2544 0.652332 -0.00075051 -0.00221815 0.01 89 89 0 0 0
2552 0.583484 -0.000959139 -0.0705266 0.01 60 59 0 0 0
2564 0.628075 -0.000824016 -0.0562325 0.01 47 47 0 0 0
2565 0.617018 -0.000857521 -0.0631112 0.01 45 46 0 0 0
2573 0.617018 -0.000857521 -0.0587857 0.01 47 47 0 0 0
2581 0.562436 -0.00102292 -0.0419623 0.01 60 60 0 0 0
2598 0.647303 -0.00076575 -0.00451881 0.01 89 89 0 0 0
2609 0.574261 -0.000987088 -0.0307508 0.01 60 61 0 0 0
2611 0.647303 -0.00076575 -0.00451881 0.01 90 90 0 0 0
2612 0.60487 -0.000894332 -0.0679942 0.01 60 60 0 0 0
2621 0.617018 -0.000857521 -0.0631112 0.01 47 47 0 0 0
2628 0.647303 -0.00076575 -0.00451881 0.01 89 89 0 0 0
2644 0.617857 -0.000854979 -0.07395 0.01 60 61 0 0 0
2667 0.567481 -0.00100763 -0.0778373 0.01 47 47 0 0 0
2688 0.647303 -0.00076575 -0.0101519 0.01 89 89 0 0 0
2695 0.617018 -0.000857521 -0.0631112 0.01 46 46 0 0 0
2701 0.628075 -0.000824016 -0.0530411 0.01 45 46 0 0 0
2707 0.596762 -0.000918904 -0.0322399 0.01 60 60 0 0 0
2711 0.647303 -0.00076575 -0.0101519 0.01 90 90 0 0 0
2724 0.570002 -0.000999994 -0.0417968 0.01 60 60 0 0 0
2727 0.617018 -0.000857521 -0.0631112 0.01 46 46 0 0 0
2738 0.60487 -0.000894332 -0.0679942 0.01 60 60 0 0 0
2748 0.593922 -0.000927508 -0.0501493 0.01 60 60 0 0 0
2762 0.617018 -0.000857521 -0.0631112 0.01 46 46 0 0 0
2773 0.617018 -0.000857521 -0.0631112 0.01 46 46 0 0 0
2779 0.582616 -0.00096177 -0.0515358 0.01 60 60 -0.0118511 0.0148218 0
2796 0.583484 -0.000959139 -0.0275247 0.01 60 60 0 0 0
2806 0.647303 -0.00076575 -0.0101519 0.01 89 89 0 0 0
2816 0.570002 -0.000999994 -0.033886 0.01 60 60 0 0 0
2861 0.628075 -0.000824016 -0.0530411 0.01 47 47 0 0 0
2869 0.652332 -0.00075051 -0.00221815 0.01 90 91 0 0 0
2897 0.647303 -0.00076575 -0.00451881 0.01 89 89 0 0 0
2901 0.611632 -0.000873842 -0.0631112 0.01 47 47 0 0 0
2912 0.617018 -0.000857521 -0.0570735 0.01 46 46 0 0 0
2914 0.561192 -0.00102669 -0.0419623 0.01 60 60 0 0 0
2926 0.617018 -0.000857521 -0.0631112 0.01 46 46 0 0 0
2961 0.647303 -0.00076575 -0.00451881 0.01 89 89 0 0 0
2971 0.617018 -0.000857521 -0.0631112 0.01 46 46 0 0 0
2972 0.628075 -0.000824016 -0.0631112 0.01 47 47 0 0 0
2982 0.652332 -0.00075051 -0.00221815 0.01 90 90 0 0 0
2993 0.628075 -0.000824016 -0.0629852 0.01 47 47 0 0 0
2996 0.617018 -0.000857521 -0.0631112 0.01 46 46 0 0 0
3012 0.617018 -0.000857521 -0.0631112 0.01 47 46 0 0 0
3016 0.628075 -0.000824016 -0.0631112 0.01 47 47 0 0 0
3023 0.617018 -0.000857521 -0.0570735 0.01 46 46 0 0 0
3028 0.628075 -0.000824016 -0.0631112 0.01 47 47 0 0 0
3029 0.628075 -0.000824016 -0.0631112 0.01 47 47 0 0 0
3030 0.647303 -0.00076575 -0.00451881 0.01 89 89 0 0 0
3040 0.628075 -0.000824016 -0.0601231 0.01 47 47 0 0 0
3061 0.581149 -0.000966215 -0.0515358 0.01 60 60 0 0 0
3063 0.570002 -0.000999994 -0.0419623 0.01 60 60 0 0 0
3066 0.652332 -0.00075051 -0.00221815 0.01 91 91 0 0 0
3102 0.617018 -0.000857521 -0.0631112 0.01 45 46 0 0 0
3103 0.551773 -0.00105523 -0.0442646 0.01 60 60 0 0 0
3112 0.618924 -0.000851746 -0.058812 0.01 47 47 0 0 0
3137 0.647303 -0.00076575 -0.00451881 0.01 89 89 0 0 0
3139 0.570002 -0.000999994 -0.0469017 0.01 60 60 0 0 0
3140 0.617018 -0.000857521 -0.0631112 0.01 46 46 0 0 0
3166 0.647303 -0.00076575 -0.00451881 0.01 89 89 0 0 0
3169 0.647303 -0.00076575 -0.00451881 0.01 89 89 0 0 0
3175 0.647303 -0.00076575 -0.00451881 0.01 89 89 0 0 0
3185 0.617018 -0.000857521 -0.0631112 0.01 46 46 0 0 0
3205 0.628075 -0.000824016 -0.0631112 0.01 47 47 0 0 0
3218 0.570002 -0.000999994 -0.0163637 0.01 60 60 0 0 0
3223 0.630927 -0.000815372 -0.0649858 0.01 47 48 0 0 0
3235 0.628075 -0.000824016 -0.0631112 0.01 47 47 0 0 0
3243 0.647303 -0.00076575 -0.00451881 0.01 89 89 0 0 0
3249 0.570002 -0.000999994 -0.0564484 0.01 60 60 0 0 0
3252 0.617018 -0.000857521 -0.0631112 0.01 46 46 0 0 0
3259 0.594414 -0.000926018 -0.0690585 0.01 60 60 0 0 0
3260 0.617018 -0.000857521 -0.0484363 0.01 46 46 0 0 0
3265 0.628075 -0.000824016 -0.0631112 0.01 47 47 0 0 0
3270 0.628075 -0.000824016 -0.0631112 0.01 47 47 0 0 0
3271 0.641873 -0.000782204 -0.0631112 0.01 46 47 0.0028644 -0.00631768 0
3281 0.617018 -0.000857521 -0.0631112 0.01 46 46 0 0 0
3318 0.61916 -0.000851029 -0.0631112 0.01 46 46 0 0 0
3322 0.617018 -0.000857521 -0.0631112 0.01 45 46 0 0 0
3325 0.652332 -0.00075051 -0.00221815 0.01 91 91 0 0 0
3333 0.61916 -0.000851029 -0.0631112 0.01 47 47 0 0 0
3345 0.570002 -0.000999994 -0.0280874 0.01 60 60 0 0 0
3348 0.570002 -0.000999994 -0.0419623 0.01 60 60 0 0 0
3370 0.561314 -0.00102632 -0.0577841 0.01 60 60 0 0 0
3380 0.652332 -0.00075051 -0.00221815 0.01 91 91 0 0 0
3387 0.628075 -0.000824016 -0.0494864 0.01 47 47 0 0 0
3393 0.570002 -0.000999994 -0.0223147 0.01 60 60 0 0 0
3406 0.652332 -0.00075051 -0.00221815 0.01 90 90 0 0 0
3414 0.617018 -0.000857521 -0.0631112 0.01 46 46 0 0 0
3426 0.617018 -0.000857521 -0.0631112 0.01 46 46 0 0 0
3428 0.575735 -0.000982622 -0.0564484 0.01 60 60 0 0 0
3429 0.651476 -0.000753104 -0.0412771 0.01 47 47 0.00106319 0 0.0117641
3437 0.561314 -0.00102632 -0.0377397 0.01 60 59 0 0 0
3439 0.628075 -0.000824016 -0.0631112 0.01 47 47 0 0 0
3452 0.570002 -0.000999994 -0.0417968 0.01 60 60 0 0 0
3468 0.628075 -0.000824016 -0.0631112 0.01 47 47 0 0 0
3498 0.561192 -0.00102669 -0.0437174 0.01 60 60 -0.00026983 0 -0.00175511
3511 0.579917 -0.000969947 -0.0419623 0.01 60 60 0 0 0
3512 0.628075 -0.000824016 -0.0631112 0.01 47 47 0 0 0
3526 0.619194 -0.000850927 -0.0631112 0.01 47 48 0 0 0
3528 0.584807 -0.00095513 -0.0665164 0.01 60 60 0 0 0
3539 0.61916 -0.000851029 -0.0631112 0.01 46 46 0 0 0
3544 0.63539 -0.00080185 -0.0631112 0.01 47 47 0 0 0
3550 0.617018 -0.000857521 -0.0631112 0.01 46 46 0 0 0
3554 0.619194 -0.000850927 -0.0631112 0.01 60 60 0 0 0
3561 0.617018 -0.000857521 -0.0631112 0.01 46 46 0 0 0
3570 0.654902 -0.000742722 -0.0232952 0.01 60 60 0 0 0
3576 0.628075 -0.000824016 -0.058812 0.01 46 46 0 0 0
3590 0.570002 -0.000999994 -0.0419623 0.01 60 60 0 0 0
3623 0.628075 -0.000824016 -0.0530411 0.01 47 47 0 0 0
3657 0.617018 -0.000857521 -0.0631112 0.01 46 46 0 0 0
3669 0.652332 -0.00075051 -0.00221815 0.01 90 90 0 0 0
3676 0.607818 -0.000885399 -0.0719448 0.01 47 48 0 0 0
3679 0.652332 -0.00075051 -0.00221815 0.01 89 89 0 0 0
3688 0.628075 -0.000824016 -0.0631112 0.01 47 47 0 0 0
3690 0.647303 -0.00076575 -0.0101519 0.01 89 89 0 0 0
3692 0.570002 -0.000999994 -0.0343243 0.01 60 60 0 0 0
3732 0.652332 -0.00075051 -0.00221815 0.01 89 89 0 0 0
3742 0.617018 -0.000857521 -0.0484363 0.01 45 45 0 0 0
3752 0.628075 -0.000824016 -0.0631112 0.01 46 47 0 0 0
3775 0.617018 -0.000857521 -0.0631112 0.01 46 46 0 0 0
3784 0.617018 -0.000857521 -0.0631112 0.01 46 47 0 0 0
3808 0.61916 -0.000851029 -0.0631112 0.01 45 47 0 0 0
3815 0.570522 -0.000998418 -0.0236216 0.01 60 60 0 0 0
3830 0.628075 -0.000824016 -0.0631112 0.01 47 47 0 0 0
3832 0.561314 -0.00102632 -0.0577841 0.01 60 60 0 0 0
3849 0.554023 -0.00104842 -0.0564484 0.01 60 59 0 0 0
3890 0.628075 -0.000824016 -0.058812 0.01 46 46 0 0 0
3892 0.617018 -0.000857521 -0.0555072 0.01 46 46 0 0 0
3915 0.628075 -0.000824016 -0.0631112 0.01 46 47 0 0 0
3916 0.570002 -0.000999994 -0.0307508 0.01 60 60 0 0 0
3929 0.585177 -0.00095401 -0.0690585 0.01 60 60 0 0 0
3931 0.596762 -0.000918904 -0.0317331 0.01 60 60 0 0 0
3940 0.628075 -0.000824016 -0.058812 0.01 46 46 0 0 0
3942 0.647303 -0.00076575 -0.00451881 0.01 89 89 0 0 0
3944 0.628075 -0.000824016 -0.0789241 0.01 46 48 0 0 0
3947 0.628075 -0.000824016 -0.0631112 0.01 47 48 0 0 0
3949 0.628075 -0.000824016 -0.0631112 0.01 47 47 0 0 0
3960 0.647303 -0.00076575 -0.0101519 0.01 89 89 0 0 0
3993 0.570002 -0.000999994 -0.0280874 0.01 60 60 0 0 0
3996 0.652332 -0.00075051 -0.00221815 0.01 91 91 0 0 0
4003 0.570002 -0.000999994 -0.0280874 0.01 60 60 0 0 0
4005 0.579917 -0.000969947 -0.0419623 0.01 60 60 0 0 0
4022 0.628075 -0.000824016 -0.0530411 0.01 47 48 0 0 0
4028 0.619194 -0.000850927 -0.0631112 0.01 47 47 0 0 0
4029 0.647303 -0.00076575 -0.00451881 0.01 89 89 0 0 0
4040 0.647303 -0.00076575 -0.00451881 0.01 89 88 0 0 0
4046 0.652332 -0.00075051 -0.00221815 0.01 89 89 0 0 0
4048 0.617018 -0.000857521 -0.0631112 0.01 47 47 0 0 0
4077 0.62226 -0.000841636 -0.0476812 0.01 60 60 0 0 0
4090 0.562436 -0.00102292 -0.0411621 0.01 60 60 0 0 0
4091 0.637981 -0.000793996 -0.00451881 0.01 89 89 0 0 0
4102 0.652332 -0.00075051 -0.00221815 0.01 91 91 0 0 0
4103 0.617018 -0.000857521 -0.0631112 0.01 46 46 0 0 0
4107 0.617018 -0.000857521 -0.0631112 0.01 46 46 0 0 0
4109 0.647303 -0.00076575 -0.00451881 0.01 89 89 0 0 0
4131 0.652332 -0.00075051 -0.00221815 0.01 91 91 0 0 0
4138 0.594182 -0.000926721 -0.0698542 0.01 60 59 0 0 0
4142 0.61916 -0.000851029 -0.0631112 0.01 46 46 0 0 0
4148 0.647303 -0.00076575 -0.00451881 0.01 89 89 0 0 0
4156 0.628075 -0.000824016 -0.0631112 0.01 47 47 0 0 0
4163 0.628075 -0.000824016 -0.058812 0.01 46 46 0 0 0
4179 0.617018 -0.000857521 -0.0631112 0.01 46 46 0 0 0
4180 0.628075 -0.000824016 -0.0631112 0.01 47 47 0 0 0
4183 0.652332 -0.00075051 -0.00221815 0.01 90 90 0 0 0
4186 0.617018 -0.000857521 -0.0631112 0.01 46 46 0 0 0
4187 0.593922 -0.000927508 -0.0501493 0.01 60 60 0 0 0
4193 0.619194 -0.000850927 -0.0744023 0.01 47 48 0 0 0
4211 0.613426 -0.000868406 -0.0631112 0.01 47 48 0 0 0
4213 0.646803 -0.000767263 -0.0631112 0.01 47 47 0 0 0
4216 0.641798 -0.00078243 -0.0455585 0.01 46 46 0 0 0
4221 0.628075 -0.000824016 -0.0631112 0.01 47 47 0 0 0
4228 0.647303 -0.00076575 -0.00451881 0.01 89 89 0 0 0
4239 0.617018 -0.000857521 -0.0631112 0.01 46 46 0 0 0
4253 0.628075 -0.000824016 -0.0631112 0.01 47 47 0 0 0
4264 0.652332 -0.00075051 -0.00221815 0.01 90 90 0 0 0
4265 0.652332 -0.00075051 -0.00221815 0.01 90 90 0 0 0
4269 0.617018 -0.000857521 -0.0631112 0.01 46 46 0 0 0
4273 0.628075 -0.000824016 -0.0631112 0.01 47 47 0 0 0
4286 0.617018 -0.000857521 -0.0631112 0.01 47 47 0 0 0
4300 0.617018 -0.000857521 -0.0631112 0.01 47 47 0 0 0
4308 0.628075 -0.000824016 -0.058812 0.01 46 46 0 0 0
4312 0.647303 -0.00076575 -0.00451881 0.01 89 89 0 0 0
4317 0.562436 -0.00102292 -0.0419623 0.01 60 60 0 0 0
4339 0.617018 -0.000857521 -0.0631112 0.01 46 46 0 0 0
4353 0.620682 -0.000846417 -0.0526958 0.01 45 45 -0.000643678 0 -0.00425949
4354 0.628075 -0.000824016 -0.0530411 0.01 47 47 0 0 0
4356 0.617018 -0.000857521 -0.0631112 0.01 46 46 0 0 0
4363 0.570002 -0.000999994 -0.037464 0.01 60 59 0 0 0
4374 0.637981 -0.000793996 -0.00451881 0.01 89 89 0 0 0
4385 0.628075 -0.000824016 -0.05466 0.01 47 47 0 0 0
4393 0.628075 -0.000824016 -0.0455585 0.01 46 46 0 0 0
4398 0.674857 -0.000682252 -0.00385545 0.01 89 89 -0.0238107 0.0275543 0
4420 0.617018 -0.000857521 -0.0484363 0.01 46 46 0 0 0
4421 0.585177 -0.00095401 -0.0690585 0.01 60 60 0 0 0
4432 0.628075 -0.000824016 -0.0530411 0.01 46 46 0 0 0
4478 0.628075 -0.000824016 -0.0523334 0.01 47 47 0 0 0
4485 0.592996 -0.000930316 -0.0778373 0.01 47 50 0 0 0
4495 0.570002 -0.000999994 -0.0419623 0.01 60 60 0 0 0
4503 0.580204 -0.000969078 -0.032811 0.01 60 60 0 0 0
4506 0.570002 -0.000999994 -0.0637792 0.01 60 60 0 0 0
4507 0.652332 -0.00075051 -0.00221815 0.01 89 89 0 0 0
4515 0.617018 -0.000857521 -0.0631112 0.01 46 46 0 0 0
4518 0.597573 -0.000916444 -0.0631112 0.01 47 46 0 0 0
4538 0.617018 -0.000857521 -0.0587857 0.01 47 47 0 0 0
4553 0.570002 -0.000999994 -0.0442995 0.01 60 60 -0.000373036 0 -0.00250275
4566 0.639761 -0.000788604 -0.0501493 0.01 60 60 0 0 0
4579 0.617018 -0.000857521 -0.0570735 0.01 46 46 0 0 0
4581 0.617018 -0.000857521 -0.0631112 0.01 46 46 0 0 0
4588 0.619194 -0.000850927 -0.0744023 0.01 47 48 0 0 0
4589 0.633033 -0.00080899 -0.0455585 0.01 46 46 0 0 0
4597 0.647303 -0.00076575 -0.00451881 0.01 89 89 0 0 0
4622 0.575954 -0.000981957 -0.032811 0.01 60 59 0 0 0
4630 0.628075 -0.000824016 -0.0631112 0.01 47 47 0 0 0
4636 0.652332 -0.00075051 -0.00221815 0.01 90 90 0 0 0
4640 0.617018 -0.000857521 -0.0631112 0.01 46 46 0 0 0
4650 0.570002 -0.000999994 -0.0565989 0.01 60 60 0 0 0
4655 0.617018 -0.000857521 -0.0631112 0.01 47 48 0 0 0
4675 0.617018 -0.000857521 -0.0631112 0.01 47 47 0 0 0
4678 0.649181 -0.000760058 -0.0768667 0.01 60 60 0 0 0
4727 0.628075 -0.000824016 -0.0631112 0.01 45 47 0 0 0
4733 0.570002 -0.000999994 -0.0419623 0.01 60 60 0 0 0
4741 0.60487 -0.000894332 -0.0679942 0.01 60 60 0 0 0
4764 0.562436 -0.00102292 -0.0419623 0.01 60 60 0 0 0
4780 0.616911 -0.000857846 -0.0815232 0.01 60 60 0 0 0
4794 0.617018 -0.000857521 -0.0484363 0.01 45 45 0 0 0
4797 0.596762 -0.000918904 -0.0322399 0.01 60 60 0 0 0
4800 0.593922 -0.000927508 -0.0501493 0.01 60 60 0 0 0
4827 0.570002 -0.000999994 -0.0228036 0.01 60 60 0 0 0
4828 0.625632 -0.000831417 -0.0631112 0.01 46 47 0 0 0
4832 0.562436 -0.00102292 -0.0419623 0.01 60 60 0 0 0
4851 0.569918 -0.00100025 -0.053534 0.01 60 60 0 0 0
4856 0.61916 -0.000851029 -0.063272 0.01 46 46 0 0 0
4857 0.641873 -0.000782204 -0.0631112 0.01 47 47 0 0 0
4880 0.570002 -0.000999994 -0.0637792 0.01 60 60 0 0 0
4884 0.564818 -0.0010157 -0.0370122 0.01 60 60 0 0 0
4891 0.617018 -0.000857521 -0.0631112 0.01 46 46 0 0 0
4892 0.622306 -0.000841497 -0.0472087 0.01 60 60 0 0 0
4900 0.628075 -0.000824016 -0.0631112 0.01 47 47 0 0 0
4901 0.617018 -0.000857521 -0.0631112 0.01 46 46 0 0 0
4909 0.617018 -0.000857521 -0.0631112 0.01 46 46 0 0 0
4947 0.617018 -0.000857521 -0.0631112 0.01 46 46 0 0 0
4956 0.614273 -0.00086584 -0.0631112 0.01 47 48 0 0 0
4964 0.647303 -0.00076575 -0.00451881 0.01 89 89 0 0 0
4969 0.570002 -0.000999994 -0.0419623 0.01 60 59 0 0 0
4971 0.628075 -0.000824016 -0.058812 0.01 46 47 0 0 0
4978 0.647303 -0.00076575 -0.00451881 0.01 89 89 0 0 0
4985 0.647303 -0.00076575 -0.0101519 0.01 89 89 0 0 0
4986 0.628075 -0.000824016 -0.0631112 0.01 47 47 0 0 0
5006 0.652332 -0.00075051 -0.00221815 0.01 90 90 0 0 0
5008 0.628075 -0.000824016 -0.0455585 0.01 47 46 0 0 0
5013 0.628075 -0.000824016 -0.0631112 0.01 47 47 0 0 0
5017 0.647303 -0.00076575 -0.00451881 0.01 89 89 0 0 0
5026 0.643058 -0.000778612 -0.0168608 0.01 47 47 0 0 0
5039 0.617018 -0.000857521 -0.0631112 0.01 45 46 0 0 0
5051 0.646803 -0.000767263 -0.0631112 0.01 47 47 0 0 0
5062 0.617018 -0.000857521 -0.0631112 0.01 47 47 0 0 0
5074 0.652332 -0.00075051 -0.00221815 0.01 90 90 0 0 0
5079 0.607818 -0.000885399 -0.0719448 0.01 47 47 0 0 0
5081 0.570002 -0.000999994 -0.0280874 0.01 60 60 0 0 0
5091 0.617018 -0.000857521 -0.0631112 0.01 47 46 0 0 0
5104 0.628075 -0.000824016 -0.0631112 0.01 47 47 0 0 0
5119 0.652332 -0.00075051 -0.00221815 0.01 90 90 0 0 0
5123 0.652332 -0.00075051 -0.00221815 0.01 90 90 0 0 0
5146 0.628075 -0.000824016 -0.0467464 0.01 47 47 0.000623107 0 0.00629471
5162 0.567481 -0.00100763 -0.0778373 0.01 47 47 0 0 0
5190 0.617018 -0.000857521 -0.0631112 0.01 46 46 0 0 0
5191 0.570002 -0.000999994 -0.0419623 0.01 60 60 0 0 0
5192 0.628075 -0.000824016 -0.0631112 0.01 47 47 0 0 0
5199 0.617018 -0.000857521 -0.0631112 0.01 46 46 0 0 0
5209 0.607818 -0.000885399 -0.0719448 0.01 47 47 0 0 0
5218 0.61916 -0.000851029 -0.0631112 0.01 46 46 0 0 0
5224 0.628075 -0.000824016 -0.0631112 0.01 47 47 0 0 0
5232 0.561192 -0.00102669 -0.0419623 0.01 60 60 0 0 0
5236 0.628075 -0.000824016 -0.058812 0.01 46 46 0 0 0
5238 0.592996 -0.000930316 -0.0778373 0.01 47 48 0 0 0
5244 0.652332 -0.00075051 -0.00221815 0.01 91 91 0 0 0
5259 0.652332 -0.00075051 -0.00221815 0.01 90 90 0 0 0
5261 0.617018 -0.000857521 -0.0631112 0.01 46 46 0 0 0
5276 0.570522 -0.000998418 -0.0236216 0.01 60 60 0 0 0
5281 0.585177 -0.00095401 -0.0690585 0.01 60 60 0 0 0
5283 0.628075 -0.000824016 -0.0530411 0.01 47 47 0 0 0
5285 0.592996 -0.000930316 -0.0778373 0.01 47 47 0 0 0
5288 0.628075 -0.000824016 -0.0424947 0.01 47 48 0 0 0
5297 0.561314 -0.00102632 -0.0577841 0.01 60 60 0 0 0
5307 0.652332 -0.00075051 -0.00221815 0.01 89 90 0 0 0
5308 0.617018 -0.000857521 -0.0631112 0.01 46 46 0 0 0
5325 0.652332 -0.00075051 -0.00221815 0.01 90 90 0 0 0
5339 0.570002 -0.000999994 -0.0223147 0.01 60 60 0 0 0
5341 0.607818 -0.000885399 -0.0719448 0.01 47 47 0 0 0
5353 0.617018 -0.000857521 -0.0631112 0.01 46 46 0 0 0
5360 0.570002 -0.000999994 -0.0419623 0.01 60 60 0 0 0
5367 0.617018 -0.000857521 -0.0631112 0.01 46 46 0 0 0
5370 0.570002 -0.000999994 -0.0437631 0.01 60 60 0 0 0
5373 0.596762 -0.000918904 -0.0523518 0.01 60 58 0 0 0
5376 0.611632 -0.000873842 -0.0631112 0.01 47 46 0 0 0
5380 0.617018 -0.000857521 -0.0484363 0.01 45 45 0 0 0
5381 0.624605 -0.000834529 -0.0631112 0.01 47 47 0 0 0
5396 0.628075 -0.000824016 -0.058812 0.01 46 46 0 0 0
5399 0.570002 -0.000999994 -0.0419623 0.01 60 59 0 0 0
5416 0.647303 -0.00076575 -0.0101519 0.01 89 90 0 0 0
5426 0.617018 -0.000857521 -0.0631112 0.01 46 46 0 0 0
5438 0.561192 -0.00102669 -0.0442646 0.01 60 60 0 0 0
5448 0.617018 -0.000857521 -0.0631112 0.01 47 47 0 0 0
5463 0.583484 -0.000959139 -0.0705266 0.01 60 60 0 0 0
5470 0.570002 -0.000999994 -0.0315609 0.01 60 59 0 0 0
5474 0.617018 -0.000857521 -0.0699324 0.01 47 47 0 0 0
5480 0.570002 -0.000999994 -0.0223147 0.01 60 60 0 0 0
5482 0.628075 -0.000824016 -0.0631112 0.01 47 47 0 0 0
5486 0.628075 -0.000824016 -0.0631112 0.01 47 47 0 0 0
5489 0.628075 -0.000824016 -0.0631112 0.01 46 47 0 0 0
5492 0.628075 -0.000824016 -0.0631112 0.01 47 48 0 0 0
5502 0.617018 -0.000857521 -0.0631112 0.01 46 46 0 0 0
5509 0.617018 -0.000857521 -0.0631112 0.01 45 46 0 0 0
5519 0.617018 -0.000857521 -0.0631112 0.01 46 46 0 0 0
5520 0.652332 -0.00075051 -0.00221815 0.01 89 89 0 0 0
5530 0.647303 -0.00076575 -0.00385545 0.01 89 89 0 0 0
5533 0.570002 -0.000999994 -0.0419623 0.01 60 60 0 0 0
5543 0.617018 -0.000857521 -0.0631112 0.01 46 46 0 0 0
5546 0.607818 -0.000885399 -0.0719448 0.01 47 47 0 0 0
5547 0.617018 -0.000857521 -0.0484363 0.01 45 45 0 0 0
5559 0.613775 -0.00086735 -0.058812 0.01 46 46 0.00964572 -0.0203075 0
5561 0.628075 -0.000824016 -0.0530411 0.01 47 47 0 0 0
5565 0.628075 -0.000824016 -0.0631112 0.01 45 47 0 0 0
5574 0.639761 -0.000788604 -0.0501493 0.01 60 60 0 0 0
5580 0.652332 -0.00075051 -0.00221815 0.01 90 90 0 0 0
5585 0.647303 -0.00076575 -0.00451881 0.01 89 89 0 0 0
5588 0.628075 -0.000824016 -0.0631112 0.01 46 47 0 0 0
5590 0.652332 -0.00075051 -0.00221815 0.01 90 90 0 0 0
5591 0.628075 -0.000824016 -0.058812 0.01 46 46 0 0 0
5610 0.617018 -0.000857521 -0.0614188 0.01 47 46 0 0 0
5617 0.628075 -0.000824016 -0.058812 0.01 46 46 0 0 0
5637 0.617018 -0.000857521 -0.0631112 0.01 46 46 0 0 0
5640 0.617018 -0.000857521 -0.0631112 0.01 46 46 0 0 0
5648 0.647303 -0.00076575 -0.00451881 0.01 89 89 0 0 0
5652 0.652332 -0.00075051 -0.00221815 0.01 89 89 0 0 0
5659 0.598039 -0.000915034 -0.0690585 0.01 60 60 0 0 0
5665 0.579834 -0.000970201 -0.0333595 0.01 60 60 0 0 0
5668 0.652332 -0.00075051 -0.00221815 0.01 90 90 0 0 0
5672 0.559099 -0.00103303 -0.0470793 0.01 60 60 0 0 0
5676 0.634082 -0.000805812 -0.0474046 0.01 46 46 0 0 0
5682 0.628075 -0.000824016 -0.0629852 0.01 46 47 0 0 0
5687 0.617018 -0.000857521 -0.0527277 0.01 46 46 0 0 0
5700 0.647303 -0.00076575 -0.00451881 0.01 89 89 0 0 0
5707 0.60712 -0.000887516 -0.0530411 0.01 47 47 0 0 0
5709 0.617018 -0.000857521 -0.0631112 0.01 45 46 0 0 0
5722 0.570002 -0.000999994 -0.0419623 0.01 60 60 0 0 0
5731 0.647303 -0.00076575 -0.0101519 0.01 89 89 0 0 0
5735 0.617018 -0.000857521 -0.0631112 0.01 46 46 0 0 0
5750 0.647303 -0.00076575 -0.0101519 0.01 89 89 0 0 0
5757 0.617018 -0.000857521 -0.0631112 0.01 46 46 0 0 0
5758 0.628075 -0.000824016 -0.0631112 0.01 47 47 0 0 0
5759 0.628075 -0.000824016 -0.058812 0.01 47 47 0 0 0
5781 0.628075 -0.000824016 -0.0455585 0.01 45 45 0 0 0
5786 0.617018 -0.000857521 -0.0631112 0.01 47 46 0 0 0
5793 0.561192 -0.00102669 -0.0419623 0.01 60 60 0 0 0
5808 0.617018 -0.000857521 -0.0631112 0.01 46 46 0 0 0
5813 0.617018 -0.000857521 -0.0570735 0.01 46 46 0 0 0
5825 0.617018 -0.000857521 -0.0587365 0.01 47 47 0.00044845 0 0.00437472
5829 0.652332 -0.00075051 -0.00221815 0.01 90 90 0 0 0
5831 0.647303 -0.00076575 -0.0101519 0.01 89 89 0 0 0
5834 0.647303 -0.00076575 -0.00451881 0.01 89 89 0 0 0
5847 0.628075 -0.000824016 -0.058812 0.01 46 47 0 0 0
5858 0.617018 -0.000857521 -0.0631112 0.01 46 46 0 0 0
5872 0.619177 -0.00085098 -0.058812 0.01 47 47 0 0 0
5876 0.617018 -0.000857521 -0.0631112 0.01 47 47 0 0 0
5884 0.60712 -0.000887516 -0.0530411 0.01 47 47 0 0 0
5890 0.617018 -0.000857521 -0.0631112 0.01 46 46 0 0 0
5897 0.617018 -0.000857521 -0.0631112 0.01 47 47 0 0 0
5904 0.617018 -0.000857521 -0.0631112 0.01 46 46 0 0 0
5919 0.647303 -0.00076575 -0.00451881 0.01 89 89 0 0 0
5923 0.628075 -0.000824016 -0.0530411 0.01 47 47 0 0 0
5928 0.617018 -0.000857521 -0.0631112 0.01 46 46 0 0 0
5931 0.647303 -0.00076575 -0.016715 0.01 89 89 0 0 0
5960 0.570002 -0.000999994 -0.0419623 0.01 60 60 0 0 0
5981 0.617018 -0.000857521 -0.0631112 0.01 46 46 0 0 0
5992 0.571833 -0.000994444 -0.0419623 0.01 47 48 -0.00117069 0.00183129 0
6002 0.617018 -0.000857521 -0.0631112 0.01 45 46 0 0 0
6003 0.617018 -0.000857521 -0.0631112 0.01 47 47 0 0 0
6012 0.652332 -0.00075051 -0.00221815 0.01 90 90 0 0 0
6019 0.617018 -0.000857521 -0.0631112 0.01 46 46 0 0 0
6024 0.628075 -0.000824016 -0.058812 0.01 46 46 0 0 0
6043 0.587551 -0.000946815 -0.0429003 0.01 60 60 0.00516056 -0.00674736 0
6054 0.617018 -0.000857521 -0.0631112 0.01 46 46 0 0 0
6066 0.637981 -0.000793996 -0.00451881 0.01 89 89 0 0 0
6083 0.570002 -0.000999994 -0.0469017 0.01 60 60 0 0 0
6096 0.617018 -0.000857521 -0.0631112 0.01 45 46 0 0 0
6113 0.656921 -0.000736602 -0.00451881 0.01 89 89 0 0 0
6139 0.617018 -0.000857521 -0.0631112 0.01 46 46 0 0 0
6171 0.570002 -0.000999994 -0.0419623 0.01 60 59 0 0 0
6176 0.570002 -0.000999994 -0.0417968 0.01 60 60 0 0 0
6180 0.617018 -0.000857521 -0.0484363 0.01 45 45 0 0 0
6198 0.570002 -0.000999994 -0.0419623 0.01 60 60 0 0 0
6200 0.617018 -0.000857521 -0.0631112 0.01 46 46 0 0 0
6216 0.647303 -0.00076575 -0.00451881 0.01 89 89 0 0 0
6218 0.652332 -0.00075051 -0.00221815 0.01 89 89 0 0 0
6222 0.628075 -0.000824016 -0.0620712 0.01 47 47 0 0 0
6224 0.617018 -0.000857521 -0.0631112 0.01 46 46 0 0 0
6227 0.570002 -0.000999994 -0.0280874 0.01 60 60 0 0 0
6237 0.617018 -0.000857521 -0.0631112 0.01 45 46 0 0 0
6243 0.60487 -0.000894332 -0.0679942 0.01 60 60 0 0 0
6250 0.628075 -0.000824016 -0.0631112 0.01 47 47 0 0 0
6254 0.647303 -0.00076575 -0.00451881 0.01 89 89 0 0 0
6262 0.592996 -0.000930316 -0.0778373 0.01 60 59 0 0 0
6294 0.617018 -0.000857521 -0.0631112 0.01 46 46 0 0 0
6299 0.575735 -0.000982622 -0.0564484 0.01 60 60 0 0 0
6307 0.647303 -0.00076575 -0.00451881 0.01 89 89 0 0 0
6313 0.628075 -0.000824016 -0.0789241 0.01 47 48 0 0 0
6315 0.617018 -0.000857521 -0.0631112 0.01 46 46 0 0 0
6327 0.61916 -0.000851029 -0.0631112 0.01 46 46 0 0 0
6349 0.628075 -0.000824016 -0.0631112 0.01 47 47 0 0 0
6351 0.561192 -0.00102669 -0.0419623 0.01 60 60 0 0 0
6352 0.628075 -0.000824016 -0.0620712 0.01 47 47 0 0 0
6354 0.617018 -0.000857521 -0.0484363 0.01 45 45 0 0 0
6373 0.570002 -0.000999994 -0.033886 0.01 60 60 0 0 0
6375 0.652332 -0.00075051 -0.00810836 0.01 91 91 0 0 0
6384 0.647303 -0.00076575 -0.00451881 0.01 89 89 0 0 0
6393 0.617018 -0.000857521 -0.0631112 0.01 46 46 0 0 0
6394 0.628075 -0.000824016 -0.0631112 0.01 47 47 0 0 0
6430 0.575176 -0.000984316 -0.0469017 0.01 60 60 0 0 0
6436 0.570002 -0.000999994 -0.0377537 0.01 60 61 0 0 0
6444 0.617018 -0.000857521 -0.0631112 0.01 46 47 0 0 0
6445 0.647303 -0.00076575 -0.00451881 0.01 91 89 0 0 0
6453 0.61916 -0.000851029 -0.0631112 0.01 47 47 0 0 0
6458 0.617018 -0.000857521 -0.0484363 0.01 45 45 0 0 0
6462 0.652332 -0.00075051 -0.00221815 0.01 91 91 0 0 0
6467 0.579917 -0.000969947 -0.0419623 0.01 60 60 0 0 0
6471 0.564818 -0.0010157 -0.0394427 0.01 60 60 0 0 0
6489 0.617018 -0.000857521 -0.0631112 0.01 46 46 0 0 0
6491 0.60712 -0.000887516 -0.0530411 0.01 47 48 0.0110891 -0.020955 0
6495 0.617018 -0.000857521 -0.0631112 0.01 46 46 0 0 0
6496 0.619177 -0.00085098 -0.058812 0.01 47 47 0 0 0
6500 0.617018 -0.000857521 -0.0631112 0.01 46 46 0 0 0
6506 0.652332 -0.00075051 -0.00221815 0.01 91 91 0 0 0
6525 0.628075 -0.000824016 -0.0331921 0.01 47 47 0 0 0
6528 0.562436 -0.00102292 -0.0411621 0.01 60 60 0 0 0
6533 0.617018 -0.000857521 -0.0631112 0.01 46 46 0 0 0
6536 0.639708 -0.000788764 -0.00221815 0.01 90 89 0.0114777 -0.0126237 0
6537 0.628075 -0.000824016 -0.0455585 0.01 45 46 0 0 0
6542 0.652332 -0.00075051 -0.00221815 0.01 90 90 0 0 0
6558 0.597573 -0.000916444 -0.0631112 0.01 47 47 0 0 0
6560 0.637981 -0.000793996 -0.00451881 0.01 89 89 0 0 0
6564 0.617018 -0.000857521 -0.0631112 0.01 47 46 0 0 0
6574 0.61916 -0.000851029 -0.063272 0.01 47 46 0 0 0
6590 0.652332 -0.00075051 -0.00221815 0.01 90 90 0 0 0
6595 0.652332 -0.00075051 -0.00221815 0.01 90 90 0 0 0
6645 0.617018 -0.000857521 -0.0631112 0.01 47 47 0 0 0
6646 0.617018 -0.000857521 -0.0570735 0.01 46 46 0 0 0
6652 0.617018 -0.000857521 -0.0631112 0.01 47 47 0 0 0
6655 0.628075 -0.000824016 -0.0631112 0.01 47 47 0 0 0
6660 0.647303 -0.00076575 -0.00451881 0.01 89 90 0 0 0
6663 0.610138 -0.000878369 -0.0631112 0.01 46 46 0 0 0
6664 0.617018 -0.000857521 -0.0631112 0.01 46 46 0 0 0
6681 0.628075 -0.000824016 -0.0631112 0.01 47 47 0 0 0
6689 0.628075 -0.000824016 -0.0455585 0.01 47 47 0 0 0
6695 0.619194 -0.000850927 -0.0631112 0.01 47 47 0 0 0
6701 0.617018 -0.000857521 -0.0631112 0.01 47 47 0 0 0
6707 0.652332 -0.00075051 -0.00221815 0.01 90 90 0 0 0
6708 0.617018 -0.000857521 -0.0631112 0.01 46 46 0 0 0
6731 0.617018 -0.000857521 -0.0614188 0.01 46 46 0 0 0
6734 0.570002 -0.000999994 -0.0419623 0.01 60 60 0 0 0
6747 0.617018 -0.000857521 -0.0631112 0.01 46 46 0 0 0
6761 0.617018 -0.000857521 -0.0631112 0.01 46 47 0 0 0
6764 0.617018 -0.000857521 -0.0631112 0.01 46 46 0 0 0
6770 0.628075 -0.000824016 -0.058812 0.01 47 47 0 0 0
6774 0.628075 -0.000824016 -0.0631112 0.01 47 48 0 0 0
6790 0.617018 -0.000857521 -0.0631112 0.01 47 46 0 0 0
6795 0.617018 -0.000857521 -0.0631112 0.01 47 47 0 0 0
6809 0.617018 -0.000857521 -0.0631112 0.01 46 46 0 0 0
6811 0.632529 -0.000810518 -0.00451881 0.01 89 88 0 0 0
6834 0.652332 -0.00075051 -0.00221815 0.01 90 90 0 0 0
6841 0.570002 -0.000999994 -0.0419623 0.01 60 60 0 0 0
6842 0.652332 -0.00075051 -0.00221815 0.01 89 89 0 0 0
6848 0.647303 -0.00076575 -0.0101519 0.01 89 89 0 0 0
6881 0.561314 -0.00102632 -0.0577841 0.01 60 60 0 0 0
6883 0.62226 -0.000841636 -0.0476812 0.01 60 60 0 0 0
6931 0.617018 -0.000857521 -0.0631112 0.01 46 46 0 0 0
6954 0.60487 -0.000894332 -0.0679942 0.01 60 60 0 0 0
6958 0.628075 -0.000824016 -0.0631112 0.01 47 47 0 0 0
6969 0.628075 -0.000824016 -0.0562325 0.01 47 47 0 0 0
7008 0.635265 -0.000802228 -0.0276734 0.01 47 47 0.0034216 0 0.0354378
7014 0.652332 -0.00075051 -0.00221815 0.01 91 91 0 0 0
7020 0.652332 -0.00075051 -0.00221815 0.01 89 89 0 0 0
7029 0.575735 -0.000982622 -0.0564484 0.01 60 60 0 0 0
7031 0.570002 -0.000999994 -0.0419623 0.01 60 61 0 0 0
7034 0.617018 -0.000857521 -0.0631112 0.01 46 46 0 0 0
7053 0.628075 -0.000824016 -0.0530411 0.01 46 47 0 0 0
7058 0.570002 -0.000999994 -0.0419623 0.01 47 47 0 0 0
7074 0.652332 -0.00075051 -0.00221815 0.01 89 89 0 0 0
7083 0.617018 -0.000857521 -0.0631112 0.01 46 46 0 0 0
7088 0.617018 -0.000857521 -0.0631112 0.01 46 46 0 0 0
7097 0.608419 -0.000883577 -0.0372851 0.01 60 60 0.000433043 0 0.00326977
7098 0.569918 -0.00100025 -0.053534 0.01 60 60 0 0 0
7114 0.626475 -0.000828864 -0.0484363 0.01 45 45 -0.00439841 0.00945675 0
7115 0.647303 -0.00076575 -0.00451881 0.01 89 89 0 0 0
7117 0.628075 -0.000824016 -0.0631112 0.01 47 47 0 0 0
7119 0.632176 -0.000811588 -0.0631112 0.01 46 48 0 0 0
7120 0.617018 -0.000857521 -0.0631112 0.01 46 46 0 0 0
7133 0.652332 -0.00075051 -0.00221815 0.01 89 89 0 0 0
7149 0.5581 -0.00103606 -0.0293949 0.01 60 60 0 0 0
7159 0.649181 -0.000760058 -0.0768667 0.01 60 60 0 0 0
7182 0.570002 -0.000999994 -0.0564484 0.01 60 60 0 0 0
7201 0.570522 -0.000998418 -0.0236216 0.01 60 60 0 0 0
7211 0.567481 -0.00100763 -0.0778373 0.01 47 47 0 0 0
7215 0.583484 -0.000959139 -0.0275247 0.01 60 60 0 0 0
7224 0.617018 -0.000857521 -0.0631112 0.01 46 46 0 0 0
7225 0.554434 -0.00104717 -0.0419623 0.01 60 60 0 0 0
7241 0.628075 -0.000824016 -0.0631112 0.01 47 47 0 0 0
7245 0.628075 -0.000824016 -0.0631112 0.01 47 47 0 0 0
7258 0.590843 -0.000936839 -0.0419623 0.01 60 60 0 0 0
7263 0.642255 -0.000781047 -0.00221815 0.01 89 89 0 0 0
7267 0.617018 -0.000857521 -0.0631112 0.01 47 46 0 0 0
7269 0.628075 -0.000824016 -0.0631112 0.01 47 47 0 0 0
7278 0.624605 -0.000834529 -0.0631112 0.01 47 47 0 0 0
7280 0.652332 -0.00075051 -0.00221815 0.01 90 90 0 0 0
7287 0.617018 -0.000857521 -0.0631112 0.01 46 46 0 0 0
7303 0.617018 -0.000857521 -0.0484363 0.01 45 45 0 0 0
7310 0.617018 -0.000857521 -0.0484363 0.01 46 46 0 0 0
7316 0.617018 -0.000857521 -0.0631112 0.01 46 46 0 0 0
7324 0.583618 -0.000958734 -0.033886 0.01 60 59 0 0 0
7325 0.628075 -0.000824016 -0.0655711 0.01 47 47 0 0 0
7326 0.570002 -0.000999994 -0.0419623 0.01 60 59 0 0 0
7333 0.536456 -0.00110165 -0.0469017 0.01 60 60 0 0 0
7344 0.617018 -0.000857521 -0.0631112 0.01 47 47 0 0 0
7346 0.628075 -0.000824016 -0.0331921 0.01 47 47 0 0 0
7355 0.561192 -0.00102669 -0.0419623 0.01 60 60 0 0 0
7356 0.647303 -0.00076575 -0.00451881 0.01 89 89 0 0 0
7359 0.647303 -0.00076575 -0.00451881 0.01 89 89 0 0 0
7373 0.628075 -0.000824016 -0.0631112 0.01 47 47 0 0 0
7378 0.60487 -0.000894332 -0.0679942 0.01 60 60 0 0 0
7401 0.628075 -0.000824016 -0.0455585 0.01 46 46 0 0 0
7419 0.593922 -0.000927508 -0.0501493 0.01 60 60 0 0 0
7438 0.649181 -0.000760058 -0.0768667 0.01 60 60 0 0 0
7439 0.617018 -0.000857521 -0.0631112 0.01 47 47 0 0 0
7453 0.628075 -0.000824016 -0.0631112 0.01 47 49 0 0 0
7456 0.647303 -0.00076575 -0.0101519 0.01 90 90 0 0 0
7460 0.655329 -0.000741427 -0.00221815 0.01 90 90 0 0 0
7470 0.628075 -0.000824016 -0.0489713 0.01 46 46 0 0 0
7474 0.628075 -0.000824016 -0.0455585 0.01 47 47 0 0 0
7496 0.628075 -0.000824016 -0.0631112 0.01 47 47 0 0 0
7501 0.617018 -0.000857521 -0.0631112 0.01 46 46 0 0 0
7514 0.570522 -0.000998418 -0.0178614 0.01 60 60 0 0 0
7519 0.62226 -0.000841636 -0.0476812 0.01 60 60 0 0 0
7526 0.652332 -0.00075051 -0.00221815 0.01 90 90 0 0 0
7537 0.628075 -0.000824016 -0.0530411 0.01 47 47 0 0 0
7538 0.570002 -0.000999994 -0.0307508 0.01 60 60 0 0 0
7561 0.617018 -0.000857521 -0.0631112 0.01 46 46 0 0 0
7563 0.570002 -0.000999994 -0.0417968 0.01 60 60 0 0 0
7570 0.652332 -0.00075051 -0.00221815 0.01 90 90 0 0 0
7584 0.561063 -0.00102708 -0.0813366 0.01 46 47 0 0 0
7588 0.563112 -0.00102087 -0.0268464 0.01 60 59 0 0 0
7598 0.628075 -0.000824016 -0.0455585 0.01 47 47 0 0 0
7606 0.610138 -0.000878369 -0.0631112 0.01 46 46 0 0 0
7613 0.570002 -0.000999994 -0.0280874 0.01 60 60 0 0 0
7623 0.570002 -0.000999994 -0.0280874 0.01 60 60 0 0 0
7631 0.628075 -0.000824016 -0.0631112 0.01 47 47 0 0 0
7641 0.628075 -0.000824016 -0.0620712 0.01 47 47 0 0 0
7680 0.655329 -0.000741427 -0.00221815 0.01 90 90 0 0 0
7684 0.628075 -0.000824016 -0.0631112 0.01 47 47 0 0 0
7686 0.561192 -0.00102669 -0.0419623 0.01 60 59 0 0 0
7687 0.570002 -0.000999994 -0.0417968 0.01 60 60 0 0 0
7698 0.646803 -0.000767263 -0.0631112 0.01 47 47 0 0 0
7751 0.647303 -0.00076575 -0.00451881 0.01 89 89 0 0 0
7755 0.617018 -0.000857521 -0.0631112 0.01 46 46 0 0 0
7761 0.617018 -0.000857521 -0.0631112 0.01 46 46 0 0 0
7765 0.570002 -0.000999994 -0.0564484 0.01 60 60 0 0 0
7769 0.613335 -0.000868681 -0.0631112 0.01 46 46 0 0 0
7791 0.628075 -0.000824016 -0.0331921 0.01 47 47 0.00229043 0 0.0230405
7797 0.647303 -0.00076575 -0.00451881 0.01 89 89 0 0 0
7798 0.628075 -0.000824016 -0.0631112 0.01 47 47 0 0 0
7819 0.652332 -0.00075051 -0.00221815 0.01 91 91 0 0 0
7827 0.628075 -0.000824016 -0.0631112 0.01 47 47 0 0 0
7828 0.564818 -0.0010157 -0.0394427 0.01 60 60 0 0 0
7829 0.647303 -0.00076575 -0.0101519 0.01 89 89 0 0 0
7834 0.629485 -0.000819742 -0.0631112 0.01 47 47 0 0 0
7870 0.617018 -0.000857521 -0.0631112 0.01 46 46 0 0 0
7876 0.647303 -0.00076575 -0.00451881 0.01 89 89 0 0 0
7881 0.652332 -0.00075051 -0.00221815 0.01 89 89 0 0 0
7922 0.554434 -0.00104717 -0.0419623 0.01 60 61 0 0 0
7923 0.611632 -0.000873842 -0.0631112 0.01 47 48 0 0 0
7928 0.617018 -0.000857521 -0.0631112 0.01 46 46 0 0 0
7932 0.570002 -0.000999994 -0.0417968 0.01 60 60 0 0 0
7941 0.628075 -0.000824016 -0.0631112 0.01 47 47 0 0 0
7957 0.611632 -0.000873842 -0.0610643 0.01 46 46 0 0 0
7961 0.617018 -0.000857521 -0.0587857 0.01 47 47 0 0 0
7967 0.624974 -0.000833412 -0.0631112 0.01 47 47 0 0 0
7969 0.647303 -0.00076575 -0.00451881 0.01 89 89 0 0 0
7987 0.652332 -0.00075051 -0.00221815 0.01 91 91 0 0 0
8008 0.679303 -0.000668779 -0.00221815 0.01 90 90 0 0 0
8011 0.561192 -0.00102669 -0.0419623 0.01 60 60 0 0 0
8024 0.570002 -0.000999994 -0.0469017 0.01 60 59 0 0 0
8036 0.570002 -0.000999994 -0.0280874 0.01 60 60 0 0 0
8047 0.617018 -0.000857521 -0.0484363 0.01 45 45 0 0 0
8053 0.652332 -0.00075051 -0.00221815 0.01 90 90 0 0 0
8055 0.617018 -0.000857521 -0.0631112 0.01 45 46 0 0 0
8088 0.647303 -0.00076575 -0.00451881 0.01 89 89 0 0 0
8093 0.637981 -0.000793996 -0.00451881 0.01 89 89 0 0 0
8097 0.637981 -0.000793996 -0.00451881 0.01 89 89 0 0 0
8112 0.647303 -0.00076575 -0.00451881 0.01 89 88 0 0 0
8126 0.570002 -0.000999994 -0.0333595 0.01 60 60 0 0 0
8128 0.628075 -0.000824016 -0.058812 0.01 46 46 0 0 0
8148 0.584807 -0.00095513 -0.0665164 0.01 60 60 0 0 0
8155 0.652332 -0.00075051 -0.00221815 0.01 89 89 0 0 0
8159 0.617018 -0.000857521 -0.0631112 0.01 46 46 0 0 0
8178 0.5581 -0.00103606 -0.0293949 0.01 60 60 0 0 0
8181 0.647303 -0.00076575 -0.00451881 0.01 89 89 0 0 0
8189 0.60487 -0.000894332 -0.0679942 0.01 60 60 0 0 0
8194 0.602817 -0.000900555 -0.0515358 0.01 60 59 0 0 0
8207 0.560475 -0.00102886 -0.0419623 0.01 60 60 0 0 0
8209 0.617018 -0.000857521 -0.0631112 0.01 46 46 0 0 0
8226 0.617018 -0.000857521 -0.0631112 0.01 46 46 0 0 0
8241 0.570002 -0.000999994 -0.0564484 0.01 60 60 0 0 0
8251 0.570002 -0.000999994 -0.0564484 0.01 60 60 0 0 0
8265 0.617018 -0.000857521 -0.0484363 0.01 45 45 0 0 0
8268 0.554023 -0.00104842 -0.0564484 0.01 60 60 0 0 0
8271 0.628075 -0.000824016 -0.0631112 0.01 46 47 0 0 0
8279 0.652332 -0.00075051 -0.00221815 0.01 89 89 0 0 0
8280 0.631734 -0.000812926 -0.024664 0.01 60 61 0 0 0
8293 0.617018 -0.000857521 -0.0570735 0.01 47 46 0 0 0
8300 0.632529 -0.000810518 -0.000374127 0.01 89 88 0 0 0
8307 0.570002 -0.000999994 -0.0417968 0.01 60 60 0 0 0
8315 0.631734 -0.000812926 -0.024664 0.01 60 60 0 0 0
8317 0.566053 -0.00101196 -0.0419623 0.01 60 60 0 0 0
8329 0.647303 -0.00076575 -0.00451881 0.01 89 89 0 0 0
8343 0.647303 -0.00076575 -0.0101519 0.01 89 89 0 0 0
8363 0.652332 -0.00075051 -0.00221815 0.01 89 89 0 0 0
8366 0.634082 -0.000805812 -0.058812 0.01 45 46 0 0 0
8368 0.647303 -0.00076575 -0.00221815 0.01 89 89 0 0 0
8371 0.561192 -0.00102669 -0.0419623 0.01 60 60 0 0 0
8401 0.637981 -0.000793996 -0.00451881 0.01 89 89 0 0 0
8404 0.607203 -0.000887264 -0.0609387 0.01 60 60 0 0 0
8430 0.61916 -0.000851029 -0.063272 0.01 46 46 0 0 0
8449 0.628075 -0.000824016 -0.0631112 0.01 47 47 0 0 0
8453 0.617018 -0.000857521 -0.0631112 0.01 46 46 0 0 0
8482 0.628075 -0.000824016 -0.0653623 0.01 47 47 0 0 0
8500 0.617018 -0.000857521 -0.0631112 0.01 46 46 0 0 0
8501 0.628075 -0.000824016 -0.0631112 0.01 47 47 0 0 0
8504 0.652332 -0.00075051 -0.00221815 0.01 89 89 0 0 0
8517 0.639491 -0.000789421 -0.0394348 0.01 47 47 -0.00551695 0.0114163 0
8518 0.561192 -0.00102669 -0.0442646 0.01 60 60 0 0 0
8529 0.570002 -0.000999994 -0.0437631 0.01 60 60 0 0 0
8538 0.637981 -0.000793996 -0.0245042 0.01 89 89 -0.194976 0 -0.0199854
8562 0.628075 -0.000824016 -0.058812 0.01 46 46 0 0 0
8564 0.56567 -0.00101312 -0.0577841 0.01 60 60 -0.00360072 0.00435615 0
8577 0.607818 -0.000885399 -0.0719448 0.01 47 47 0 0 0
8584 0.570002 -0.000999994 -0.029737 0.01 60 60 -0.000247836 0 -0.00164963
8588 0.617018 -0.000857521 -0.0484363 0.01 45 45 0 0 0
8602 0.617018 -0.000857521 -0.0631112 0.01 45 46 0 0 0
8603 0.647303 -0.00076575 -0.00451881 0.01 89 89 0 0 0
8604 0.647303 -0.00076575 -0.00451881 0.01 89 89 0 0 0
8609 0.628075 -0.000824016 -0.0631112 0.01 47 47 0 0 0
8628 0.649181 -0.000760058 -0.0768667 0.01 60 60 0 0 0
8630 0.570002 -0.000999994 -0.0564484 0.01 60 60 0 0 0
8645 0.628075 -0.000824016 -0.058812 0.01 47 47 0 0 0
8659 0.652332 -0.00075051 -0.00221815 0.01 89 89 0 0 0
8664 0.628075 -0.000824016 -0.0631112 0.01 47 47 0 0 0
8666 0.567481 -0.00100763 -0.0778373 0.01 47 48 0 0 0
8676 0.647303 -0.00076575 -0.0101519 0.01 89 89 0 0 0
8679 0.607818 -0.000885399 -0.0719448 0.01 46 47 0 0 0
8692 0.554023 -0.00104842 -0.0818306 0.01 60 60 0 0 0
8697 0.617018 -0.000857521 -0.0631112 0.01 47 46 0 0 0
8704 0.617018 -0.000857521 -0.0631112 0.01 47 47 0 0 0
8708 0.593922 -0.000927508 -0.0501493 0.01 60 60 0 0 0
8715 0.652332 -0.00075051 -0.00221815 0.01 90 90 0 0 0
8717 0.574721 -0.000985695 -0.0437631 0.01 60 60 0 0 0
8722 0.585177 -0.00095401 -0.0690585 0.01 60 60 0 0 0
8727 0.655329 -0.000741427 -0.00221815 0.01 90 90 0 0 0
8738 0.647303 -0.00076575 -0.00451881 0.01 89 89 0 0 0
8748 0.647303 -0.00076575 -0.0101519 0.01 90 90 0 0 0
8758 0.628075 -0.000824016 -0.058812 0.01 46 46 0 0 0
8777 0.628075 -0.000824016 -0.058812 0.01 47 47 0 0 0
8780 0.628075 -0.000824016 -0.058812 0.01 47 46 0 0 0
8783 0.575882 -0.000982176 -0.0778373 0.01 47 47 0 0 0
8790 0.617018 -0.000857521 -0.0587857 0.01 47 47 0 0 0
8809 0.652332 -0.00075051 -0.00221815 0.01 90 90 0 0 0
8810 0.554023 -0.00104842 -0.0652205 0.01 60 60 0 0 0
8821 0.617018 -0.000857521 -0.0631112 0.01 47 47 0 0 0
8829 0.628075 -0.000824016 -0.0631112 0.01 47 47 0 0 0
8840 0.647303 -0.00076575 -0.00451881 0.01 89 89 0 0 0
8854 0.617018 -0.000857521 -0.0631112 0.01 46 47 0 0 0
8857 0.628075 -0.000824016 -0.0653623 0.01 47 47 0 0 0
8867 0.617018 -0.000857521 -0.0631112 0.01 46 46 0 0 0
8910 0.579917 -0.000969947 -0.0554484 0.01 60 60 0 0 0
8911 0.647303 -0.00076575 -0.0101519 0.01 89 89 0 0 0
8936 0.570002 -0.000999994 -0.0564484 0.01 60 60 0 0 0
8945 0.628075 -0.000824016 -0.0493556 0.01 47 47 0 0 0
8959 0.617018 -0.000857521 -0.0631112 0.01 46 46 0 0 0
8961 0.617018 -0.000857521 -0.0631112 0.01 45 46 0 0 0
8963 0.628075 -0.000824016 -0.0530411 0.01 46 48 0 0 0
8969 0.551773 -0.00105523 -0.0442646 0.01 60 60 0.00801939 -0.00941861 0
8978 0.576146 -0.000981376 -0.0697979 0.01 60 60 0 0 0
8981 0.628075 -0.000824016 -0.0631112 0.01 46 47 0 0 0
8996 0.628075 -0.000824016 -0.0631112 0.01 47 47 0 0 0
9011 0.61916 -0.000851029 -0.063272 0.01 46 46 0 0 0
9015 0.652332 -0.00075051 -0.00221815 0.01 89 90 0 0 0
9036 0.628075 -0.000824016 -0.0655711 0.01 47 47 0 0 0
9047 0.647303 -0.00076575 -0.00451881 0.01 89 89 0 0 0
9078 0.617018 -0.000857521 -0.0484363 0.01 45 45 0 0 0
9089 0.624605 -0.000834529 -0.0631112 0.01 47 47 0 0 0
9091 0.647303 -0.00076575 -0.00451881 0.01 90 90 0 0 0
9094 0.637981 -0.000793996 -0.00451881 0.01 89 89 0 0 0
9095 0.628075 -0.000824016 -0.0631112 0.01 47 47 0 0 0
9101 0.628075 -0.000824016 -0.0631112 0.01 47 47 0 0 0
9107 0.617018 -0.000857521 -0.0631112 0.01 47 47 0 0 0
9110 0.628075 -0.000824016 -0.0394348 0.01 47 47 0.00143054 0 0.0144103
9112 0.617018 -0.000857521 -0.0631112 0.01 46 46 0 0 0
9129 0.624605 -0.000834529 -0.0631112 0.01 47 47 0 0 0
9135 0.597573 -0.000916444 -0.0631112 0.01 46 46 0 0 0
9160 0.575176 -0.000984316 -0.0469017 0.01 60 59 0 0 0
9166 0.617018 -0.000857521 -0.0631112 0.01 47 47 0 0 0
9182 0.597573 -0.000916444 -0.0631112 0.01 47 46 0 0 0
9184 0.647303 -0.00076575 -0.0205926 0.01 89 89 -0.160138 0 -0.0160738
9205 0.628075 -0.000824016 -0.0631112 0.01 47 47 0 0 0
9207 0.617018 -0.000857521 -0.0555072 0.01 46 46 0 0 0
9237 0.624974 -0.000833412 -0.0631112 0.01 47 47 0 0 0
9239 0.617018 -0.000857521 -0.0473265 0.01 45 46 0.00201173 0 0.0157847
9253 0.617018 -0.000857521 -0.0631112 0.01 47 46 0 0 0
9259 0.628075 -0.000824016 -0.0631112 0.01 47 47 0 0 0
9293 0.617018 -0.000857521 -0.0631112 0.01 46 46 0 0 0
9308 0.592368 -0.000932219 -0.0690585 0.01 60 60 0 0 0
9312 0.628075 -0.000824016 -0.0631112 0.01 47 48 0 0 0
9315 0.617018 -0.000857521 -0.0631112 0.01 46 46 0 0 0
9320 0.604885 -0.000894288 -0.0433556 0.01 60 59 -0.0266732 0.034883 0
9326 0.570002 -0.000999994 -0.0223147 0.01 60 60 0 0 0
9328 0.617018 -0.000857521 -0.0631112 0.01 46 46 0 0 0
9333 0.617018 -0.000857521 -0.062235 0.01 45 46 0.000110857 0 0.000876244
9344 0.628075 -0.000824016 -0.0451744 0.01 47 47 0.00176974 0 0.0179368
9359 0.617018 -0.000857521 -0.0631112 0.01 46 46 0 0 0
9360 0.61558 -0.000861879 -0.0631112 0.01 46 47 0 0 0
9362 0.569473 -0.0010016 -0.0419623 0.01 60 61 0 0 0
9370 0.617018 -0.000857521 -0.0631112 0.01 46 46 0 0 0
9375 0.570522 -0.000998418 -0.0178614 0.01 60 61 0 0 0
9377 0.628075 -0.000824016 -0.058812 0.01 47 47 0 0 0
9388 0.64819 -0.00076306 -0.0631112 0.01 47 49 0 0 0
9389 0.647303 -0.00076575 -0.00451881 0.01 89 88 0 0 0
9403 0.652332 -0.00075051 -0.00221815 0.01 90 90 0 0 0
9406 0.628075 -0.000824016 -0.0631112 0.01 47 47 0 0 0
9433 0.647303 -0.00076575 -0.00385545 0.01 89 89 0 0 0
9438 0.617018 -0.000857521 -0.0631112 0.01 46 46 0 0 0
9441 0.569473 -0.0010016 -0.0419623 0.01 60 60 0 0 0
9458 0.607818 -0.000885399 -0.0631112 0.01 47 47 0 0 0
9460 0.617018 -0.000857521 -0.0631112 0.01 46 46 0 0 0
9463 0.628075 -0.000824016 -0.058812 0.01 46 46 0 0 0
9467 0.61916 -0.000851029 -0.0631112 0.01 46 46 0 0 0
9469 0.628075 -0.000824016 -0.0629852 0.01 47 47 0 0 0
9476 0.628075 -0.000824016 -0.0631112 0.01 47 47 0 0 0
9478 0.617018 -0.000857521 -0.0631112 0.01 46 46 0 0 0
9483 0.628075 -0.000824016 -0.0631112 0.01 47 47 0 0 0
9490 0.647303 -0.00076575 -0.0103174 0.01 89 89 -0.0632779 0 -0.0057986
9493 0.652332 -0.00075051 -0.00221815 0.01 90 90 0 0 0
9500 0.617018 -0.000857521 -0.0631112 0.01 46 46 0 0 0
9509 0.570002 -0.000999994 -0.0469017 0.01 60 60 0 0 0
9513 0.617018 -0.000857521 -0.0631112 0.01 47 47 0 0 0
9539 0.607818 -0.000885399 -0.0719448 0.01 47 47 0 0 0
9548 0.647303 -0.00076575 -0.00451881 0.01 89 89 0 0 0
9553 0.652332 -0.00075051 -0.00221815 0.01 89 89 0 0 0
9561 0.615769 -0.000861306 -0.0631112 0.01 47 47 0.00707956 -0.0142989 0
9576 0.617018 -0.000857521 -0.0631112 0.01 46 46 0 0 0
9582 0.563112 -0.00102087 -0.0268464 0.01 60 60 0 0 0
9587 0.570002 -0.000999994 -0.0419623 0.01 60 60 0 0 0
9621 0.61916 -0.000851029 -0.063272 0.01 46 46 0 0 0
9633 0.552353 -0.00105348 -0.0223147 0.01 60 60 0 0 0
9634 0.617018 -0.000857521 -0.0631112 0.01 46 46 0 0 0
9635 0.647303 -0.00076575 -0.00451881 0.01 89 89 0 0 0
9639 0.596762 -0.000918904 -0.0317331 0.01 60 60 0 0 0
9652 0.617018 -0.000857521 -0.0631112 0.01 47 46 0 0 0
9654 0.647303 -0.00076575 -0.00451881 0.01 89 89 0 0 0
9662 0.628075 -0.000824016 -0.0631112 0.01 47 47 0 0 0
9669 0.628075 -0.000824016 -0.0455585 0.01 46 46 0 0 0
9682 0.607818 -0.000885399 -0.0719448 0.01 47 47 0 0 0
9697 0.647303 -0.00076575 -0.00451881 0.01 89 89 0 0 0
9732 0.628075 -0.000824016 -0.058812 0.01 46 46 0 0 0
9743 0.628075 -0.000824016 -0.0601231 0.01 47 48 0 0 0
9746 0.652332 -0.00075051 -0.00221815 0.01 90 90 0 0 0
9753 0.555169 -0.00104494 -0.0419623 0.01 60 60 0 0 0
9759 0.607818 -0.000885399 -0.0719448 0.01 47 47 0 0 0
9761 0.647303 -0.00076575 -0.00451881 0.01 90 90 0 0 0
9768 0.628075 -0.000824016 -0.058812 0.01 46 46 0 0 0
9778 0.570002 -0.000999994 -0.0307508 0.01 60 60 0 0 0
9779 0.602858 -0.00090043 -0.0631112 0.01 46 46 0.00708415 -0.01416 0
9793 0.652332 -0.00075051 -0.00221815 0.01 91 91 0 0 0
9799 0.617018 -0.000857521 -0.0631112 0.01 46 46 0 0 0
9809 0.617018 -0.000857521 -0.0631112 0.01 46 46 0 0 0
9824 0.628075 -0.000824016 -0.0530411 0.01 47 48 0 0 0
9838 0.61916 -0.000851029 -0.063272 0.01 46 46 0 0 0
9863 0.61916 -0.000851029 -0.0631112 0.01 47 46 0 0 0
9920 0.647303 -0.00076575 -0.00451881 0.01 90 89 0 0 0
9933 0.62173 -0.000843242 -0.0449643 0.01 60 60 0 0 0
9943 0.647303 -0.00076575 -0.0101519 0.01 90 90 0 0 0
9956 0.617018 -0.000857521 -0.0484363 0.01 45 45 0 0 0
9968 0.607818 -0.000885399 -0.0719448 0.01 47 47 0 0 0
9975 0.583484 -0.000959139 -0.0583603 0.01 60 60 0 0 0
9983 0.628075 -0.000824016 -0.0530411 0.01 47 48 0 0 0
10001 0.570002 -0.000999994 -0.0419623 0.01 60 60 0 0 0
10012 0.570002 -0.000999994 -0.0307508 0.01 60 60 0 0 0
10019 0.628075 -0.000824016 -0.0631112 0.01 47 47 0 0 0
10025 0.652332 -0.00075051 -0.0146835 0.01 90 90 0 0 0
10027 0.628075 -0.000824016 -0.0631112 0.01 47 47 0 0 0
10044 0.628075 -0.000824016 -0.0631112 0.01 47 47 0 0 0
10050 0.617018 -0.000857521 -0.0631112 0.01 47 47 0 0 0
10061 0.619194 -0.000850927 -0.0733854 0.01 60 60 0 0 0
10068 0.570522 -0.000998418 -0.0236216 0.01 60 60 0 0 0
10072 0.617018 -0.000857521 -0.0631112 0.01 47 47 0 0 0
10078 0.641438 -0.000783522 -0.00658962 0.01 89 89 0 0 0
10083 0.652332 -0.00075051 -0.00221815 0.01 91 91 0 0 0
10085 0.617018 -0.000857521 -0.0619396 0.01 46 46 0.000148043 0 0.0011716
10089 0.579834 -0.000970201 -0.0333595 0.01 60 60 0 0 0
10094 0.570522 -0.000998418 -0.0178614 0.01 60 61 0 0 0
10096 0.617018 -0.000857521 -0.0484363 0.01 45 45 0 0 0
10102 0.617018 -0.000857521 -0.0587857 0.01 46 46 0 0 0
10106 0.617018 -0.000857521 -0.0631112 0.01 47 47 0 0 0
10107 0.617018 -0.000857521 -0.0631112 0.01 46 46 0 0 0
10110 0.617857 -0.000854979 -0.07395 0.01 60 60 0 0 0
10134 0.617018 -0.000857521 -0.0570735 0.01 46 46 0 0 0
10147 0.61916 -0.000851029 -0.0631112 0.01 46 46 0 0 0
10166 0.570522 -0.000998418 -0.0236216 0.01 60 60 0 0 0
10170 0.617018 -0.000857521 -0.0631112 0.01 46 46 0 0 0
10182 0.628277 -0.000823404 -0.0631112 0.01 47 47 0 0 0
10184 0.594414 -0.000926018 -0.0690585 0.01 60 60 0 0 0
10194 0.579917 -0.000969947 -0.0554484 0.01 60 60 0 0 0
10201 0.641438 -0.000783522 -0.00658962 0.01 89 89 0 0 0
10210 0.647303 -0.00076575 -0.00451881 0.01 89 89 0 0 0
10215 0.570002 -0.000999994 -0.0437631 0.01 60 60 0 0 0
10216 0.628075 -0.000824016 -0.0455585 0.01 46 46 0 0 0
10241 0.628075 -0.000824016 -0.0530411 0.01 47 47 0 0 0
10244 0.628075 -0.000824016 -0.0331921 0.01 47 47 0 0 0
10245 0.570002 -0.000999994 -0.0298134 0.01 60 60 0 0 0
10251 0.617018 -0.000857521 -0.0631112 0.01 47 47 0 0 0
10252 0.561192 -0.00102669 -0.0419623 0.01 60 60 0 0 0
10258 0.652332 -0.00075051 -0.00221815 0.01 90 90 0 0 0
10280 0.607818 -0.000885399 -0.0461384 0.01 47 47 0.00181411 0 0.0169728
10281 0.619194 -0.000850927 -0.0631112 0.01 47 48 0 0 0
10291 0.619194 -0.000850927 -0.0631112 0.01 47 48 0 0 0
10300 0.570002 -0.000999994 -0.0437631 0.01 60 60 0 0 0
10313 0.647303 -0.00076575 -0.00451881 0.01 90 90 0 0 0
10316 0.647303 -0.00076575 -0.00451881 0.01 89 89 0 0 0
10347 0.570002 -0.000999994 -0.0280874 0.01 60 60 0 0 0
10363 0.561372 -0.00102615 -0.0419623 0.01 60 60 0 0 0
10364 0.628075 -0.000824016 -0.0631112 0.01 47 47 0 0 0
10365 0.652332 -0.00075051 -0.00221815 0.01 91 91 0 0 0
10385 0.617018 -0.000857521 -0.0484363 0.01 46 46 0 0 0
10404 0.652332 -0.00075051 -0.00221815 0.01 91 91 0 0 0
10406 0.652332 -0.00075051 -0.00221815 0.01 90 90 0 0 0
10418 0.617018 -0.000857521 -0.0484363 0.01 45 45 0 0 0
10423 0.583484 -0.000959139 -0.0581936 0.01 60 60 0 0 0
10449 0.536456 -0.00110165 -0.0469017 0.01 60 60 0 0 0
10461 0.647303 -0.00076575 -0.00451881 0.01 89 89 0 0 0
10472 0.647303 -0.00076575 -0.0101519 0.01 90 90 0 0 0
10473 0.628075 -0.000824016 -0.0631112 0.01 47 47 0 0 0
10485 0.652332 -0.00075051 -0.00221815 0.01 91 91 0 0 0
10489 0.602835 -0.000900501 -0.0631112 0.01 47 47 0 0 0
10512 0.617018 -0.000857521 -0.0631112 0.01 47 47 0 0 0
10514 0.647303 -0.00076575 -0.00451881 0.01 90 90 0 0 0
10529 0.617018 -0.000857521 -0.0631112 0.01 46 46 0 0 0
10533 0.570002 -0.000999994 -0.0564484 0.01 60 60 0 0 0
10535 0.647303 -0.00076575 -0.0101519 0.01 89 89 0 0 0
10545 0.647303 -0.00076575 -0.00451881 0.01 89 89 0 0 0
10549 0.652332 -0.00075051 -0.00221815 0.01 89 89 0 0 0
10564 0.647303 -0.00076575 -0.00451881 0.01 89 89 0 0 0
10572 0.628075 -0.000824016 -0.0455585 0.01 46 46 0 0 0
10578 0.554023 -0.00104842 -0.0652205 0.01 60 60 0 0 0
10584 0.617018 -0.000857521 -0.0631112 0.01 47 47 0 0 0
10600 0.639761 -0.000788604 -0.0501493 0.01 60 60 0 0 0
10601 0.61916 -0.000851029 -0.0631112 0.01 46 46 0 0 0
10604 0.628075 -0.000824016 -0.0631112 0.01 47 47 0 0 0
10620 0.562436 -0.00102292 -0.0470793 0.01 60 61 0 0 0
10640 0.61916 -0.000851029 -0.063272 0.01 46 46 0 0 0
10656 0.617018 -0.000857521 -0.0631112 0.01 46 46 0 0 0
10658 0.554023 -0.00104842 -0.0564484 0.01 60 60 0 0 0
10675 0.647303 -0.00076575 -0.00451881 0.01 89 89 0 0 0
10682 0.652332 -0.00075051 -0.00221815 0.01 90 90 0 0 0
10684 0.598039 -0.000915034 -0.0690585 0.01 60 60 0 0 0
10689 0.628075 -0.000824016 -0.0631112 0.01 47 47 0 0 0
10693 0.570002 -0.000999994 -0.0419623 0.01 60 60 0 0 0
10703 0.554023 -0.00104842 -0.0652205 0.01 60 60 0 0 0
10708 0.574721 -0.000985695 -0.0437631 0.01 60 60 0 0 0
10711 0.647303 -0.00076575 -0.00451881 0.01 89 89 0 0 0
10716 0.617018 -0.000857521 -0.0587857 0.01 47 47 0 0 0
10732 0.652332 -0.00075051 -0.00221815 0.01 91 91 0 0 0
10745 0.647303 -0.00076575 -0.00451881 0.01 90 90 0 0 0
10753 0.628075 -0.000824016 -0.0631112 0.01 47 48 0 0 0
10758 0.61916 -0.000851029 -0.0631112 0.01 46 46 0 0 0
10760 0.554434 -0.00104717 -0.0419623 0.01 60 61 0 0 0
10771 0.647303 -0.00076575 -0.00451881 0.01 89 88 0 0 0
10778 0.570002 -0.000999994 -0.0417968 0.01 60 60 0 0 0
10781 0.567481 -0.00100763 -0.0778373 0.01 47 47 0 0 0
10789 0.628075 -0.000824016 -0.0620712 0.01 47 47 0 0 0
10791 0.570002 -0.000999994 -0.0437631 0.01 60 60 0 0 0
10796 0.628075 -0.000824016 -0.0631112 0.01 47 47 0 0 0
10800 0.570002 -0.000999994 -0.0419623 0.01 60 60 0 0 0
10803 0.617018 -0.000857521 -0.0484363 0.01 45 45 0 0 0
10804 0.628075 -0.000824016 -0.0530411 0.01 47 47 0 0 0
10806 0.579917 -0.000969947 -0.0554484 0.01 60 60 0 0 0
10812 0.617018 -0.000857521 -0.0631112 0.01 47 47 0 0 0
10820 0.617018 -0.000857521 -0.0631112 0.01 46 46 0 0 0
10835 0.628075 -0.000824016 -0.0631112 0.01 46 47 0 0 0
10842 0.628075 -0.000824016 -0.058812 0.01 46 46 0 0 0
10847 0.570002 -0.000999994 -0.0419623 0.01 60 61 0 0 0
10867 0.62173 -0.000843242 -0.0449643 0.01 60 60 0 0 0
10873 0.579917 -0.000969947 -0.0419623 0.01 60 60 0 0 0
10879 0.628075 -0.000824016 -0.0631112 0.01 47 48 0 0 0
10881 0.617018 -0.000857521 -0.0631112 0.01 46 46 0 0 0
10882 0.585177 -0.00095401 -0.0789994 0.01 60 60 -0.00138862 0 -0.0099409
10898 0.567481 -0.00100763 -0.0778373 0.01 47 48 0 0 0
10929 0.592368 -0.000932219 -0.0690585 0.01 60 60 0 0 0
10931 0.617018 -0.000857521 -0.0484363 0.01 45 45 0 0 0
10933 0.570002 -0.000999994 -0.0419623 0.01 60 60 0 0 0
10943 0.567794 -0.00100668 -0.0515358 0.01 60 60 0 0 0
10945 0.617018 -0.000857521 -0.0631112 0.01 47 47 0 0 0
10949 0.544604 -0.00107696 -0.0564484 0.01 60 60 0 0 0
10951 0.647303 -0.00076575 -0.00451881 0.01 89 89 0 0 0
10981 0.566053 -0.00101196 -0.0419623 0.01 60 59 0 0 0
10983 0.652332 -0.00075051 -0.00221815 0.01 89 89 0 0 0
11000 0.628075 -0.000824016 -0.0631112 0.01 47 47 0 0 0
11004 0.617018 -0.000857521 -0.0631112 0.01 47 47 0 0 0
11007 0.62173 -0.000843242 -0.0449643 0.01 60 60 0 0 0
11012 0.607818 -0.000885399 -0.0719448 0.01 47 47 0 0 0
11017 0.636052 -0.000799842 -0.0631112 0.01 47 48 -0.00396433 0.00797719 0
11022 0.617018 -0.000857521 -0.0587857 0.01 46 46 0 0 0
11036 0.628075 -0.000824016 -0.0562325 0.01 47 47 0 0 0
11041 0.585177 -0.00095401 -0.0690585 0.01 60 60 0 0 0
11046 0.652332 -0.00075051 -0.00221815 0.01 90 90 0 0 0
11052 0.647303 -0.00076575 -0.00451881 0.01 89 89 0 0 0
11060 0.575954 -0.000981957 -0.032811 0.01 60 60 0 0 0
11067 0.617018 -0.000857521 -0.0631112 0.01 47 47 0 0 0
11071 0.617018 -0.000857521 -0.0631112 0.01 46 46 0 0 0
11078 0.617018 -0.000857521 -0.0484363 0.01 45 45 0 0 0
11082 0.628075 -0.000824016 -0.0494864 0.01 47 47 0 0 0
11086 0.570002 -0.000999994 -0.0238933 0.01 60 60 0 0 0
11117 0.628075 -0.000824016 -0.0631112 0.01 47 47 0 0 0
11120 0.596762 -0.000918904 -0.0317331 0.01 60 60 0 0 0
11160 0.61916 -0.000851029 -0.0631112 0.01 47 47 0 0 0
11171 0.617018 -0.000857521 -0.0631112 0.01 45 46 0 0 0
11190 0.590843 -0.000936839 -0.0419623 0.01 60 60 0 0 0
11197 0.570002 -0.000999994 -0.0419623 0.01 60 60 0 0 0
11202 0.647303 -0.00076575 -0.0101519 0.01 89 89 0 0 0
11220 0.570002 -0.000999994 -0.0363306 0.01 60 60 0 0 0
11241 0.628075 -0.000824016 -0.0631112 0.01 47 47 0 0 0
11268 0.617018 -0.000857521 -0.0631112 0.01 46 46 0 0 0
11280 0.617018 -0.000857521 -0.0631112 0.01 46 46 0 0 0
11304 0.622306 -0.000841497 -0.0472087 0.01 60 60 0 0 0
11335 0.652332 -0.00075051 -0.00221815 0.01 90 90 0 0 0
11340 0.652332 -0.00075051 -0.00221815 0.01 89 89 0 0 0
11342 0.628075 -0.000824016 -0.0631112 0.01 47 48 0 0 0
11360 0.617018 -0.000857521 -0.0631112 0.01 46 46 0 0 0
11390 0.61916 -0.000851029 -0.063272 0.01 46 46 0 0 0
11398 0.628075 -0.000824016 -0.0631112 0.01 46 47 0 0 0
11418 0.647303 -0.00076575 -0.00451881 0.01 89 89 0 0 0
11424 0.617018 -0.000857521 -0.0631112 0.01 46 46 0 0 0
11432 0.554434 -0.00104717 -0.0419623 0.01 60 61 0 0 0
11436 0.580955 -0.000966802 -0.0583603 0.01 60 63 0 0 0
11480 0.652332 -0.00075051 -0.00221815 0.01 89 89 0 0 0
11494 0.637981 -0.000793996 -0.00451881 0.01 89 89 0 0 0
11511 0.626812 -0.000827841 -0.0631112 0.01 47 47 0 0 0
11515 0.628075 -0.000824016 -0.0631112 0.01 47 47 0 0 0
11521 0.628075 -0.000824016 -0.0631112 0.01 47 48 0 0 0
11522 0.607818 -0.000885399 -0.0631112 0.01 47 47 0 0 0
11542 0.617018 -0.000857521 -0.0587857 0.01 46 46 0 0 0
11570 0.624605 -0.000834529 -0.0631112 0.01 47 47 0 0 0
11583 0.652332 -0.00075051 -0.00221815 0.01 90 90 0 0 0
11595 0.628075 -0.000824016 -0.0530411 0.01 46 46 0 0 0
11600 0.647303 -0.00076575 -0.00451881 0.01 90 89 0 0 0
11618 0.617018 -0.000857521 -0.0631112 0.01 46 46 0 0 0
11619 0.647303 -0.00076575 -0.00451881 0.01 89 89 0 0 0
11624 0.647303 -0.00076575 -0.00451881 0.01 89 89 0 0 0
11634 0.628075 -0.000824016 -0.0530411 0.01 47 48 0 0 0
11645 0.647753 -0.000764385 -0.00451881 0.01 89 88 -0.00039345 0.000450432 0
11649 0.647303 -0.00076575 -0.00451881 0.01 89 89 0 0 0
11673 0.617018 -0.000857521 -0.0631112 0.01 45 46 0 0 0
11678 0.617018 -0.000857521 -0.0631112 0.01 47 46 0 0 0
11709 0.617018 -0.000857521 -0.0484363 0.01 45 45 0 0 0
11719 0.628075 -0.000824016 -0.0639562 0.01 46 47 -0.00107323 0 -0.0109151
11726 0.570002 -0.000999994 -0.0333595 0.01 60 61 0 0 0
11730 0.628075 -0.000824016 -0.0631112 0.01 47 47 0 0 0
11734 0.607818 -0.000885399 -0.0719448 0.01 47 47 0 0 0
11739 0.617018 -0.000857521 -0.0631112 0.01 46 46 0 0 0
11742 0.605055 -0.000893772 -0.0740564 0.01 60 60 0 0 0
11746 0.617018 -0.000857521 -0.0614188 0.01 45 46 0.000214525 0 0.00169241
11768 0.593922 -0.000927508 -0.0501493 0.01 60 60 0 0 0
11770 0.628075 -0.000824016 -0.0505012 0.01 47 47 0.00124158 0 0.01261
11771 0.647303 -0.00076575 -0.00451881 0.01 89 89 0 0 0
11785 0.611632 -0.000873842 -0.0631112 0.01 47 47 0 0 0
11800 0.617018 -0.000857521 -0.0631112 0.01 46 46 0 0 0
11809 0.617018 -0.000857521 -0.0631112 0.01 46 46 0 0 0
11814 0.617018 -0.000857521 -0.0587857 0.01 45 46 0 0 0
11820 0.61558 -0.000861879 -0.0631112 0.01 45 46 0 0 0
11824 0.647303 -0.00076575 -0.00451881 0.01 89 89 0 0 0
11826 0.637981 -0.000793996 -0.00451881 0.01 89 89 0 0 0
11829 0.628075 -0.000824016 -0.0631112 0.01 47 47 0 0 0
11839 0.617018 -0.000857521 -0.0631112 0.01 46 46 0 0 0
11847 0.630042 -0.000818055 -0.00451881 0.01 89 89 0.015201 -0.0172608 0
11855 0.617018 -0.000857521 -0.0631112 0.01 46 46 0 0 0
11875 0.617018 -0.000857521 -0.0631112 0.01 45 46 0 0 0
11877 0.628075 -0.000824016 -0.0631112 0.01 47 47 0 0 0
11884 0.628075 -0.000824016 -0.058812 0.01 46 46 0 0 0
11892 0.592996 -0.000930316 -0.0778373 0.01 47 47 0 0 0
11894 0.647303 -0.00076575 -0.00451881 0.01 89 89 0 0 0
11898 0.570002 -0.000999994 -0.035991 0.01 60 60 -0.00205618 0 -0.0136762
11903 0.570002 -0.000999994 -0.0223147 0.01 60 60 0 0 0
11948 0.617018 -0.000857521 -0.0631112 0.01 46 46 0 0 0
11949 0.647303 -0.00076575 -0.00451881 0.01 89 89 0 0 0
11950 0.617018 -0.000857521 -0.0391527 0.01 46 46 0.00306685 0 0.0239585
11951 0.570002 -0.000999994 -0.0419623 0.01 60 60 0 0 0
11975 0.617018 -0.000857521 -0.0631112 0.01 45 46 0 0 0
11986 0.647303 -0.00076575 -0.00451881 0.01 89 89 0 0 0
12004 0.618924 -0.000851746 -0.058812 0.01 47 47 0 0 0
12011 0.570002 -0.000999994 -0.0280874 0.01 60 60 0 0 0
12043 0.617018 -0.000857521 -0.0631112 0.01 47 47 0 0 0
12044 0.617018 -0.000857521 -0.0631112 0.01 46 47 0 0 0
12046 0.647303 -0.00076575 -0.00451881 0.01 89 89 0 0 0
12061 0.647303 -0.00076575 -0.00451881 0.01 89 89 0 0 0
12063 0.647303 -0.00076575 -0.00451881 0.01 89 89 0 0 0
12072 0.652332 -0.00075051 -0.00221815 0.01 91 91 0 0 0
12079 0.617018 -0.000857521 -0.0631112 0.01 46 46 0 0 0
12083 0.619194 -0.000850927 -0.0631112 0.01 47 47 0 0 0
12086 0.603966 -0.000897071 -0.0772907 0.01 60 60 0 0 0
12117 0.617018 -0.000857521 -0.0631112 0.01 47 47 0 0 0
12127 0.628075 -0.000824016 -0.0530411 0.01 47 47 0 0 0
12133 0.652332 -0.00075051 -0.00221815 0.01 90 90 0 0 0
12137 0.625632 -0.000831417 -0.0631112 0.01 47 47 -0.00429176 0.00861442 0
12142 0.617018 -0.000857521 -0.0629023 0.01 47 47 0 0 0
12145 0.647303 -0.00076575 -0.00451881 0.01 89 89 0 0 0
12149 0.620682 -0.000846417 -0.0526958 0.01 45 45 0 0 0
12168 0.617018 -0.000857521 -0.0631112 0.01 46 46 0 0 0
12169 0.628075 -0.000824016 -0.0631112 0.01 47 48 0 0 0
12185 0.617018 -0.000857521 -0.0631112 0.01 46 46 0 0 0
12186 0.628075 -0.000824016 -0.0631112 0.01 47 47 0 0 0
12224 0.594299 -0.000926368 -0.0429003 0.01 60 60 0 0 0
12233 0.628075 -0.000824016 -0.0631112 0.01 47 48 0 0 0
12247 0.652332 -0.00075051 -0.00221815 0.01 89 89 0 0 0
12254 0.561192 -0.00102669 -0.0419623 0.01 60 60 0 0 0
12256 0.570002 -0.000999994 -0.033886 0.01 60 60 0 0 0
12263 0.617018 -0.000857521 -0.0631112 0.01 45 46 0 0 0
12284 0.576146 -0.000981376 -0.0697979 0.01 60 60 0 0 0
12292 0.647303 -0.00076575 -0.0101519 0.01 90 90 0 0 0
12294 0.628075 -0.000824016 -0.0530411 0.01 47 47 0 0 0
12297 0.652332 -0.00075051 -0.00221815 0.01 90 90 0 0 0
12301 0.628075 -0.000824016 -0.0455585 0.01 46 46 0 0 0
12308 0.590843 -0.000936839 -0.0419623 0.01 60 60 0 0 0
12311 0.617018 -0.000857521 -0.0631112 0.01 46 46 0 0 0
12316 0.628075 -0.000824016 -0.0631112 0.01 47 47 0 0 0
12328 0.562436 -0.00102292 -0.0419623 0.01 60 60 0 0 0
12331 0.647303 -0.00076575 -0.00451881 0.01 89 89 0 0 0
12337 0.628075 -0.000824016 -0.0631112 0.01 47 47 0 0 0
12339 0.579917 -0.000969947 -0.0554484 0.01 60 60 0 0 0
12344 0.628075 -0.000824016 -0.058812 0.01 46 46 0 0 0
12354 0.652332 -0.00075051 -0.00221815 0.01 90 90 0 0 0
12357 0.628075 -0.000824016 -0.0562325 0.01 47 47 0 0 0
12365 0.570002 -0.000999994 -0.0419623 0.01 60 60 0 0 0
12371 0.594414 -0.000926018 -0.0690585 0.01 60 60 0 0 0
12373 0.583484 -0.000959139 -0.0500063 0.01 60 60 0 0 0
12386 0.617018 -0.000857521 -0.06246 0.01 46 46 8.22246e-05 0 0.000651181
12391 0.570002 -0.000999994 -0.0223147 0.01 60 60 0 0 0
12403 0.628075 -0.000824016 -0.0631112 0.01 47 47 0 0 0
12409 0.61916 -0.000851029 -0.0631112 0.01 47 47 0 0 0
12415 0.547893 -0.00106699 -0.0419623 0.01 60 59 0 0 0
12417 0.652332 -0.00075051 -0.00221815 0.01 90 90 0 0 0
12426 0.617018 -0.000857521 -0.0484363 0.01 46 46 0 0 0
12450 0.617018 -0.000857521 -0.0631112 0.01 45 46 0 0 0
12464 0.617018 -0.000857521 -0.0631112 0.01 46 46 0 0 0
12470 0.617018 -0.000857521 -0.0631112 0.01 47 47 0 0 0
12472 0.570002 -0.000999994 -0.0419623 0.01 60 60 0 0 0
12474 0.617018 -0.000857521 -0.0631112 0.01 47 47 0 0 0
12478 0.659536 -0.000728677 -0.00221815 0.01 90 90 0 0 0
12486 0.617018 -0.000857521 -0.0631112 0.01 46 46 0 0 0
12487 0.611632 -0.000873842 -0.0631112 0.01 47 47 0 0 0
12489 0.628075 -0.000824016 -0.058812 0.01 46 46 0 0 0
12490 0.585177 -0.00095401 -0.0690585 0.01 60 60 0 0 0
12492 0.60487 -0.000894332 -0.0679942 0.01 60 60 0 0 0
12505 0.597573 -0.000916444 -0.0631112 0.01 47 46 0 0 0
12513 0.584807 -0.00095513 -0.0665164 0.01 60 60 0 0 0
12514 0.628075 -0.000824016 -0.0530411 0.01 47 47 0 0 0
12538 0.628075 -0.000824016 -0.058812 0.01 46 46 0 0 0
12558 0.570002 -0.000999994 -0.0578614 0.01 60 60 0 0 0
12561 0.647303 -0.00076575 -0.00451881 0.01 89 89 0 0 0
12564 0.652332 -0.00075051 -0.00221815 0.01 90 90 0 0 0
12568 0.61916 -0.000851029 -0.0631112 0.01 46 46 0 0 0
12579 0.647303 -0.00076575 -0.00451881 0.01 89 89 0 0 0
12599 0.628075 -0.000824016 -0.0631112 0.01 47 47 0 0 0
12663 0.617018 -0.000857521 -0.0484363 0.01 45 45 0 0 0
12666 0.617018 -0.000857521 -0.0484363 0.01 46 46 0 0 0
12676 0.617018 -0.000857521 -0.0631112 0.01 46 46 0 0 0
12691 0.605055 -0.000893772 -0.0740564 0.01 60 60 0 0 0
12692 0.628075 -0.000824016 -0.0631112 0.01 47 47 0 0 0
12700 0.61916 -0.000851029 -0.063272 0.01 46 46 0 0 0
12701 0.624974 -0.000833412 -0.0631112 0.01 47 47 0 0 0
12724 0.570002 -0.000999994 -0.0419623 0.01 60 61 0 0 0
12734 0.631734 -0.000812926 -0.024664 0.01 60 60 0 0 0
12738 0.652332 -0.00075051 -0.00221815 0.01 89 89 0 0 0
12745 0.564818 -0.0010157 -0.0394427 0.01 60 60 0 0 0
12746 0.643058 -0.000778612 -0.0530411 0.01 47 47 0 0 0
12747 0.652332 -0.00075051 -0.00221815 0.01 90 90 0 0 0
12753 0.61916 -0.000851029 -0.0631112 0.01 46 46 0 0 0
12757 0.611632 -0.000873842 -0.0631112 0.01 47 47 0 0 0
12758 0.617018 -0.000857521 -0.0631112 0.01 46 46 0 0 0
12771 0.617018 -0.000857521 -0.0631112 0.01 47 47 0 0 0
12776 0.656921 -0.000736602 -0.00451881 0.01 89 89 0 0 0
12785 0.617018 -0.000857521 -0.0631112 0.01 46 46 0 0 0
12789 0.652332 -0.00075051 -0.00221815 0.01 91 91 0 0 0
12790 0.597275 -0.000917348 -0.0631112 0.01 47 47 0.00765087 -0.014357 0
12797 0.628075 -0.000824016 -0.0540775 0.01 47 47 0 0 0
12799 0.611928 -0.000872945 -0.0336826 0.01 47 48 0 0 0
12807 0.619194 -0.000850927 -0.0631112 0.01 46 47 0 0 0
12811 0.570002 -0.000999994 -0.0564484 0.01 60 60 0 0 0
12814 0.630854 -0.000815594 -0.0319606 0.01 60 59 0.00756116 -0.0115278 0
12815 0.630068 -0.000817976 -0.0631112 0.01 47 47 0 0 0
12818 0.628075 -0.000824016 -0.0631112 0.01 47 47 0 0 0
12826 0.628075 -0.000824016 -0.0631112 0.01 47 47 0 0 0
12832 0.570002 -0.000999994 -0.0223147 0.01 60 60 0 0 0
12838 0.61916 -0.000851029 -0.0631112 0.01 46 46 0 0 0
12841 0.589054 -0.00094226 -0.0394427 0.01 60 60 0 0 0
12849 0.617018 -0.000857521 -0.0631112 0.01 46 46 0 0 0
12851 0.570002 -0.000999994 -0.0307508 0.01 60 61 0 0 0
12863 0.628075 -0.000824016 -0.0631112 0.01 47 48 0 0 0
12864 0.554023 -0.00104842 -0.0818306 0.01 60 60 0 0 0
12881 0.628075 -0.000824016 -0.0631112 0.01 47 47 0 0 0
12895 0.628075 -0.000824016 -0.0631112 0.01 47 47 0 0 0
12899 0.61916 -0.000851029 -0.0631112 0.01 46 47 0 0 0
12904 0.647303 -0.00076575 -0.00451881 0.01 89 88 0 0 0
12938 0.575954 -0.000981957 -0.032811 0.01 60 60 0 0 0
12958 0.596762 -0.000918904 -0.0322399 0.01 60 60 0 0 0
12959 0.616911 -0.000857846 -0.0815232 0.01 60 62 0 0 0
12964 0.61916 -0.000851029 -0.0631112 0.01 47 47 0 0 0
12965 0.647303 -0.00076575 -0.00451881 0.01 90 89 0 0 0
12984 0.596762 -0.000918904 -0.0322399 0.01 60 60 0 0 0
13002 0.647303 -0.00076575 -0.00770255 0.01 89 89 -0.0355733 0 -0.00318375
13046 0.64819 -0.00076306 -0.0631112 0.01 47 47 0 0 0
13048 0.628075 -0.000824016 -0.0631112 0.01 47 47 0 0 0
13061 0.572364 -0.000992838 -0.032811 0.01 60 60 0 0 0
13067 0.575735 -0.000982622 -0.0564484 0.01 60 60 0 0 0
13074 0.554023 -0.00104842 -0.0564484 0.01 60 60 0 0 0
13096 0.628075 -0.000824016 -0.0631112 0.01 47 47 0 0 0
13104 0.570002 -0.000999994 -0.0469017 0.01 60 60 0 0 0
13106 0.617018 -0.000857521 -0.0631112 0.01 46 46 0 0 0
13108 0.617018 -0.000857521 -0.0614188 0.01 46 46 0 0 0
13120 0.617018 -0.000857521 -0.0631112 0.01 47 47 0 0 0
13129 0.607818 -0.000885399 -0.0719448 0.01 47 47 0 0 0
13141 0.628075 -0.000824016 -0.0631112 0.01 46 47 0 0 0
13146 0.617018 -0.000857521 -0.0631112 0.01 47 47 0 0 0
13161 0.588237 -0.000944738 -0.0440675 0.01 60 60 0.00648396 -0.00852531 0
13171 0.617018 -0.000857521 -0.0631112 0.01 47 47 0 0 0
13183 0.628075 -0.000824016 -0.0540775 0.01 47 47 0 0 0
13190 0.647303 -0.00076575 -0.00451881 0.01 89 89 0 0 0
13194 0.617018 -0.000857521 -0.0484363 0.01 46 46 0 0 0
13195 0.652332 -0.00075051 -0.00221815 0.01 90 90 0 0 0
13199 0.652332 -0.00075051 -0.00221815 0.01 90 90 0 0 0
13200 0.647303 -0.00076575 -0.00812441 0.01 89 89 -0.040134 0 -0.00360561
13202 0.563112 -0.00102087 -0.0268464 0.01 60 60 0 0 0
13203 0.561314 -0.00102632 -0.0481016 0.01 60 61 0 0 0
13220 0.617018 -0.000857521 -0.0631112 0.01 46 46 0 0 0
13239 0.652332 -0.00075051 -0.00221815 0.01 89 89 0 0 0
13240 0.617018 -0.000857521 -0.0631112 0.01 46 46 0 0 0
13247 0.617018 -0.000857521 -0.0570735 0.01 46 46 0 0 0
13258 0.647303 -0.00076575 -0.00451881 0.01 89 89 0 0 0
13272 0.652332 -0.00075051 -0.00221815 0.01 90 90 0 0 0
13276 0.628075 -0.000824016 -0.0631112 0.01 47 47 0 0 0
13279 0.639761 -0.000788604 -0.0501493 0.01 60 62 0 0 0
13304 0.617857 -0.000854979 -0.07395 0.01 60 60 0 0 0
13313 0.646803 -0.000767263 -0.0631112 0.01 47 47 -0.0142348 0.0297852 0
13319 0.548573 -0.00106493 -0.0419623 0.01 60 59 0 0 0
13329 0.628075 -0.000824016 -0.0629852 0.01 47 47 0 0 0
13334 0.652332 -0.00075051 -0.00221815 0.01 91 91 0 0 0
13344 0.635265 -0.000802228 -0.0276734 0.01 47 47 0 0 0
13351 0.617018 -0.000857521 -0.0631112 0.01 46 46 0 0 0
13371 0.628075 -0.000824016 -0.0530411 0.01 47 47 0 0 0
13382 0.617018 -0.000857521 -0.0484363 0.01 45 45 0 0 0
13394 0.570002 -0.000999994 -0.0564484 0.01 60 60 0 0 0
13414 0.570002 -0.000999994 -0.0565989 0.01 60 60 0 0 0
13420 0.636052 -0.000799842 -0.0631112 0.01 47 47 0 0 0
13431 0.628075 -0.000824016 -0.0665364 0.01 47 47 -0.000334561 0 -0.00342521
13436 0.628075 -0.000824016 -0.0530411 0.01 47 48 0 0 0
13454 0.570002 -0.000999994 -0.0298134 0.01 60 60 0 0 0
13466 0.617018 -0.000857521 -0.0631112 0.01 46 46 0 0 0
13468 0.554434 -0.00104717 -0.0419623 0.01 60 60 0 0 0
13487 0.617018 -0.000857521 -0.0631112 0.01 46 46 0 0 0
13494 0.652332 -0.00075051 -0.00221815 0.01 90 90 0 0 0
13509 0.561192 -0.00102669 -0.0419623 0.01 60 60 0 0 0
13519 0.615769 -0.000861306 -0.0631112 0.01 47 47 0 0 0
13526 0.594182 -0.000926721 -0.0698542 0.01 60 61 0 0 0
13533 0.61916 -0.000851029 -0.0631112 0.01 47 47 0 0 0
13538 0.617018 -0.000857521 -0.0631112 0.01 46 46 0 0 0
13539 0.607818 -0.000885399 -0.0719448 0.01 47 47 0 0 0
13546 0.617018 -0.000857521 -0.0631112 0.01 46 46 0 0 0
13560 0.647303 -0.00076575 -0.00451881 0.01 90 90 0 0 0
13561 0.617018 -0.000857521 -0.0631112 0.01 45 46 0 0 0
13568 0.611632 -0.000873842 -0.0610643 0.01 46 46 0 0 0
13574 0.570002 -0.000999994 -0.0419623 0.01 60 60 0 0 0
13576 0.561314 -0.00102632 -0.0577841 0.01 60 60 0 0 0
13578 0.647303 -0.00076575 -0.016715 0.01 89 89 0 0 0
13585 0.617018 -0.000857521 -0.0631112 0.01 46 46 0 0 0
13598 0.598017 -0.0009151 -0.0156064 0.01 60 61 0 0 0
13619 0.617018 -0.000857521 -0.0631112 0.01 46 46 0 0 0
13624 0.617018 -0.000857521 -0.0631112 0.01 46 46 0 0 0
13642 0.628075 -0.000824016 -0.0631112 0.01 47 47 0 0 0
13644 0.647303 -0.00076575 -0.00451881 0.01 89 89 0 0 0
13672 0.652332 -0.00075051 -0.00221815 0.01 91 91 0 0 0
13711 0.617018 -0.000857521 -0.0484363 0.01 45 45 0 0 0
13739 0.593922 -0.000927508 -0.0501493 0.01 60 59 0 0 0
13742 0.564818 -0.0010157 -0.0370122 0.01 60 60 0.000369072 0 0.00243053
13754 0.647303 -0.00076575 -0.0101519 0.01 89 89 0 0 0
13775 0.647303 -0.00076575 -0.0101519 0.01 89 89 0 0 0
13787 0.61916 -0.000851029 -0.0631112 0.01 46 46 0 0 0
13791 0.561192 -0.00102669 -0.0442646 0.01 60 60 0 0 0
13794 0.617018 -0.000857521 -0.0570735 0.01 46 46 0 0 0
13798 0.647303 -0.00076575 -0.0101519 0.01 89 89 0 0 0
13799 0.628075 -0.000824016 -0.0631112 0.01 47 48 0 0 0
13803 0.617018 -0.000857521 -0.0484363 0.01 45 45 0 0 0
13805 0.652332 -0.00075051 -0.00221815 0.01 90 90 0 0 0
13809 0.652332 -0.00075051 -0.00221815 0.01 89 89 0 0 0
13812 0.570002 -0.000999994 -0.033886 0.01 60 60 0 0 0
13824 0.562436 -0.00102292 -0.0411621 0.01 60 60 0 0 0
13831 0.617018 -0.000857521 -0.0631112 0.01 46 46 0 0 0
13833 0.628075 -0.000824016 -0.058812 0.01 46 46 0 0 0
13840 0.628075 -0.000824016 -0.058812 0.01 47 47 0 0 0
13853 0.628075 -0.000824016 -0.0607764 0.01 47 47 0.000229239 0 0.00233484
13861 0.570002 -0.000999994 -0.0419623 0.01 60 60 0 0 0
13887 0.562436 -0.00102292 -0.0419623 0.01 60 60 0 0 0
13898 0.617018 -0.000857521 -0.0484363 0.01 45 45 0 0 0
13901 0.60487 -0.000894332 -0.0679942 0.01 60 60 0 0 0
13905 0.628075 -0.000824016 -0.058812 0.01 46 46 0 0 0
13915 0.652332 -0.00075051 -0.00221815 0.01 91 91 0 0 0
13941 0.570002 -0.000999994 -0.033886 0.01 60 60 0 0 0
13961 0.579917 -0.000969947 -0.0524692 0.01 60 60 0.000604063 0 0.0042026
13966 0.633033 -0.00080899 -0.0455585 0.01 46 46 -0.00232422 0.00495845 0
13968 0.611632 -0.000873842 -0.0631112 0.01 45 46 0 0 0
13975 0.652332 -0.00075051 -0.00221815 0.01 90 90 0 0 0
13996 0.617018 -0.000857521 -0.0631112 0.01 46 46 0 0 0
14016 0.596762 -0.000918904 -0.0322399 0.01 60 60 0 0 0
14021 0.647303 -0.00076575 -0.00451881 0.01 89 89 0 0 0
14028 0.617018 -0.000857521 -0.0631112 0.01 46 46 0 0 0
14032 0.597573 -0.000916444 -0.0631112 0.01 47 47 0 0 0
14035 0.617018 -0.000857521 -0.0527277 0.01 46 46 0.00131994 0 0.0103835
14037 0.561314 -0.00102632 -0.0637181 0.01 60 60 -0.00237688 0 -0.0156164
14044 0.572364 -0.000992838 -0.032811 0.01 60 60 0 0 0
14051 0.60487 -0.000894332 -0.0679942 0.01 60 60 0 0 0
14053 0.570002 -0.000999994 -0.0564484 0.01 60 60 0 0 0
14064 0.647303 -0.00076575 -0.00451881 0.01 89 89 0 0 0
14082 0.617018 -0.000857521 -0.0631112 0.01 46 46 0 0 0
14096 0.647303 -0.00076575 -0.00451881 0.01 89 89 0 0 0
14098 0.647303 -0.00076575 -0.00451881 0.01 89 89 0 0 0
14115 0.628075 -0.000824016 -0.0455585 0.01 46 46 0 0 0
14125 0.617018 -0.000857521 -0.0631112 0.01 46 46 0 0 0
14134 0.628075 -0.000824016 -0.0631112 0.01 47 47 0 0 0
14139 0.628075 -0.000824016 -0.05466 0.01 47 47 0 0 0
14144 0.617018 -0.000857521 -0.0631112 0.01 46 46 0 0 0
14149 0.617018 -0.000857521 -0.0631112 0.01 46 46 0 0 0
14157 0.617018 -0.000857521 -0.0631112 0.01 46 46 0 0 0
14159 0.567794 -0.00100668 -0.0515358 0.01 60 60 0 0 0
14176 0.628075 -0.000824016 -0.058812 0.01 46 46 0 0 0
14188 0.628075 -0.000824016 -0.0455585 0.01 47 46 0 0 0
14197 0.628075 -0.000824016 -0.0631112 0.01 47 47 0 0 0
14209 0.652332 -0.00075051 -0.00221815 0.01 90 90 0 0 0
14222 0.652332 -0.00075051 -0.00221815 0.01 91 91 0 0 0
14227 0.617018 -0.000857521 -0.0631112 0.01 46 46 0 0 0
14234 0.617018 -0.000857521 -0.0570735 0.01 46 46 0 0 0
14253 0.652332 -0.00075051 -0.00221815 0.01 91 91 0 0 0
14257 0.652332 -0.00075051 -0.00221815 0.01 89 89 0 0 0
14262 0.61916 -0.000851029 -0.0631112 0.01 45 47 0 0 0
14277 0.624605 -0.000834529 -0.0631112 0.01 47 47 0 0 0
14281 0.643058 -0.000778612 -0.0530411 0.01 47 47 0 0 0
14299 0.659536 -0.000728677 -0.00221815 0.01 90 90 0 0 0
14317 0.628075 -0.000824016 -0.0631112 0.01 47 47 0 0 0
14330 0.617018 -0.000857521 -0.0631112 0.01 46 46 0 0 0
14332 0.628075 -0.000824016 -0.0530411 0.01 47 47 0 0 0
14333 0.607818 -0.000885399 -0.0719448 0.01 47 47 0 0 0
14343 0.617018 -0.000857521 -0.0631112 0.01 46 46 0 0 0
14348 0.584807 -0.00095513 -0.0665164 0.01 60 60 0 0 0
14355 0.570002 -0.000999994 -0.0419623 0.01 60 60 0 0 0
14362 0.617018 -0.000857521 -0.0631112 0.01 46 46 0 0 0
14366 0.617018 -0.000857521 -0.0631112 0.01 47 47 0 0 0
14367 0.570002 -0.000999994 -0.0419623 0.01 60 60 0 0 0
14372 0.647303 -0.00076575 -0.0101519 0.01 90 90 0 0 0
14373 0.611632 -0.000873842 -0.0610643 0.01 46 46 0 0 0
14385 0.570002 -0.000999994 -0.0419623 0.01 60 60 0 0 0
14391 0.617018 -0.000857521 -0.0631112 0.01 46 46 0 0 0
14397 0.61916 -0.000851029 -0.063272 0.01 46 46 0 0 0
14407 0.652332 -0.00075051 -0.00221815 0.01 90 90 0 0 0
14417 0.594626 -0.000925374 -0.0679942 0.01 60 60 0 0 0
14423 0.571186 -0.000996407 -0.0419623 0.01 60 60 0 0 0
14434 0.570002 -0.000999994 -0.0419623 0.01 60 60 0 0 0
14457 0.618691 -0.000852451 -0.0484964 0.01 60 60 0 0 0
14478 0.620682 -0.000846417 -0.0484363 0.01 45 45 0 0 0
14480 0.628075 -0.000824016 -0.0455585 0.01 45 46 0 0 0
14482 0.617018 -0.000857521 -0.0631112 0.01 46 46 0 0 0
14500 0.617018 -0.000857521 -0.0631112 0.01 46 46 0 0 0
14505 0.561314 -0.00102632 -0.0577841 0.01 60 60 0 0 0
14551 0.619194 -0.000850927 -0.0631112 0.01 60 60 0 0 0
14555 0.570002 -0.000999994 -0.0280874 0.01 60 60 0 0 0
14557 0.570002 -0.000999994 -0.0578614 0.01 60 60 0 0 0
14562 0.570002 -0.000999994 -0.0564484 0.01 60 60 0 0 0
14564 0.616911 -0.000857846 -0.0916789 0.01 60 60 0 0 0
14577 0.570002 -0.000999994 -0.0419623 0.01 60 60 0 0 0
14578 0.628075 -0.000824016 -0.0631112 0.01 47 47 0 0 0
14579 0.611632 -0.000873842 -0.0610643 0.01 46 46 0 0 0
14586 0.652332 -0.00075051 -0.00221815 0.01 91 91 0 0 0
14591 0.628075 -0.000824016 -0.058812 0.01 46 46 0 0 0
14592 0.652332 -0.00075051 -0.00221815 0.01 91 91 0 0 0
14607 0.631159 -0.000814669 -0.0530411 0.01 47 46 0 0 0
14610 0.628075 -0.000824016 -0.0631112 0.01 47 47 0 0 0
14623 0.647303 -0.00076575 -0.00451881 0.01 89 89 0 0 0
14636 0.607818 -0.000885399 -0.0719448 0.01 47 47 0 0 0
14650 0.617018 -0.000857521 -0.0631112 0.01 46 46 0 0 0
14655 0.570002 -0.000999994 -0.0578614 0.01 60 59 0 0 0
14661 0.628075 -0.000824016 -0.0562325 0.01 47 47 0 0 0
14680 0.570002 -0.000999994 -0.0419623 0.01 60 59 0 0 0
14690 0.621079 -0.000845214 -0.0631112 0.01 47 48 0 0 0
14698 0.61916 -0.000851029 -0.0631112 0.01 46 46 0 0 0
14703 0.652332 -0.00075051 -0.00221815 0.01 90 90 0 0 0
14715 0.554023 -0.00104842 -0.0564484 0.01 60 60 0 0 0
14725 0.570002 -0.000999994 -0.0333595 0.01 60 60 0 0 0
14745 0.611632 -0.000873842 -0.0631112 0.01 47 47 0 0 0
14787 0.616911 -0.000857846 -0.0916789 0.01 60 59 0 0 0
14796 0.617018 -0.000857521 -0.0631112 0.01 47 47 0 0 0
14800 0.628075 -0.000824016 -0.0631112 0.01 47 47 0 0 0
14804 0.607203 -0.000887264 -0.0609387 0.01 60 59 0 0 0
14846 0.637981 -0.000793996 -0.00451881 0.01 89 89 0 0 0
14848 0.608563 -0.000883142 -0.0778373 0.01 60 60 0 0 0
14865 0.655329 -0.000741427 -0.00221815 0.01 90 90 0 0 0
14867 0.61558 -0.000861879 -0.0479997 0.01 47 47 0 0 0
14869 0.61916 -0.000851029 -0.0631112 0.01 46 46 0 0 0
14887 0.628075 -0.000824016 -0.0631112 0.01 47 47 0 0 0
14890 0.617018 -0.000857521 -0.0631112 0.01 46 46 0 0 0
14893 0.574721 -0.000985695 -0.0437631 0.01 60 60 0 0 0
14902 0.617018 -0.000857521 -0.0631112 0.01 46 46 0 0 0
14914 0.628075 -0.000824016 -0.046872 0.01 47 47 0.00160106 0 0.0162392
14927 0.628075 -0.000824016 -0.058812 0.01 46 46 0 0 0
14928 0.570002 -0.000999994 -0.0419623 0.01 60 59 0 0 0
14929 0.570002 -0.000999994 -0.0223147 0.01 60 60 0 0 0
14936 0.647303 -0.00076575 -0.00451881 0.01 89 89 0 0 0
14953 0.628075 -0.000824016 -0.0455585 0.01 47 47 0 0 0
14972 0.617018 -0.000857521 -0.0631112 0.01 46 46 0 0 0
14977 0.579834 -0.000970201 -0.0333595 0.01 60 60 0 0 0
14978 0.617018 -0.000857521 -0.0631112 0.01 46 46 0 0 0
15007 0.628075 -0.000824016 -0.0631112 0.01 47 47 0 0 0
15009 0.554023 -0.00104842 -0.0564484 0.01 60 60 0 0 0
15012 0.532486 -0.00111368 -0.0441295 0.01 60 60 0.0257028 -0.028467 0.00456982
15026 0.628075 -0.000824016 -0.0631112 0.01 47 48 0 0 0
15042 0.628075 -0.000824016 -0.0631112 0.01 47 47 0 0 0
15043 0.585177 -0.00095401 -0.0690585 0.01 60 60 0 0 0
15047 0.564818 -0.0010157 -0.0394427 0.01 60 60 0 0 0
15059 0.652332 -0.00075051 -0.00221815 0.01 91 91 0 0 0
15070 0.617018 -0.000857521 -0.0631112 0.01 46 46 0 0 0
15110 0.575735 -0.000982622 -0.0564484 0.01 60 60 0 0 0
15116 0.570002 -0.000999994 -0.0419623 0.01 60 60 0 0 0
15143 0.617018 -0.000857521 -0.0631112 0.01 46 46 0 0 0
15158 0.594299 -0.000926368 -0.0429003 0.01 60 60 0 0 0
15160 0.652332 -0.00075051 -0.00221815 0.01 90 90 0 0 0
15171 0.561192 -0.00102669 -0.0419623 0.01 60 60 0 0 0
15175 0.617018 -0.000857521 -0.0631112 0.01 46 46 0 0 0
15213 0.628075 -0.000824016 -0.0455585 0.01 45 45 0 0 0
15214 0.617018 -0.000857521 -0.0631112 0.01 46 46 0 0 0
15238 0.570002 -0.000999994 -0.0564484 0.01 60 60 0 0 0
15246 0.647303 -0.00076575 -0.00451881 0.01 89 89 0 0 0
15247 0.617018 -0.000857521 -0.0631112 0.01 46 46 0 0 0
15260 0.652332 -0.00075051 -0.00221815 0.01 90 90 0 0 0
15270 0.628075 -0.000824016 -0.058812 0.01 46 46 0 0 0
15279 0.617018 -0.000857521 -0.0631112 0.01 46 46 0 0 0
15302 0.560953 -0.00102741 -0.0486993 0.01 60 60 0 0 0
15304 0.634082 -0.000805812 -0.0474046 0.01 46 46 0 0 0
15305 0.647303 -0.00076575 -0.00451881 0.01 89 89 0 0 0
15311 0.607818 -0.000885399 -0.0719448 0.01 47 47 0 0 0
15329 0.575176 -0.000984316 -0.0469017 0.01 60 60 0 0 0
15361 0.564818 -0.0010157 -0.0394427 0.01 60 60 0 0 0
15391 0.617018 -0.000857521 -0.0631112 0.01 46 46 0 0 0
15394 0.628075 -0.000824016 -0.0631112 0.01 47 47 0 0 0
15400 0.561192 -0.00102669 -0.0419623 0.01 60 60 0 0 0
15406 0.555169 -0.00104494 -0.0419623 0.01 60 60 0 0 0
15409 0.61916 -0.000851029 -0.0631112 0.01 47 47 0 0 0
15420 0.617018 -0.000857521 -0.0631112 0.01 46 46 0 0 0
15432 0.617018 -0.000857521 -0.0631112 0.01 46 46 0 0 0
15433 0.628075 -0.000824016 -0.0540775 0.01 46 46 0 0 0
15439 0.628075 -0.000824016 -0.0631112 0.01 47 47 0 0 0
15448 0.647303 -0.00076575 -0.00451881 0.01 89 89 0 0 0
15451 0.617018 -0.000857521 -0.0631112 0.01 46 46 0 0 0
15466 0.646803 -0.000767263 -0.0631112 0.01 47 47 0 0 0
15497 0.583484 -0.000959139 -0.0705266 0.01 60 60 0 0 0
15504 0.647303 -0.00076575 -0.00451881 0.01 90 89 0 0 0
15507 0.647303 -0.00076575 -0.00451881 0.01 89 89 0 0 0
15508 0.625426 -0.000832043 -0.0631112 0.01 47 47 0 0 0
15546 0.61916 -0.000851029 -0.0631112 0.01 46 47 0 0 0
15551 0.570522 -0.000998418 -0.0236216 0.01 60 60 0 0 0
15575 0.647303 -0.00076575 -0.00451881 0.01 89 89 0 0 0
15583 0.570002 -0.000999994 -0.0333595 0.01 60 60 0 0 0
15586 0.647303 -0.00076575 -0.0101519 0.01 90 90 0 0 0
15588 0.617018 -0.000857521 -0.0631112 0.01 47 47 0 0 0
15592 0.652332 -0.00075051 -0.00221815 0.01 91 91 0 0 0
15610 0.617018 -0.000857521 -0.0631112 0.01 47 47 0 0 0
15611 0.552353 -0.00105348 -0.0223147 0.01 60 60 0.00410739 -0.00473708 0
15628 0.617018 -0.000857521 -0.0631112 0.01 47 47 0 0 0
15629 0.647303 -0.00076575 -0.00451881 0.01 89 89 0 0 0
15641 0.630068 -0.000817976 -0.0631112 0.01 47 47 0 0 0
15643 0.652332 -0.00075051 -0.00221815 0.01 90 90 0 0 0
15672 0.628075 -0.000824016 -0.0530411 0.01 47 47 0 0 0
15684 0.633033 -0.00080899 -0.0455585 0.01 46 46 0 0 0
15687 0.551332 -0.00105657 -0.0419623 0.01 60 60 0.00267452 -0.00310189 0
15695 0.647303 -0.00076575 -0.00451881 0.01 89 89 0 0 0
15702 0.617018 -0.000857521 -0.0570735 0.01 46 46 0 0 0
15706 0.617018 -0.000857521 -0.0587857 0.01 47 47 0 0 0
15710 0.628075 -0.000824016 -0.0631112 0.01 47 47 0 0 0
15712 0.628075 -0.000824016 -0.058812 0.01 47 47 0 0 0
15716 0.580204 -0.000969078 -0.032811 0.01 60 60 0 0 0
15721 0.619194 -0.000850927 -0.0631112 0.01 47 47 0 0 0
15746 0.617018 -0.000857521 -0.0484363 0.01 45 45 0 0 0
15752 0.647303 -0.00076575 -0.00451881 0.01 89 89 0 0 0
15767 0.617018 -0.000857521 -0.0570735 0.01 46 46 0 0 0
15787 0.575583 -0.000983083 -0.0803812 0.01 47 47 0 0 0
15792 0.628075 -0.000824016 -0.0631112 0.01 47 47 0 0 0
15797 0.652332 -0.00075051 -0.00221815 0.01 90 90 0 0 0
15798 0.647303 -0.00076575 -0.0101519 0.01 89 89 0 0 0
15799 0.617018 -0.000857521 -0.0631112 0.01 46 46 0 0 0
15824 0.628075 -0.000824016 -0.058812 0.01 46 46 0 0 0
15831 0.614391 -0.000865482 -0.0631112 0.01 46 46 0.00128386 -0.00262702 0
15841 0.628075 -0.000824016 -0.0631112 0.01 47 47 0 0 0
15851 0.55709 -0.00103912 -0.0223147 0.01 60 60 0 0 0
15859 0.617018 -0.000857521 -0.0631112 0.01 47 47 0 0 0
15871 0.628075 -0.000824016 -0.0631112 0.01 47 47 0 0 0
15873 0.617018 -0.000857521 -0.0484363 0.01 45 45 0 0 0
15874 0.570002 -0.000999994 -0.0419623 0.01 60 60 0 0 0
15887 0.652332 -0.00075051 -0.00221815 0.01 90 90 0 0 0
15889 0.652332 -0.00075051 -0.00221815 0.01 90 90 0 0 0
15893 0.617018 -0.000857521 -0.0631112 0.01 46 46 0 0 0
15895 0.617018 -0.000857521 -0.0631112 0.01 46 46 0 0 0
15898 0.5581 -0.00103606 -0.0293949 0.01 60 60 0 0 0
15902 0.551255 -0.0010568 -0.0418256 0.01 60 60 0 0 0
15911 0.570002 -0.000999994 -0.0419623 0.01 60 60 0 0 0
15916 0.637981 -0.000793996 -0.00451881 0.01 89 89 0 0 0
15919 0.652332 -0.00075051 -0.00221815 0.01 90 90 0 0 0
15927 0.631734 -0.000812926 -0.024664 0.01 60 61 0 0 0
15948 0.647303 -0.00076575 -0.00451881 0.01 89 89 0 0 0
15976 0.617018 -0.000857521 -0.0484363 0.01 45 45 0 0 0
15984 0.611928 -0.000872945 -0.0336826 0.01 47 47 0 0 0
15999 0.617018 -0.000857521 -0.0631112 0.01 46 46 0 0 0
16009 0.628075 -0.000824016 -0.058812 0.01 47 47 0 0 0
16083 0.570002 -0.000999994 -0.0417968 0.01 60 60 0 0 0
16113 0.570002 -0.000999994 -0.0564484 0.01 60 60 0 0 0
16144 0.628075 -0.000824016 -0.0455585 0.01 46 46 0 0 0
16151 0.61916 -0.000851029 -0.0631112 0.01 47 47 0 0 0
16152 0.628075 -0.000824016 -0.0631112 0.01 47 47 0 0 0
16153 0.617018 -0.000857521 -0.0631112 0.01 45 46 0 0 0
16157 0.559099 -0.00103303 -0.0470793 0.01 60 60 0 0 0
16164 0.628075 -0.000824016 -0.0631112 0.01 47 47 0 0 0
16189 0.570002 -0.000999994 -0.0417968 0.01 60 60 0 0 0
16190 0.617018 -0.000857521 -0.0631112 0.01 46 46 0 0 0
16228 0.617018 -0.000857521 -0.0631112 0.01 46 46 0 0 0
16241 0.628075 -0.000824016 -0.0530411 0.01 47 48 0 0 0
16252 0.61558 -0.000861879 -0.0631112 0.01 47 47 0 0 0
16262 0.607818 -0.000885399 -0.0719448 0.01 47 47 0 0 0
16295 0.628075 -0.000824016 -0.0631112 0.01 46 47 0 0 0
16306 0.628075 -0.000824016 -0.0540775 0.01 47 47 0 0 0
16320 0.607818 -0.000885399 -0.0631112 0.01 46 47 0 0 0
16328 0.585177 -0.00095401 -0.0690585 0.01 60 60 0 0 0
16343 0.647303 -0.00076575 -0.00451881 0.01 89 89 0 0 0
16348 0.652332 -0.00075051 -0.0119847 0.01 91 91 0 0 0
16376 0.628075 -0.000824016 -0.0631112 0.01 47 47 0 0 0
16379 0.590843 -0.000936839 -0.0419623 0.01 60 60 0 0 0
16385 0.659536 -0.000728677 -0.00221815 0.01 90 90 -0.00642639 0.00720477 0
16400 0.628075 -0.000824016 -0.0631112 0.01 47 47 0 0 0
16414 0.628075 -0.000824016 -0.0631112 0.01 47 47 0 0 0
16419 0.617018 -0.000857521 -0.0631112 0.01 47 47 0 0 0
16420 0.570002 -0.000999994 -0.0419623 0.01 60 60 0 0 0
16431 0.617018 -0.000857521 -0.0631112 0.01 47 47 0 0 0
16444 0.628075 -0.000824016 -0.0631112 0.01 47 47 0 0 0
16458 0.575583 -0.000983083 -0.0803812 0.01 47 49 0 0 0
16462 0.628075 -0.000824016 -0.0631112 0.01 47 47 0 0 0
16468 0.590843 -0.000936839 -0.0419623 0.01 60 60 0 0 0
16469 0.628075 -0.000824016 -0.0631112 0.01 47 47 0 0 0
16486 0.562436 -0.00102292 -0.0411621 0.01 60 60 0 0 0
16505 0.628075 -0.000824016 -0.0562325 0.01 47 47 0 0 0
16524 0.567481 -0.00100763 -0.08697 0.01 47 48 0 0 0
16530 0.617018 -0.000857521 -0.0631112 0.01 46 46 0 0 0
16533 0.638366 -0.000792832 -0.058812 0.01 46 46 0 0 0
16536 0.628075 -0.000824016 -0.0489713 0.01 46 46 0 0 0
16559 0.617018 -0.000857521 -0.0631112 0.01 47 47 0 0 0
16566 0.607203 -0.000887264 -0.0609387 0.01 60 60 0 0 0
16570 0.647303 -0.00076575 -0.01762 0.01 89 89 0 0 0
16572 0.554023 -0.00104842 -0.0564484 0.01 60 60 0 0 0
16580 0.617018 -0.000857521 -0.0631112 0.01 46 46 0 0 0
16582 0.603966 -0.000897071 -0.067774 0.01 60 59 0 0 0
16583 0.570002 -0.000999994 -0.0280874 0.01 60 60 0 0 0
16589 0.628075 -0.000824016 -0.0631112 0.01 47 47 0 0 0
16591 0.617018 -0.000857521 -0.0631112 0.01 47 47 0 0 0
16605 0.590843 -0.000936839 -0.0270158 0.01 60 60 0 0 0
16606 0.628075 -0.000824016 -0.0530411 0.01 46 48 0 0 0
16616 0.617018 -0.000857521 -0.0631112 0.01 46 46 0 0 0
16620 0.647303 -0.00076575 -0.00319557 0.01 90 90 0.0839118 0 0.00695633
16642 0.617018 -0.000857521 -0.0631112 0.01 47 47 0 0 0
16643 0.607818 -0.000885399 -0.0719448 0.01 47 47 0 0 0
16647 0.570002 -0.000999994 -0.0280874 0.01 60 60 0 0 0
16655 0.598039 -0.000915034 -0.0690585 0.01 60 60 0 0 0
16666 0.617018 -0.000857521 -0.0631112 0.01 45 46 0 0 0
16678 0.617018 -0.000857521 -0.0631112 0.01 46 46 0 0 0
16685 0.637981 -0.000793996 -0.00451881 0.01 89 89 0 0 0
16686 0.652332 -0.00075051 -0.00221815 0.01 89 89 0 0 0
16699 0.628075 -0.000824016 -0.0631112 0.01 47 47 0 0 0
16712 0.617018 -0.000857521 -0.0484363 0.01 45 45 0 0 0
16720 0.652332 -0.00075051 -0.00221815 0.01 90 90 0 0 0
16724 0.617018 -0.000857521 -0.0631112 0.01 46 46 0 0 0
16741 0.594626 -0.000925374 -0.0677911 0.01 60 60 2.78354e-05 0 0.000203095
16742 0.628075 -0.000824016 -0.0530411 0.01 45 45 0 0 0
16764 0.652332 -0.00075051 -0.00221815 0.01 89 89 0 0 0
16791 0.652332 -0.00075051 -0.00221815 0.01 89 89 0 0 0
16792 0.628075 -0.000824016 -0.0631112 0.01 46 47 0 0 0
16794 0.647303 -0.00076575 -0.00451881 0.01 89 89 0 0 0
16821 0.628075 -0.000824016 -0.0530411 0.01 45 45 0 0 0
16861 0.617018 -0.000857521 -0.0631112 0.01 47 47 0 0 0
16862 0.617018 -0.000857521 -0.0631112 0.01 47 47 0 0 0
16864 0.63539 -0.00080185 -0.0631112 0.01 47 47 0 0 0
16867 0.570002 -0.000999994 -0.033886 0.01 60 60 0 0 0
16897 0.597573 -0.000916444 -0.0631112 0.01 46 46 0 0 0
16912 0.628075 -0.000824016 -0.0631112 0.01 47 47 0 0 0
16914 0.617018 -0.000857521 -0.0631112 0.01 47 46 0 0 0
16921 0.570002 -0.000999994 -0.033886 0.01 60 60 0 0 0
16927 0.596762 -0.000918904 -0.0322399 0.01 60 60 0 0 0
16955 0.652332 -0.00075051 -0.00221815 0.01 90 90 0 0 0
16980 0.570002 -0.000999994 -0.0419623 0.01 47 48 0 0 0
17005 0.647303 -0.00076575 -0.00451881 0.01 89 89 0 0 0
17006 0.628075 -0.000824016 -0.058812 0.01 46 46 0 0 0
17007 0.570002 -0.000999994 -0.0324403 0.01 60 60 0 0 0
17009 0.647303 -0.00076575 -0.00451881 0.01 90 90 0 0 0
17030 0.647303 -0.00076575 -0.0101519 0.01 89 89 0 0 0
17041 0.647303 -0.00076575 -0.0101519 0.01 90 90 0 0 0
17052 0.570002 -0.000999994 -0.0417968 0.01 60 60 0 0 0
17070 0.630068 -0.000817976 -0.0631112 0.01 46 47 0 0 0
17080 0.617018 -0.000857521 -0.0484363 0.01 45 45 0 0 0
17081 0.630927 -0.000815372 -0.0581552 0.01 47 48 0 0 0
17132 0.647303 -0.00076575 -0.00451881 0.01 89 89 0 0 0
17134 0.628075 -0.000824016 -0.058812 0.01 46 46 0 0 0
17140 0.617018 -0.000857521 -0.0631112 0.01 46 46 0 0 0
17146 0.617018 -0.000857521 -0.0631112 0.01 46 46 0 0 0
17169 0.570002 -0.000999994 -0.0419623 0.01 60 60 0 0 0
17174 0.561314 -0.00102632 -0.0577841 0.01 60 60 0 0 0
17182 0.61916 -0.000851029 -0.0631112 0.01 46 46 0 0 0
17190 0.619177 -0.00085098 -0.058812 0.01 47 47 0 0 0
17219 0.570002 -0.000999994 -0.0419623 0.01 60 60 0 0 0
17225 0.597275 -0.000917348 -0.0631112 0.01 47 47 0 0 0
17251 0.628075 -0.000824016 -0.058812 0.01 46 46 0 0 0
17271 0.567481 -0.00100763 -0.0778373 0.01 47 47 0 0 0
17273 0.61916 -0.000851029 -0.0631112 0.01 47 47 0 0 0
17284 0.628075 -0.000824016 -0.0530411 0.01 47 48 0 0 0
17288 0.579917 -0.000969947 -0.0419623 0.01 60 60 0 0 0
17297 0.628075 -0.000824016 -0.0631112 0.01 47 47 0 0 0
17298 0.570002 -0.000999994 -0.031175 0.01 60 60 0 0 0
17305 0.617018 -0.000857521 -0.0631112 0.01 46 46 0 0 0
17310 0.628075 -0.000824016 -0.0631112 0.01 47 47 0 0 0
17343 0.624974 -0.000833412 -0.0631112 0.01 47 47 0 0 0
17367 0.652332 -0.00075051 -0.00221815 0.01 90 90 0 0 0
17369 0.647303 -0.00076575 -0.00451881 0.01 89 88 0 0 0
17377 0.628075 -0.000824016 -0.0455585 0.01 46 46 0 0 0
17380 0.635265 -0.000802228 -0.0276734 0.01 46 47 0 0 0
17387 0.570002 -0.000999994 -0.0280874 0.01 60 60 0 0 0
17389 0.647303 -0.00076575 -0.0101519 0.01 89 89 0 0 0
17398 0.628075 -0.000824016 -0.0455585 0.01 46 46 0 0 0
17403 0.61916 -0.000851029 -0.0631112 0.01 46 46 0 0 0
17407 0.617018 -0.000857521 -0.0631112 0.01 46 46 0 0 0
17413 0.628075 -0.000824016 -0.0530411 0.01 47 47 0 0 0
17423 0.652332 -0.00075051 -0.00221815 0.01 89 89 0 0 0
17433 0.628075 -0.000824016 -0.0631112 0.01 47 47 0 0 0
17442 0.617018 -0.000857521 -0.0631112 0.01 47 46 0 0 0
17444 0.628075 -0.000824016 -0.0789241 0.01 47 48 0 0 0
17448 0.619177 -0.00085098 -0.058812 0.01 46 46 0.00423049 -0.00889832 0
17503 0.628075 -0.000824016 -0.058812 0.01 46 46 0 0 0
17507 0.617018 -0.000857521 -0.0631112 0.01 46 46 0 0 0
17509 0.647303 -0.00076575 -0.00451881 0.01 89 89 0 0 0
17514 0.532486 -0.00111368 -0.0441295 0.01 60 60 0 0 0
17526 0.617018 -0.000857521 -0.0631112 0.01 45 46 0 0 0
17534 0.637981 -0.000793996 -0.00451881 0.01 89 89 0 0 0
17545 0.554023 -0.00104842 -0.0564484 0.01 60 60 0 0 0
17557 0.628075 -0.000824016 -0.0631112 0.01 47 47 0 0 0
17580 0.628075 -0.000824016 -0.0631112 0.01 47 47 0 0 0
17584 0.616911 -0.000857846 -0.0815232 0.01 60 60 0 0 0
17603 0.647303 -0.00076575 -0.00451881 0.01 89 89 0 0 0
17605 0.617018 -0.000857521 -0.0631112 0.01 46 46 0 0 0
17610 0.570002 -0.000999994 -0.0565989 0.01 60 60 0 0 0
17612 0.628075 -0.000824016 -0.0631112 0.01 47 47 0 0 0
17613 0.628075 -0.000824016 -0.0631112 0.01 46 47 0 0 0
17616 0.61916 -0.000851029 -0.0631112 0.01 47 47 0 0 0
17619 0.617018 -0.000857521 -0.0631112 0.01 46 46 0 0 0
17620 0.641798 -0.00078243 -0.0455585 0.01 46 46 0 0 0
17652 0.617018 -0.000857521 -0.0631112 0.01 46 46 0 0 0
17656 0.605055 -0.000893772 -0.0740564 0.01 60 61 0 0 0
17660 0.647303 -0.00076575 -0.01762 0.01 89 89 -0.133967 0 -0.0131012
17662 0.637981 -0.000793996 -0.00451881 0.01 89 89 0 0 0
17673 0.562436 -0.00102292 -0.0419623 0.01 60 60 0 0 0
17675 0.617018 -0.000857521 -0.0570735 0.01 46 46 0 0 0
17682 0.628075 -0.000824016 -0.0629852 0.01 47 47 0 0 0
17686 0.593922 -0.000927508 -0.0501493 0.01 60 59 0 0 0
17719 0.628075 -0.000824016 -0.0424947 0.01 47 48 0 0 0
17721 0.628075 -0.000824016 -0.0424947 0.01 47 47 0 0 0
17726 0.589054 -0.00094226 -0.0394427 0.01 60 60 0 0 0
17728 0.628075 -0.000824016 -0.0631112 0.01 47 47 0 0 0
17743 0.628075 -0.000824016 -0.058812 0.01 46 46 0 0 0
17770 0.617018 -0.000857521 -0.0631112 0.01 47 47 0 0 0
17776 0.628075 -0.000824016 -0.0620712 0.01 47 47 0 0 0
17785 0.617018 -0.000857521 -0.0631112 0.01 46 46 0 0 0
17802 0.617018 -0.000857521 -0.0570735 0.01 46 46 0 0 0
17819 0.570002 -0.000999994 -0.0280874 0.01 60 60 0 0 0
17820 0.617018 -0.000857521 -0.0631112 0.01 47 47 0 0 0
17826 0.617018 -0.000857521 -0.0631112 0.01 46 46 0 0 0
17841 0.628075 -0.000824016 -0.0530411 0.01 45 45 0 0 0
17843 0.583484 -0.000959139 -0.0583603 0.01 60 60 0 0 0
17849 0.647303 -0.00076575 -0.00451881 0.01 89 89 0 0 0
17869 0.617018 -0.000857521 -0.0631112 0.01 47 47 0 0 0
17890 0.641798 -0.00078243 -0.0455585 0.01 46 46 0 0 0
17894 0.652332 -0.00075051 -0.00221815 0.01 90 90 0 0 0
17897 0.617018 -0.000857521 -0.0570735 0.01 46 46 0 0 0
17910 0.647303 -0.00076575 -0.00451881 0.01 89 89 0 0 0
17926 0.617018 -0.000857521 -0.0631112 0.01 46 46 0 0 0
17937 0.637981 -0.000793996 -0.00451881 0.01 89 89 0 0 0
17965 0.628075 -0.000824016 -0.058812 0.01 46 46 0 0 0
17967 0.652332 -0.00075051 -0.00810836 0.01 91 91 -0.0792105 0 -0.00589021
17990 0.561192 -0.00102669 -0.0419623 0.01 60 60 0 0 0
17993 0.628075 -0.000824016 -0.0530411 0.01 47 47 0 0 0
18012 0.570002 -0.000999994 -0.0366526 0.01 60 60 0 0 0
18035 0.652332 -0.00075051 -0.00221815 0.01 91 91 0 0 0
18043 0.617018 -0.000857521 -0.0484363 0.01 45 45 0 0 0
18044 0.564818 -0.0010157 -0.0394427 0.01 60 60 0 0 0
18045 0.628075 -0.000824016 -0.0631112 0.01 47 48 0 0 0
18053 0.617018 -0.000857521 -0.0631112 0.01 46 47 0 0 0
18061 0.61916 -0.000851029 -0.0631112 0.01 46 47 0 0 0
18064 0.652332 -0.00075051 -0.00221815 0.01 90 90 0 0 0
18075 0.628075 -0.000824016 -0.058812 0.01 46 46 0 0 0
18080 0.652332 -0.00075051 -0.00221815 0.01 90 90 0 0 0
18089 0.584807 -0.00095513 -0.090487 0.01 60 60 0 0 0
18098 0.647303 -0.00076575 -0.00451881 0.01 89 89 0 0 0
18105 0.570002 -0.000999994 -0.0419623 0.01 60 60 0 0 0
18119 0.612397 -0.000871525 -0.0631112 0.01 46 46 0.00226751 -0.00462133 0
18124 0.570002 -0.000999994 -0.0419623 0.01 60 60 0 0 0
18130 0.643058 -0.000778612 -0.0168608 0.01 47 47 0.0034149 0 0.0361803
18131 0.607818 -0.000885399 -0.0631112 0.01 47 47 0 0 0
18142 0.638919 -0.000791153 -0.0542008 0.01 47 47 0 0 0
18144 0.561192 -0.00102669 -0.0419623 0.01 60 60 0 0 0
18152 0.61916 -0.000851029 -0.063272 0.01 46 46 0 0 0
18153 0.628595 -0.00082244 -0.058812 0.01 47 46 -0.000242837 0.000519931 0
18164 0.652332 -0.00075051 -0.00221815 0.01 90 90 0 0 0
18168 0.628075 -0.000824016 -0.0530411 0.01 46 47 0 0 0
18179 0.585177 -0.00095401 -0.0773357 0.01 60 60 -0.00115682 0 -0.0082772
18200 0.570522 -0.000998418 -0.0236216 0.01 60 60 0 0 0
18201 0.647303 -0.00076575 -0.00451881 0.01 90 90 0 0 0
18206 0.561192 -0.00102669 -0.0419623 0.01 60 60 0 0 0
18225 0.652332 -0.00075051 -0.00221815 0.01 91 91 0 0 0
18227 0.570002 -0.000999994 -0.0564484 0.01 60 60 0 0 0
18231 0.628075 -0.000824016 -0.0655711 0.01 47 47 0 0 0
18235 0.611632 -0.000873842 -0.0631112 0.01 46 46 0 0 0
18236 0.596762 -0.000918904 -0.0440675 0.01 60 60 0 0 0
18247 0.628075 -0.000824016 -0.0631112 0.01 46 47 0 0 0
18249 0.617018 -0.000857521 -0.0631112 0.01 46 46 0 0 0
18266 0.652332 -0.00075051 -0.00221815 0.01 90 90 0 0 0
18269 0.628075 -0.000824016 -0.058812 0.01 46 46 0 0 0
18276 0.647303 -0.00076575 -0.00451881 0.01 89 89 0 0 0
18279 0.617018 -0.000857521 -0.0631112 0.01 46 46 0 0 0
18282 0.603966 -0.000897071 -0.0772907 0.01 60 60 0 0 0
18284 0.570002 -0.000999994 -0.0419623 0.01 60 61 0 0 0
18310 0.628075 -0.000824016 -0.058812 0.01 47 47 0 0 0
18311 0.617018 -0.000857521 -0.0631112 0.01 46 46 0 0 0
18339 0.570002 -0.000999994 -0.0163637 0.01 60 60 0 0 0
18341 0.551255 -0.0010568 -0.0418256 0.01 60 60 0 0 0
18358 0.603966 -0.000897071 -0.0772907 0.01 60 60 0 0 0
18363 0.647303 -0.00076575 -0.0101519 0.01 89 89 0 0 0
18369 0.647303 -0.00076575 -0.00451881 0.01 89 89 0 0 0
18401 0.617018 -0.000857521 -0.0631112 0.01 46 46 0 0 0
18404 0.628075 -0.000824016 -0.0540775 0.01 47 47 0 0 0
18409 0.617018 -0.000857521 -0.0587857 0.01 47 47 0 0 0
18412 0.617018 -0.000857521 -0.0570735 0.01 46 46 0 0 0
18417 0.628075 -0.000824016 -0.058812 0.01 46 46 0 0 0
18445 0.570002 -0.000999994 -0.0565989 0.01 60 60 0 0 0
18447 0.617018 -0.000857521 -0.0631112 0.01 46 46 0 0 0
18461 0.628075 -0.000824016 -0.0620712 0.01 47 47 0 0 0
18473 0.617018 -0.000857521 -0.0631112 0.01 46 46 0 0 0
18478 0.570002 -0.000999994 -0.0437631 0.01 60 61 0 0 0
18496 0.652332 -0.00075051 -0.00221815 0.01 89 89 0 0 0
18515 0.647303 -0.00076575 -0.00451881 0.01 89 89 0 0 0
18524 0.570002 -0.000999994 -0.0419623 0.01 60 60 0 0 0
18525 0.652332 -0.00075051 -0.0146835 0.01 90 90 -0.144553 0 -0.0124654
18546 0.617018 -0.000857521 -0.0631112 0.01 47 47 0 0 0
18548 0.647303 -0.00076575 -0.0101519 0.01 89 89 0 0 0
18550 0.561192 -0.00102669 -0.0419623 0.01 60 60 0 0 0
18560 0.643058 -0.000778612 -0.0168608 0.01 47 47 0 0 0
18565 0.554023 -0.00104842 -0.0564484 0.01 60 60 0 0 0
18571 0.628075 -0.000824016 -0.05466 0.01 47 47 0 0 0
18577 0.637981 -0.000793996 -0.00451881 0.01 89 89 0 0 0
18582 0.574721 -0.000985695 -0.0437631 0.01 60 60 0 0 0
18585 0.628075 -0.000824016 -0.0747141 0.01 47 48 0 0 0
18601 0.617018 -0.000857521 -0.0631112 0.01 46 46 0 0 0
18604 0.61916 -0.000851029 -0.0631112 0.01 46 46 0 0 0
18610 0.628075 -0.000824016 -0.0601231 0.01 47 47 0 0 0
18626 0.583484 -0.000959139 -0.0500063 0.01 60 61 0 0 0
18629 0.617018 -0.000857521 -0.0631112 0.01 46 46 0 0 0
18636 0.617018 -0.000857521 -0.0631112 0.01 46 46 0 0 0
18650 0.617018 -0.000857521 -0.0631112 0.01 46 46 0 0 0
18652 0.641873 -0.000782204 -0.0631112 0.01 47 47 0 0 0
18661 0.652332 -0.00075051 -0.00221815 0.01 90 90 0 0 0
18665 0.628075 -0.000824016 -0.0631112 0.01 47 47 0 0 0
18670 0.617018 -0.000857521 -0.0631112 0.01 46 46 0 0 0
18671 0.61916 -0.000851029 -0.0631112 0.01 45 47 0 0 0
18674 0.647303 -0.00076575 -0.00451881 0.01 89 89 0 0 0
18691 0.652332 -0.00075051 -0.00221815 0.01 91 91 0 0 0
18696 0.570002 -0.000999994 -0.0417968 0.01 60 60 0 0 0
18697 0.629918 -0.00081843 -0.00221815 0.01 89 89 0.00904125 -0.00978988 0
18699 0.617018 -0.000857521 -0.0570735 0.01 46 46 0 0 0
18708 0.570002 -0.000999994 -0.0469017 0.01 60 60 0 0 0
18714 0.617018 -0.000857521 -0.0631112 0.01 46 46 0 0 0
18717 0.61916 -0.000851029 -0.0631112 0.01 46 46 0 0 0
18718 0.630927 -0.000815372 -0.077506 0.01 47 48 0 0 0
18727 0.652332 -0.00075051 -0.00221815 0.01 90 90 0 0 0
18739 0.617018 -0.000857521 -0.0631112 0.01 46 46 0 0 0
18749 0.652332 -0.00075051 -0.00221815 0.01 89 89 0 0 0
18758 0.585177 -0.00095401 -0.0690585 0.01 60 60 0 0 0
18766 0.647303 -0.00076575 -0.016715 0.01 89 89 0 0 0
18772 0.570002 -0.000999994 -0.0307508 0.01 60 60 0 0 0
18778 0.562245 -0.0010235 -0.0469017 0.01 60 58 0 0 0
18784 0.628075 -0.000824016 -0.0631112 0.01 47 48 0 0 0
18787 0.641438 -0.000783522 -0.00658962 0.01 89 89 0 0 0
18793 0.617018 -0.000857521 -0.0631112 0.01 46 46 0 0 0
18797 0.570002 -0.000999994 -0.0578614 0.01 60 60 0 0 0
18800 0.59361 -0.000928454 -0.0679942 0.01 60 60 0.00826992 -0.01126 0
18818 0.656921 -0.000736602 -0.00451881 0.01 89 89 0 0 0
18824 0.617018 -0.000857521 -0.0631112 0.01 46 46 0 0 0
18825 0.652332 -0.00075051 -0.00221815 0.01 89 89 0 0 0
18843 0.570002 -0.000999994 -0.0298134 0.01 60 59 0 0 0
18851 0.617018 -0.000857521 -0.0631112 0.01 47 47 0 0 0
18853 0.628075 -0.000824016 -0.058812 0.01 46 46 0 0 0
18863 0.617018 -0.000857521 -0.0631112 0.01 46 46 0 0 0
18877 0.61916 -0.000851029 -0.063272 0.01 46 46 0 0 0
18878 0.652332 -0.00075051 -0.00221815 0.01 91 91 0 0 0
18894 0.647303 -0.00076575 -0.00451881 0.01 89 89 0 0 0
18901 0.649181 -0.000760058 -0.0768667 0.01 60 60 0 0 0
18905 0.628075 -0.000824016 -0.0455585 0.01 46 46 0 0 0
18909 0.647303 -0.00076575 -0.00451881 0.01 89 89 0 0 0
18910 0.61916 -0.000851029 -0.0631112 0.01 46 46 0 0 0
18936 0.570002 -0.000999994 -0.0564484 0.01 60 60 0 0 0
18940 0.628075 -0.000824016 -0.0620712 0.01 47 47 0 0 0
18951 0.647303 -0.00076575 -0.0101519 0.01 89 89 0 0 0
18954 0.580204 -0.000969078 -0.032811 0.01 60 60 0 0 0
18960 0.617018 -0.000857521 -0.0631112 0.01 46 46 0 0 0
18974 0.652332 -0.00075051 -0.00221815 0.01 89 89 0 0 0
18987 0.617018 -0.000857521 -0.0484363 0.01 46 46 0 0 0
18989 0.570002 -0.000999994 -0.0223147 0.01 60 60 0 0 0
18994 0.647303 -0.00076575 -0.00385545 0.01 89 89 0 0 0
19011 0.570002 -0.000999994 -0.0223147 0.01 60 60 0 0 0
19012 0.617018 -0.000857521 -0.0631112 0.01 46 46 0 0 0
19018 0.570002 -0.000999994 -0.0564484 0.01 60 60 0 0 0
19021 0.628075 -0.000824016 -0.0631112 0.01 47 47 0 0 0
19029 0.613335 -0.000868681 -0.0631112 0.01 46 46 0 0 0
19048 0.647303 -0.00076575 -0.00451881 0.01 89 89 0 0 0
19057 0.652332 -0.00075051 -0.00221815 0.01 91 91 0 0 0
19066 0.617018 -0.000857521 -0.0631112 0.01 46 46 0 0 0
19083 0.571186 -0.000996407 -0.0419623 0.01 60 60 0 0 0
19084 0.617018 -0.000857521 -0.0631112 0.01 46 46 0 0 0
19111 0.611632 -0.000873842 -0.0631112 0.01 47 47 0 0 0
19124 0.561192 -0.00102669 -0.0419623 0.01 60 60 0 0 0
19144 0.570002 -0.000999994 -0.0419623 0.01 60 60 0 0 0
19148 0.617018 -0.000857521 -0.0570735 0.01 46 46 0 0 0
19165 0.628075 -0.000824016 -0.0631112 0.01 47 47 0 0 0
19181 0.628075 -0.000824016 -0.05466 0.01 47 47 0 0 0
19182 0.617018 -0.000857521 -0.0631112 0.01 47 46 0 0 0
19183 0.647303 -0.00076575 -0.00451881 0.01 90 90 0 0 0
19188 0.647303 -0.00076575 -0.00451881 0.01 90 90 0 0 0
19192 0.617018 -0.000857521 -0.0631112 0.01 46 46 0 0 0
19205 0.603619 -0.000898124 -0.0233122 0.01 60 60 0 0 0
19210 0.570002 -0.000999994 -0.0419623 0.01 60 61 0 0 0
19224 0.617018 -0.000857521 -0.0587857 0.01 47 47 0 0 0
19230 0.647303 -0.00076575 -0.00451881 0.01 89 89 0 0 0
19234 0.61916 -0.000851029 -0.0631112 0.01 46 46 0 0 0
19252 0.628075 -0.000824016 -0.0631112 0.01 47 47 0 0 0
19270 0.637981 -0.000793996 -0.00451881 0.01 89 89 0 0 0
19276 0.654902 -0.000742722 -0.0232952 0.01 60 60 0 0 0
19279 0.637981 -0.000793996 -0.00451881 0.01 89 89 0 0 0
19289 0.570002 -0.000999994 -0.033886 0.01 60 60 0 0 0
19290 0.551255 -0.0010568 -0.0418256 0.01 60 60 0 0 0
19295 0.570002 -0.000999994 -0.0637792 0.01 60 60 0 0 0
19298 0.581268 -0.000965854 -0.0515358 0.01 60 61 0 0 0
19309 0.617018 -0.000857521 -0.0484363 0.01 45 45 0 0 0
19311 0.617018 -0.000857521 -0.0570735 0.01 46 46 0 0 0
19369 0.647303 -0.00076575 -0.00451881 0.01 90 90 0 0 0
19375 0.628075 -0.000824016 -0.0631112 0.01 47 47 0 0 0
19380 0.652332 -0.00075051 -0.00221815 0.01 90 90 0 0 0
19383 0.617018 -0.000857521 -0.0631112 0.01 46 47 0 0 0
19409 0.647303 -0.00076575 -0.00451881 0.01 89 89 0 0 0
19428 0.617018 -0.000857521 -0.0631112 0.01 46 46 0 0 0
19451 0.617018 -0.000857521 -0.0631112 0.01 46 46 0 0 0
19456 0.567481 -0.00100763 -0.0778373 0.01 47 48 0 0 0
19476 0.617018 -0.000857521 -0.0570735 0.01 46 46 0 0 0
19486 0.61445 -0.000865304 -0.0609387 0.01 60 60 0 0 0
19493 0.647303 -0.00076575 -0.00451881 0.01 89 89 0 0 0
19494 0.613775 -0.00086735 -0.058812 0.01 46 46 0 0 0
19497 0.652332 -0.00075051 -0.00221815 0.01 90 90 0 0 0
19511 0.637981 -0.000793996 -0.00451881 0.01 89 89 0 0 0
19512 0.628075 -0.000824016 -0.058812 0.01 46 46 0 0 0
19522 0.570522 -0.000998418 -0.0236216 0.01 60 60 0 0 0
19528 0.585177 -0.00095401 -0.0690585 0.01 60 60 0 0 0
19535 0.570002 -0.000999994 -0.0417968 0.01 60 60 0 0 0
19543 0.647303 -0.00076575 -0.00451881 0.01 89 89 0 0 0
19551 0.571186 -0.000996407 -0.0419623 0.01 60 60 0 0 0
19558 0.628075 -0.000824016 -0.0530411 0.01 47 48 0 0 0
19562 0.61916 -0.000851029 -0.0631112 0.01 46 46 0 0 0
19574 0.652332 -0.00075051 -0.00221815 0.01 90 90 0 0 0
19577 0.628075 -0.000824016 -0.058812 0.01 46 46 0 0 0
19585 0.570002 -0.000999994 -0.0419623 0.01 60 61 0 0 0
19586 0.652332 -0.00075051 -0.00221815 0.01 90 90 0 0 0
19596 0.628075 -0.000824016 -0.058812 0.01 46 46 0 0 0
19601 0.628075 -0.000824016 -0.058812 0.01 46 46 0 0 0
19604 0.647303 -0.00076575 -0.00451881 0.01 90 89 0 0 0
19613 0.60487 -0.000894332 -0.0679942 0.01 60 59 0 0 0
19615 0.619194 -0.000850927 -0.0744023 0.01 47 48 0 0 0
19619 0.607818 -0.000885399 -0.0719448 0.01 47 47 0 0 0
19639 0.617018 -0.000857521 -0.0631112 0.01 47 46 0 0 0
19646 0.570002 -0.000999994 -0.031175 0.01 60 60 0 0 0
19647 0.61916 -0.000851029 -0.0631112 0.01 46 46 0 0 0
19650 0.628075 -0.000824016 -0.0455585 0.01 47 47 0 0 0
19653 0.628075 -0.000824016 -0.058812 0.01 46 46 0 0 0
19654 0.602835 -0.000900501 -0.0631112 0.01 46 47 0 0 0
19663 0.554023 -0.00104842 -0.0652205 0.01 60 60 0 0 0
19672 0.617018 -0.000857521 -0.0631112 0.01 47 47 0 0 0
19675 0.652332 -0.00075051 -0.00221815 0.01 90 90 0 0 0
19688 0.604834 -0.000894443 -0.0642004 0.01 60 60 0 0 0
19690 0.617018 -0.000857521 -0.0631112 0.01 47 47 0 0 0
19694 0.647303 -0.00076575 -0.00451881 0.01 89 89 0 0 0
19697 0.617018 -0.000857521 -0.0629023 0.01 47 47 0 0 0
19699 0.617018 -0.000857521 -0.0631112 0.01 47 47 0 0 0
19702 0.647303 -0.00076575 -0.00221815 0.01 89 87 0 0 0
19705 0.617018 -0.000857521 -0.0631112 0.01 46 46 0 0 0
19734 0.628075 -0.000824016 -0.058812 0.01 46 46 0 0 0
19745 0.628075 -0.000824016 -0.0631112 0.01 47 47 0 0 0
19747 0.617018 -0.000857521 -0.0631112 0.01 47 47 0 0 0
19750 0.647303 -0.00076575 -0.00451881 0.01 89 89 0 0 0
19757 0.628075 -0.000824016 -0.0631112 0.01 47 47 0 0 0
19761 0.617018 -0.000857521 -0.0631112 0.01 45 46 0 0 0
19775 0.570002 -0.000999994 -0.0419623 0.01 60 60 0 0 0
19779 0.580588 -0.000967916 -0.0871855 0.01 47 48 0 0 0
19783 0.628075 -0.000824016 -0.0631112 0.01 47 47 0 0 0
19815 0.617018 -0.000857521 -0.0587857 0.01 46 46 0 0 0
19822 0.635265 -0.000802228 -0.0631112 0.01 46 47 0 0 0
19834 0.652332 -0.00075051 -0.00221815 0.01 90 90 0 0 0
19835 0.564818 -0.0010157 -0.0394427 0.01 60 60 0 0 0
19839 0.652332 -0.00075051 -0.00221815 0.01 91 90 0 0 0
19842 0.628075 -0.000824016 -0.058812 0.01 46 46 0 0 0
19846 0.652332 -0.00075051 -0.00221815 0.01 90 90 0 0 0
19876 0.610285 -0.000877925 -0.0676709 0.01 60 60 0 0 0
19882 0.574721 -0.000985695 -0.0437631 0.01 60 60 0 0 0
19888 0.555169 -0.00104494 -0.0441382 0.01 60 61 -0.000475109 0 -0.00217589
19909 0.569473 -0.0010016 -0.0419623 0.01 60 60 0 0 0
19913 0.5581 -0.00103606 -0.0419623 0.01 60 59 0 0 0
19921 0.61916 -0.000851029 -0.0631112 0.01 47 47 0 0 0
19923 0.628075 -0.000824016 -0.0530411 0.01 47 48 0 0 0
19927 0.628075 -0.000824016 -0.0631112 0.01 47 47 0 0 0
19934 0.647303 -0.00076575 -0.00451881 0.01 89 89 0 0 0
19942 0.608563 -0.000883142 -0.0778373 0.01 60 60 0 0 0
19948 0.617018 -0.000857521 -0.0631112 0.01 47 47 0 0 0
19953 0.628075 -0.000824016 -0.0631112 0.01 47 47 0 0 0
19963 0.617018 -0.000857521 -0.0631112 0.01 47 46 0 0 0
19970 0.570795 -0.000997591 -0.0419623 0.01 60 61 0 0 0
19973 0.570002 -0.000999994 -0.0419623 0.01 60 60 0 0 0
19978 0.617018 -0.000857521 -0.0631112 0.01 46 46 0 0 0
19990 0.679303 -0.000668779 -0.00221815 0.01 90 90 0 0 0
19993 0.617018 -0.000857521 -0.0631112 0.01 46 46 0 0 0
20017 0.61916 -0.000851029 -0.0631112 0.01 47 47 0 0 0
20028 0.628075 -0.000824016 -0.0631112 0.01 47 47 0 0 0
20035 0.628075 -0.000824016 -0.058812 0.01 47 47 0 0 0
20048 0.624605 -0.000834529 -0.0631112 0.01 47 47 0 0 0
20058 0.652332 -0.00075051 -0.00221815 0.01 90 90 0 0 0
20077 0.617018 -0.000857521 -0.0631112 0.01 46 46 0 0 0
20086 0.60487 -0.000894332 -0.0679942 0.01 60 60 0 0 0
20089 0.617018 -0.000857521 -0.0631112 0.01 47 47 0 0 0
20094 0.563112 -0.00102087 -0.00518591 0.01 60 60 0.00335398 0 0.0216605
20112 0.617018 -0.000857521 -0.0631112 0.01 46 47 0 0 0
20123 0.617018 -0.000857521 -0.0484363 0.01 45 45 0 0 0
20131 0.647303 -0.00076575 -0.0205926 0.01 89 89 0 0 0
20133 0.570002 -0.000999994 -0.0419623 0.01 60 60 0 0 0
20134 0.617018 -0.000857521 -0.0484363 0.01 45 45 0 0 0
20152 0.628075 -0.000824016 -0.0631112 0.01 46 48 0 0 0
20158 0.628075 -0.000824016 -0.0562325 0.01 47 47 0 0 0
20159 0.570002 -0.000999994 -0.0223147 0.01 60 60 0 0 0
20176 0.652332 -0.00075051 -0.00221815 0.01 89 90 0 0 0
20185 0.617018 -0.000857521 -0.0631112 0.01 46 46 0 0 0
20198 0.617018 -0.000857521 -0.0631112 0.01 46 46 0 0 0
20213 0.652332 -0.00075051 -0.00221815 0.01 91 91 0 0 0
20231 0.603619 -0.000898124 -0.0233122 0.01 60 61 0 0 0
20256 0.570002 -0.000999994 -0.0419623 0.01 60 60 0 0 0
20274 0.593922 -0.000927508 -0.0501493 0.01 60 60 0 0 0
20275 0.567481 -0.00100763 -0.0778373 0.01 47 49 0 0 0
20279 0.617018 -0.000857521 -0.0631112 0.01 46 46 0 0 0
20280 0.628075 -0.000824016 -0.0631112 0.01 47 47 0 0 0
20282 0.618691 -0.000852451 -0.0484964 0.01 60 60 0 0 0
20288 0.617018 -0.000857521 -0.0631112 0.01 47 46 0 0 0
20293 0.617018 -0.000857521 -0.0631112 0.01 46 46 0 0 0
20296 0.617018 -0.000857521 -0.0631112 0.01 47 46 0 0 0
20300 0.585177 -0.00095401 -0.0690585 0.01 60 60 0 0 0
20314 0.647303 -0.00076575 -0.0101519 0.01 89 89 0 0 0
20315 0.619194 -0.000850927 -0.0631112 0.01 47 47 0 0 0
20324 0.570002 -0.000999994 -0.0223147 0.01 60 60 0 0 0
20331 0.628075 -0.000824016 -0.0540775 0.01 46 46 0 0 0
20347 0.628075 -0.000824016 -0.0455585 0.01 47 47 0 0 0
20361 0.598039 -0.000915034 -0.0690585 0.01 60 60 0 0 0
20397 0.647303 -0.00076575 -0.00451881 0.01 90 90 0 0 0
20401 0.647303 -0.00076575 -0.0101519 0.01 89 89 0 0 0
20403 0.579917 -0.000969947 -0.0419623 0.01 60 60 0 0 0
20416 0.647303 -0.00076575 -0.00451881 0.01 89 89 0 0 0
20442 0.652332 -0.00075051 -0.00221815 0.01 89 89 0 0 0
20462 0.554023 -0.00104842 -0.0818306 0.01 60 60 0 0 0
20474 0.617018 -0.000857521 -0.0631112 0.01 46 46 0 0 0
20484 0.617018 -0.000857521 -0.0631112 0.01 46 46 0 0 0
20529 0.628075 -0.000824016 -0.058812 0.01 47 47 0 0 0
20542 0.617018 -0.000857521 -0.0631112 0.01 46 46 0 0 0
20543 0.628075 -0.000824016 -0.0455585 0.01 47 47 0 0 0
20558 0.628075 -0.000824016 -0.0629852 0.01 47 47 0 0 0
20574 0.656921 -0.000736602 -0.00451881 0.01 89 89 0 0 0
20583 0.628075 -0.000824016 -0.0530411 0.01 47 47 0 0 0
20597 0.617018 -0.000857521 -0.0631112 0.01 47 46 0 0 0
20598 0.617018 -0.000857521 -0.0631112 0.01 45 46 0 0 0
20612 0.617018 -0.000857521 -0.0631112 0.01 46 46 0 0 0
20621 0.570002 -0.000999994 -0.0419623 0.01 60 60 0 0 0
20631 0.647303 -0.00076575 -0.00451881 0.01 90 89 0 0 0
20643 0.631159 -0.000814669 -0.0530411 0.01 46 46 0 0 0
20653 0.617018 -0.000857521 -0.0631112 0.01 46 46 0 0 0
20655 0.615769 -0.000861306 -0.0631112 0.01 47 47 0 0 0
20673 0.628075 -0.000824016 -0.0631112 0.01 47 48 0 0 0
20675 0.617018 -0.000857521 -0.0631112 0.01 46 46 0 0 0
20676 0.649046 -0.000760467 -0.024664 0.01 60 61 0 0 0
20680 0.617018 -0.000857521 -0.0570735 0.01 46 46 0 0 0
20695 0.628075 -0.000824016 -0.0631112 0.01 47 47 0 0 0
20696 0.559099 -0.00103303 -0.0470793 0.01 60 60 0 0 0
20724 0.647303 -0.00076575 -0.00451881 0.01 90 90 0 0 0
20728 0.617018 -0.000857521 -0.0631112 0.01 47 47 0 0 0
20741 0.570002 -0.000999994 -0.0437631 0.01 60 60 0 0 0
20744 0.628075 -0.000824016 -0.058812 0.01 47 47 0 0 0
20746 0.594626 -0.000925374 -0.0679942 0.01 60 60 0 0 0
20748 0.647303 -0.00076575 -0.00451881 0.01 89 89 0 0 0
20792 0.628075 -0.000824016 -0.0631112 0.01 47 47 0 0 0
20793 0.647303 -0.00076575 -0.00451881 0.01 89 89 0 0 0
20798 0.652332 -0.00075051 -0.00221815 0.01 90 90 0 0 0
20815 0.570002 -0.000999994 -0.0419623 0.01 60 60 0 0 0
20881 0.64942 -0.000759333 -0.00451881 0.01 89 89 -0.0018391 0.00211746 0
20883 0.652332 -0.00075051 -0.00221815 0.01 89 89 0 0 0
20885 0.656921 -0.000736602 -0.00451881 0.01 89 89 0 0 0
20889 0.561192 -0.00102669 -0.0419623 0.01 60 60 0 0 0
20898 0.617018 -0.000857521 -0.0631112 0.01 46 46 0 0 0
20900 0.564818 -0.0010157 -0.0370122 0.01 60 60 0 0 0
20905 0.617018 -0.000857521 -0.0631112 0.01 47 46 0 0 0
20922 0.617018 -0.000857521 -0.0631112 0.01 47 48 0 0 0
20927 0.617018 -0.000857521 -0.0631112 0.01 46 46 0 0 0
20931 0.652332 -0.00075051 -0.00221815 0.01 90 90 0 0 0
20941 0.617018 -0.000857521 -0.0631112 0.01 47 47 0 0 0
20950 0.647303 -0.00076575 -0.00451881 0.01 89 89 0 0 0
20951 0.617018 -0.000857521 -0.0631112 0.01 46 46 0 0 0
20962 0.617018 -0.000857521 -0.0631112 0.01 46 46 0 0 0
20989 0.570002 -0.000999994 -0.0564484 0.01 60 60 0 0 0
21023 0.590843 -0.000936839 -0.0270158 0.01 60 60 0 0 0
21025 0.617018 -0.000857521 -0.0631112 0.01 47 46 0 0 0
21030 0.617018 -0.000857521 -0.0631112 0.01 46 46 0 0 0
21062 0.628075 -0.000824016 -0.0631112 0.01 47 47 0 0 0
21073 0.629485 -0.000819742 -0.0631112 0.01 47 47 -0.000681892 0.00141037 0
21095 0.567481 -0.00100763 -0.08697 0.01 47 48 0 0 0
21110 0.564818 -0.0010157 -0.0394427 0.01 60 60 0 0 0
21115 0.652332 -0.00075051 -0.00221815 0.01 91 91 0 0 0
21117 0.579917 -0.000969947 -0.0554484 0.01 60 60 0 0 0
21129 0.570002 -0.000999994 -0.0299605 0.01 60 60 0 0 0
21137 0.617018 -0.000857521 -0.0631112 0.01 47 47 0 0 0
21150 0.628075 -0.000824016 -0.058812 0.01 46 46 0 0 0
21160 0.647303 -0.00076575 -0.00451881 0.01 89 89 0 0 0
21171 0.628075 -0.000824016 -0.0631112 0.01 47 47 0 0 0
21225 0.617018 -0.000857521 -0.0484363 0.01 45 45 0 0 0
21229 0.628075 -0.000824016 -0.058812 0.01 46 46 0 0 0
21250 0.647303 -0.00076575 -0.00451881 0.01 89 89 0 0 0
21257 0.652332 -0.00075051 -0.00221815 0.01 89 89 0 0 0
21262 0.619194 -0.000850927 -0.0631112 0.01 60 60 0 0 0
21269 0.617018 -0.000857521 -0.0631112 0.01 47 47 0 0 0
21270 0.628075 -0.000824016 -0.0620712 0.01 47 47 0 0 0
21271 0.647303 -0.00076575 -0.00451881 0.01 89 89 0 0 0
21273 0.632529 -0.000810518 -0.00451881 0.01 89 88 0 0 0
21280 0.628075 -0.000824016 -0.0631112 0.01 47 47 0 0 0
21291 0.628075 -0.000824016 -0.0631112 0.01 47 47 0 0 0
21297 0.647303 -0.00076575 -0.0101519 0.01 89 89 0 0 0
21299 0.628075 -0.000824016 -0.0523334 0.01 47 47 0 0 0
21316 0.647303 -0.00076575 -0.00451881 0.01 89 89 0 0 0
21319 0.617018 -0.000857521 -0.0570735 0.01 45 46 0 0 0
21323 0.554023 -0.00104842 -0.0564484 0.01 60 60 0 0 0
21324 0.570002 -0.000999994 -0.0578614 0.01 60 60 0 0 0
21335 0.630927 -0.000815372 -0.0649858 0.01 47 47 0 0 0
21347 0.617018 -0.000857521 -0.0631112 0.01 46 46 0 0 0
21360 0.617018 -0.000857521 -0.0484363 0.01 45 45 0 0 0
21370 0.652332 -0.00075051 -0.00221815 0.01 90 90 0 0 0
21379 0.551255 -0.0010568 -0.0418256 0.01 60 60 0 0 0
21382 0.647303 -0.00076575 -0.00451881 0.01 89 89 0 0 0
21389 0.61558 -0.000861879 -0.0631112 0.01 47 47 0 0 0
21392 0.647303 -0.00076575 -0.0101519 0.01 90 90 0 0 0
21401 0.617018 -0.000857521 -0.0699324 0.01 47 47 0 0 0
21413 0.619194 -0.000850927 -0.0631112 0.01 46 46 0 0 0
21418 0.628075 -0.000824016 -0.058812 0.01 46 47 0 0 0
21420 0.652332 -0.00075051 -0.00221815 0.01 90 90 0 0 0
21429 0.617018 -0.000857521 -0.0631112 0.01 47 47 0 0 0
21463 0.629485 -0.000819742 -0.0631112 0.01 47 47 0 0 0
21466 0.617018 -0.000857521 -0.0631112 0.01 46 46 0 0 0
21477 0.628075 -0.000824016 -0.0455585 0.01 46 46 0 0 0
21499 0.617018 -0.000857521 -0.0631112 0.01 46 46 0 0 0
21516 0.628075 -0.000824016 -0.0530411 0.01 47 48 0 0 0
21519 0.562436 -0.00102292 -0.0419623 0.01 60 60 0 0 0
21525 0.647303 -0.00076575 -0.016715 0.01 89 89 0 0 0
21527 0.617018 -0.000857521 -0.0484363 0.01 45 45 0 0 0
21530 0.652332 -0.00075051 -0.00221815 0.01 90 90 0 0 0
21536 0.585177 -0.00095401 -0.0690585 0.01 60 60 0 0 0
21539 0.656921 -0.000736602 -0.00451881 0.01 89 89 0 0 0
21554 0.570002 -0.000999994 -0.0280874 0.01 60 60 0 0 0
21558 0.617018 -0.000857521 -0.0631112 0.01 46 46 0 0 0
21566 0.570002 -0.000999994 -0.0419623 0.01 60 60 0 0 0
21575 0.652332 -0.00075051 -0.00221815 0.01 90 90 0 0 0
21578 0.617018 -0.000857521 -0.0631112 0.01 45 46 0 0 0
21590 0.628075 -0.000824016 -0.0455585 0.01 47 47 0 0 0
21591 0.647303 -0.00076575 -0.00451881 0.01 89 89 0 0 0
21598 0.652332 -0.00075051 -0.00221815 0.01 91 91 0 0 0
21600 0.617018 -0.000857521 -0.0631112 0.01 46 46 0 0 0
21603 0.570002 -0.000999994 -0.0564484 0.01 60 60 0 0 0
21609 0.555169 -0.00104494 -0.0419623 0.01 60 60 0 0 0
21619 0.637981 -0.000793996 -0.00451881 0.01 89 89 0 0 0
21630 0.617018 -0.000857521 -0.0631112 0.01 46 46 0 0 0
21636 0.647303 -0.00076575 -0.00451881 0.01 89 89 0 0 0
21637 0.617018 -0.000857521 -0.0631112 0.01 46 46 0 0 0
21648 0.617018 -0.000857521 -0.0587365 0.01 47 47 0 0 0
21658 0.561192 -0.00102669 -0.0419623 0.01 60 61 0 0 0
21662 0.628075 -0.000824016 -0.0620712 0.01 47 47 0 0 0
21668 0.617018 -0.000857521 -0.0631112 0.01 46 46 0 0 0
21676 0.570002 -0.000999994 -0.0419623 0.01 60 60 0 0 0
21683 0.652332 -0.00075051 -0.00221815 0.01 89 89 0 0 0
21686 0.570002 -0.000999994 -0.0564484 0.01 60 60 0 0 0
21690 0.628075 -0.000824016 -0.0631112 0.01 47 47 0 0 0
21711 0.617018 -0.000857521 -0.0631112 0.01 46 46 0 0 0
21713 0.570522 -0.000998418 -0.0178614 0.01 60 60 0 0 0
21716 0.628075 -0.000824016 -0.0530411 0.01 47 48 0 0 0
21723 0.580955 -0.000966802 -0.0583603 0.01 60 60 0 0 0
21736 0.563112 -0.00102087 -0.0268464 0.01 60 60 0 0 0
21740 0.617018 -0.000857521 -0.0631112 0.01 46 46 0 0 0
21749 0.647303 -0.00076575 -0.0202989 0.01 89 89 -0.0960523 0 -0.010147
21775 0.561063 -0.00102708 -0.0813366 0.01 47 47 0 0 0
21776 0.61558 -0.000861879 -0.0631112 0.01 47 47 0 0 0
21780 0.654902 -0.000742722 -0.0232952 0.01 60 59 0 0 0
21796 0.652332 -0.00075051 -0.00221815 0.01 90 90 0 0 0
21815 0.617018 -0.000857521 -0.0631112 0.01 47 47 0 0 0
21821 0.634082 -0.000805812 -0.058812 0.01 46 46 0 0 0
21835 0.647303 -0.00076575 -0.00451881 0.01 89 89 0 0 0
21860 0.561192 -0.00102669 -0.0442646 0.01 60 60 0 0 0
21865 0.647303 -0.00076575 -0.00451881 0.01 89 89 0 0 0
21869 0.617018 -0.000857521 -0.0631112 0.01 46 46 0 0 0
21877 0.647303 -0.00076575 -0.00451881 0.01 89 89 0 0 0
21878 0.628075 -0.000824016 -0.0455585 0.01 47 47 0 0 0
21882 0.647303 -0.00076575 -0.00451881 0.01 89 89 0 0 0
21883 0.592996 -0.000930316 -0.0778373 0.01 47 47 0 0 0
21884 0.647303 -0.00076575 -0.00451881 0.01 89 89 0 0 0
21890 0.628075 -0.000824016 -0.0631112 0.01 47 47 0 0 0
21910 0.652332 -0.00075051 -0.00221815 0.01 90 90 0 0 0
21916 0.647303 -0.00076575 -0.00451881 0.01 89 89 0 0 0
21942 0.652332 -0.00075051 -0.00221815 0.01 89 89 0 0 0
21985 0.647303 -0.00076575 -0.00451881 0.01 89 89 0 0 0
21990 0.652332 -0.00075051 -0.00221815 0.01 89 89 0 0 0
21991 0.617018 -0.000857521 -0.0631112 0.01 46 46 0 0 0
22002 0.570002 -0.000999994 -0.0564484 0.01 60 60 0 0 0
22009 0.617018 -0.000857521 -0.0631112 0.01 47 46 0 0 0
22034 0.628075 -0.000824016 -0.0631112 0.01 47 47 0 0 0
22042 0.570002 -0.000999994 -0.0419623 0.01 60 61 0 0 0
22062 0.628075 -0.000824016 -0.0631112 0.01 47 47 0 0 0
22063 0.560475 -0.00102886 -0.0419623 0.01 60 60 0 0 0
22079 0.554023 -0.00104842 -0.0652205 0.01 60 60 0 0 0
22095 0.628075 -0.000824016 -0.0631112 0.01 46 47 0 0 0
22114 0.652332 -0.00075051 -0.00221815 0.01 91 91 0 0 0
22135 0.617018 -0.000857521 -0.0631112 0.01 46 46 0 0 0
22137 0.628075 -0.000824016 -0.0631112 0.01 47 47 0 0 0
22143 0.628075 -0.000824016 -0.0631112 0.01 47 47 0 0 0
22171 0.617018 -0.000857521 -0.0587857 0.01 47 47 0 0 0
22185 0.647303 -0.00076575 -0.00385545 0.01 89 89 0 0 0
22222 0.647303 -0.00076575 -0.0101519 0.01 90 90 0 0 0
22235 0.628075 -0.000824016 -0.058812 0.01 47 46 0 0 0
22240 0.617018 -0.000857521 -0.0631112 0.01 46 46 0 0 0
22247 0.631036 -0.000815044 -0.0424947 0.01 47 47 -0.00145108 0.00296062 0
22275 0.617018 -0.000857521 -0.0631112 0.01 46 46 0 0 0
22303 0.617018 -0.000857521 -0.0631112 0.01 45 46 0 0 0
22315 0.637981 -0.000793996 -0.00451881 0.01 89 89 0 0 0
22324 0.617018 -0.000857521 -0.0631112 0.01 47 47 0 0 0
22327 0.647303 -0.00076575 -0.0101519 0.01 90 90 0 0 0
22329 0.570002 -0.000999994 -0.0280874 0.01 60 60 0 0 0
22350 0.570002 -0.000999994 -0.0333595 0.01 60 60 0 0 0
22358 0.607818 -0.000885399 -0.0631112 0.01 47 47 0 0 0
22366 0.617018 -0.000857521 -0.0631112 0.01 46 46 0 0 0
22377 0.570002 -0.000999994 -0.0437631 0.01 60 60 0 0 0
22382 0.617018 -0.000857521 -0.0631112 0.01 46 46 0 0 0
22399 0.652332 -0.00075051 -0.00221815 0.01 90 90 0 0 0
22412 0.575735 -0.000982622 -0.0564484 0.01 60 60 0 0 0
22416 0.652332 -0.00075051 -0.00221815 0.01 90 90 0 0 0
22418 0.617018 -0.000857521 -0.0631112 0.01 46 46 0 0 0
22450 0.570522 -0.000998418 -0.0236216 0.01 60 60 0 0 0
22463 0.597573 -0.000916444 -0.0631112 0.01 47 47 0 0 0
22481 0.628075 -0.000824016 -0.0631112 0.01 47 47 0 0 0
22508 0.61916 -0.000851029 -0.0631112 0.01 47 47 0 0 0
22512 0.61916 -0.000851029 -0.063272 0.01 46 46 0 0 0
22513 0.617018 -0.000857521 -0.0631112 0.01 46 46 0 0 0
22532 0.652332 -0.00075051 -0.00221815 0.01 91 90 0 0 0
22545 0.617018 -0.000857521 -0.0631112 0.01 46 46 0 0 0
22563 0.628075 -0.000824016 -0.0631112 0.01 47 47 0 0 0
22566 0.628075 -0.000824016 -0.0455585 0.01 46 46 0 0 0
22570 0.628075 -0.000824016 -0.0631112 0.01 47 47 0 0 0
22571 0.652332 -0.00075051 -0.00221815 0.01 91 91 0 0 0
22583 0.617018 -0.000857521 -0.0631112 0.01 46 46 0 0 0
22596 0.583484 -0.000959139 -0.0275247 0.01 60 60 0 0 0
22600 0.570002 -0.000999994 -0.0280874 0.01 60 60 0 0 0
22615 0.647303 -0.00076575 -0.0101519 0.01 90 90 0 0 0
22629 0.647303 -0.00076575 -0.00385545 0.01 89 89 0 0 0
22632 0.617018 -0.000857521 -0.0631112 0.01 47 47 0 0 0
22637 0.607818 -0.000885399 -0.0719448 0.01 47 47 0 0 0
22643 0.652332 -0.00075051 -0.00221815 0.01 89 89 0 0 0
22654 0.647303 -0.00076575 -0.00451881 0.01 89 89 0 0 0
22655 0.603966 -0.000897071 -0.0772907 0.01 60 60 0 0 0
22665 0.652332 -0.00075051 -0.00221815 0.01 89 89 0 0 0
22688 0.649181 -0.000760058 -0.0768667 0.01 60 60 0 0 0
22689 0.630927 -0.000815372 -0.0649858 0.01 47 47 0 0 0
22691 0.652332 -0.00075051 -0.00221815 0.01 89 89 0 0 0
22696 0.628075 -0.000824016 -0.0530411 0.01 47 47 0 0 0
22707 0.628075 -0.000824016 -0.0493556 0.01 47 47 0 0 0
22709 0.628075 -0.000824016 -0.058812 0.01 46 46 0 0 0
22719 0.634082 -0.000805812 -0.058812 0.01 46 46 0 0 0
22733 0.617018 -0.000857521 -0.0631112 0.01 46 46 0 0 0
22734 0.647303 -0.00076575 -0.00451881 0.01 89 89 0 0 0
22741 0.617018 -0.000857521 -0.0631112 0.01 46 46 0 0 0
22748 0.628075 -0.000824016 -0.0631112 0.01 47 47 0 0 0
22750 0.628075 -0.000824016 -0.0631112 0.01 47 47 0 0 0
22757 0.628075 -0.000824016 -0.0530411 0.01 47 47 0 0 0
22801 0.617018 -0.000857521 -0.0631112 0.01 47 46 0 0 0
22813 0.617018 -0.000857521 -0.0544144 0.01 45 45 -0.000916213 0 -0.00597811
22816 0.617018 -0.000857521 -0.0631112 0.01 47 46 0 0 0
22823 0.617018 -0.000857521 -0.0631112 0.01 46 46 0 0 0
22824 0.585883 -0.00095187 -0.0586546 0.01 60 60 0 0 0
22826 0.617018 -0.000857521 -0.0631112 0.01 47 46 0 0 0
22831 0.564818 -0.0010157 -0.0394427 0.01 60 60 0 0 0
22839 0.647303 -0.00076575 -0.00451881 0.01 89 89 0 0 0
22851 0.583484 -0.000959139 -0.0705266 0.01 60 60 0 0 0
22852 0.647303 -0.00076575 -0.00451881 0.01 89 89 0 0 0
22854 0.628075 -0.000824016 -0.0631112 0.01 47 47 0 0 0
22860 0.652332 -0.00075051 -0.00221815 0.01 89 89 0 0 0
22875 0.617018 -0.000857521 -0.0570735 0.01 45 46 0 0 0
22876 0.649181 -0.000760058 -0.0768667 0.01 60 60 0 0 0
22877 0.628075 -0.000824016 -0.0620712 0.01 47 47 0 0 0
22880 0.647303 -0.00076575 -0.00451881 0.01 89 89 0 0 0
22885 0.63539 -0.00080185 -0.0631112 0.01 47 47 0 0 0
22888 0.561192 -0.00102669 -0.0419623 0.01 60 60 0 0 0
22893 0.652332 -0.00075051 -0.00221815 0.01 89 89 0 0 0
22905 0.647303 -0.00076575 -0.00451881 0.01 90 90 0 0 0
22921 0.554023 -0.00104842 -0.0564484 0.01 60 60 0 0 0
22922 0.628075 -0.000824016 -0.0455585 0.01 47 47 0 0 0
22928 0.603966 -0.000897071 -0.0772907 0.01 60 60 0 0 0
22969 0.617018 -0.000857521 -0.0631112 0.01 46 46 0 0 0
22979 0.628075 -0.000824016 -0.0540775 0.01 46 46 0 0 0
22996 0.607818 -0.000885399 -0.0719448 0.01 47 47 0 0 0
23015 0.652332 -0.00075051 -0.00221815 0.01 90 90 0 0 0
23019 0.628075 -0.000824016 -0.0394348 0.01 47 47 0 0 0
23025 0.617018 -0.000857521 -0.0484363 0.01 45 45 0 0 0
23032 0.548573 -0.00106493 -0.0419623 0.01 60 60 0 0 0
23040 0.647303 -0.00076575 -0.00451881 0.01 90 90 0 0 0
23048 0.652332 -0.00075051 -0.00221815 0.01 91 91 0 0 0
23060 0.607818 -0.000885399 -0.0719448 0.01 47 47 0 0 0
23065 0.647303 -0.00076575 -0.00451881 0.01 89 89 0 0 0
23067 0.617018 -0.000857521 -0.0570735 0.01 46 46 0 0 0
23090 0.652332 -0.00075051 -0.00221815 0.01 90 90 0 0 0
23110 0.61916 -0.000851029 -0.0631112 0.01 47 47 0 0 0
23125 0.567481 -0.00100763 -0.0778373 0.01 47 47 0 0 0
23128 0.570522 -0.000998418 -0.0236216 0.01 60 60 0 0 0
23132 0.616911 -0.000857846 -0.0815232 0.01 60 60 0 0 0
23135 0.617018 -0.000857521 -0.0699324 0.01 47 47 0 0 0
23136 0.647303 -0.00076575 -0.00451881 0.01 89 89 0 0 0
23146 0.652332 -0.00075051 -0.00221815 0.01 89 89 0 0 0
23159 0.647303 -0.00076575 -0.00451881 0.01 89 89 0 0 0
23160 0.652129 -0.000751123 -0.00451881 0.01 90 90 -0.0041526 0.00482672 0
23164 0.628075 -0.000824016 -0.0455585 0.01 47 47 0 0 0
23192 0.575954 -0.000981957 -0.032811 0.01 60 60 0 0 0
23206 0.628075 -0.000824016 -0.0631112 0.01 47 47 0 0 0
23240 0.60487 -0.000894332 -0.0679942 0.01 60 60 0 0 0
23249 0.652332 -0.00075051 -0.00221815 0.01 91 91 0 0 0
23259 0.617018 -0.000857521 -0.0631112 0.01 47 47 0 0 0
23274 0.628075 -0.000824016 -0.058812 0.01 46 46 0 0 0
23288 0.617018 -0.000857521 -0.0631112 0.01 46 46 0 0 0
23296 0.647303 -0.00076575 -0.016715 0.01 89 89 0 0 0
