max_pf 86 min_pf 45
individual DHm DSm DCp disp_rate patch_no b_patch_no mut_eff DDHm DDCp
14 0.550756 -0.00105832 -0.0258714 0.01 60 60 0 0 0
35 0.640105 -0.00078756 -0.0541699 0.01 45 46 0 0 0
51 0.557264 -0.00103859 -0.0380547 0.01 60 60 0 0 0
53 0.562535 -0.00102262 -0.0408774 0.01 60 60 0 0 0
57 0.608832 -0.000882326 -0.0740039 0.01 47 47 0 0 0
65 0.570091 -0.000999724 -0.0200981 0.01 60 60 0 0 0
79 0.570091 -0.000999724 -0.0173993 0.01 60 59 0 0 0
81 0.584481 -0.000956117 -0.0456945 0.01 60 60 0 0 0
82 0.608832 -0.000882326 -0.0740039 0.01 47 47 0 0 0
105 0.547445 -0.00106835 -0.0469969 0.01 60 60 0 0 0
107 0.609655 -0.000879832 -0.0613895 0.01 60 60 0 0 0
119 0.561013 -0.00102723 -0.00802935 0.01 60 60 0 0 0
129 0.563873 -0.00101857 -0.0723111 0.01 60 60 0 0 0
139 0.542961 -0.00108194 -0.0126599 0.01 60 60 0 0 0
140 0.589859 -0.000939821 -0.0335683 0.01 85 85 0 0 0
152 0.589859 -0.000939821 -0.0235622 0.01 85 85 0 0 0
154 0.589859 -0.000939821 -0.0335683 0.01 84 84 0 0 0
163 0.640105 -0.00078756 -0.0541699 0.01 46 46 0 0 0
164 0.595276 -0.000923406 -0.0739455 0.01 60 59 0 0 0
166 0.517134 -0.0011602 -0.0380547 0.01 60 60 0.0168453 -0.0179176 0
169 0.589859 -0.000939821 -0.0335683 0.01 84 84 0 0 0
173 0.550756 -0.00105832 -0.0258714 0.01 60 60 0 0 0
176 0.589859 -0.000939821 -0.0267727 0.01 85 85 0 0 0
183 0.539737 -0.00109171 -0.0272353 0.01 60 60 0 0 0
204 0.576054 -0.000981656 -0.0141935 0.01 84 84 0 0 0
222 0.589859 -0.000939821 -0.0267727 0.01 86 86 0 0 0
223 0.613343 -0.000868659 -0.0740039 0.01 47 47 0 0 0
252 0.589859 -0.000939821 -0.0267727 0.01 85 85 0 0 0
259 0.589859 -0.000939821 -0.0267727 0.01 85 85 0 0 0
266 0.550142 -0.00106018 -0.0380547 0.01 60 60 0 0 0
269 0.637286 -0.000796104 -0.0541699 0.01 46 46 0 0 0
275 0.640105 -0.00078756 -0.0361703 0.01 46 46 0 0 0
281 0.637286 -0.000796104 -0.0541699 0.01 47 47 0 0 0
288 0.58703 -0.000948394 -0.0740039 0.01 47 47 0.0118217 -0.0218024 0
297 0.573387 -0.000989737 -0.0380547 0.01 60 59 0 0 0
315 0.589859 -0.000939821 -0.0267727 0.01 84 85 0 0 0
323 0.589859 -0.000939821 -0.0335683 0.01 85 84 0 0 0
335 0.637286 -0.000796104 -0.0469969 0.01 47 47 0 0 0
348 0.589859 -0.000939821 -0.0335683 0.01 84 84 0 0 0
359 0.613343 -0.000868659 -0.0740039 0.01 47 47 0 0 0
364 0.589859 -0.000939821 -0.0335683 0.01 84 84 0 0 0
366 0.562761 -0.00102194 -0.0661872 0.01 60 60 0 0 0
375 0.589859 -0.000939821 -0.0267727 0.01 84 84 0 0 0
421 0.640105 -0.00078756 -0.0541699 0.01 46 46 0 0 0
426 0.576054 -0.000981656 -0.0141935 0.01 85 84 0 0 0
452 0.637286 -0.000796104 -0.0469969 0.01 45 45 0 0 0
457 0.58851 -0.000943909 -0.0174259 0.01 60 60 0 0 0
458 0.589859 -0.000939821 -0.0267727 0.01 85 85 0 0 0
472 0.570452 -0.000998632 -0.0380547 0.01 60 60 0 0 0
481 0.613343 -0.000868659 -0.0740039 0.01 47 47 0 0 0
500 0.553985 -0.00104853 -0.0380547 0.01 60 60 0 0 0
511 0.589859 -0.000939821 -0.0267727 0.01 85 85 0 0 0
525 0.589859 -0.000939821 -0.0335683 0.01 84 83 0 0 0
551 0.589859 -0.000939821 -0.0335683 0.01 86 86 0 0 0
591 0.54872 -0.00106448 -0.0278021 0.01 60 60 0 0 0
617 0.637286 -0.000796104 -0.0469969 0.01 47 47 0 0 0
625 0.55619 -0.00104185 -0.0639765 0.01 60 60 0 0 0
633 0.540873 -0.00108826 -0.0600137 0.01 60 60 0 0 0
639 0.570091 -0.000999724 -0.0200981 0.01 60 58 0 0 0
642 0.613343 -0.000868659 -0.0740039 0.01 47 47 0 0 0
658 0.640105 -0.00078756 -0.0570841 0.01 46 46 0 0 0
660 0.637286 -0.000796104 -0.0496603 0.01 47 47 0 0 0
670 0.572252 -0.000993175 -0.0535642 0.01 60 60 0 0 0
684 0.55603 -0.00104233 -0.0523685 0.01 60 59 0 0 0
698 0.589859 -0.000939821 -0.0361862 0.01 84 84 0 0 0
730 0.613343 -0.000868659 -0.0740039 0.01 47 47 0 0 0
757 0.640105 -0.00078756 -0.0541699 0.01 46 46 0 0 0
760 0.589859 -0.000939821 -0.0335683 0.01 84 84 0 0 0
782 0.543894 -0.00107911 -0.0253302 0.01 60 60 0 0 0
798 0.589859 -0.000939821 -0.0267727 0.01 85 85 0 0 0
808 0.589859 -0.000939821 -0.0335683 0.01 84 84 0 0 0
828 0.637286 -0.000796104 -0.0541699 0.01 46 46 0 0 0
831 0.540873 -0.00108826 -0.0600137 0.01 60 60 0 0 0
840 0.585936 -0.00095171 -0.0335683 0.01 85 85 0 0 0
846 0.560923 -0.00102751 -0.0474005 0.01 60 60 0 0 0
850 0.637286 -0.000796104 -0.0541699 0.01 47 47 0 0 0
879 0.611082 -0.00087551 -0.0335683 0.01 85 85 -0.0132741 0.0212226 0
886 0.570091 -0.000999724 -0.016852 0.01 60 60 0 0 0
898 0.637286 -0.000796104 -0.0469969 0.01 47 47 0 0 0
912 0.589859 -0.000939821 -0.0298832 0.01 85 85 0 0 0
915 0.589859 -0.000939821 -0.0335683 0.01 84 84 0 0 0
917 0.589859 -0.000939821 -0.0267727 0.01 84 84 0 0 0
924 0.589859 -0.000939821 -0.0267727 0.01 85 85 0 0 0
926 0.637286 -0.000796104 -0.0541699 0.01 46 46 0 0 0
929 0.589859 -0.000939821 -0.028797 0.01 84 84 0 0 0
931 0.563873 -0.00101857 -0.00802935 0.01 60 60 0 0 0
937 0.640105 -0.00078756 -0.0541699 0.01 46 46 0 0 0
945 0.563873 -0.00101857 -0.0380547 0.01 60 60 0 0 0
951 0.608832 -0.000882326 -0.0740039 0.01 47 47 0 0 0
971 0.637286 -0.000796104 -0.0540937 0.01 46 47 0 0 0
979 0.588506 -0.000943923 -0.0802063 0.01 60 60 0 0 0
988 0.589859 -0.000939821 -0.0335683 0.01 85 84 0 0 0
1004 0.640105 -0.00078756 -0.0541699 0.01 46 46 0 0 0
1023 0.550756 -0.00105832 -0.0258714 0.01 60 59 0 0 0
1032 0.60527 -0.000893121 -0.0141935 0.01 84 84 0 0 0
1043 0.613343 -0.000868659 -0.0740039 0.01 47 47 0 0 0
1052 0.576554 -0.000980139 -0.0739455 0.01 60 60 0 0 0
1066 0.608832 -0.000882326 -0.0740039 0.01 47 47 0 0 0
1067 0.613343 -0.000868659 -0.0740039 0.01 47 48 0 0 0
1104 0.589859 -0.000939821 -0.0335683 0.01 84 84 0 0 0
1105 0.589859 -0.000939821 -0.0335683 0.01 84 84 0 0 0
1127 0.608832 -0.000882326 -0.0740039 0.01 47 47 0 0 0
1131 0.58929 -0.000941545 -0.0655672 0.01 46 46 0 0 0
1132 0.536958 -0.00110013 -0.0380547 0.01 60 61 0 0 0
1134 0.58929 -0.000941545 -0.0655672 0.01 47 47 0 0 0
1142 0.572252 -0.000993175 -0.0382557 0.01 60 60 0 0 0
1157 0.613343 -0.000868659 -0.0740039 0.01 47 47 0 0 0
1166 0.575673 -0.000982809 -0.0335683 0.01 84 84 0 0 0
1183 0.589859 -0.000939821 -0.0335683 0.01 85 85 0 0 0
1186 0.637286 -0.000796104 -0.0469969 0.01 46 46 0 0 0
1223 0.555291 -0.00104457 -0.0226585 0.01 60 60 0 0 0
1227 0.637286 -0.000796104 -0.0442983 0.01 46 46 0.000319794 0 0.0026986
1257 0.589859 -0.000939821 -0.028797 0.01 84 84 0 0 0
1258 0.589859 -0.000939821 -0.0267727 0.01 86 85 0 0 0
1279 0.589859 -0.000939821 -0.0335683 0.01 86 86 0 0 0
1284 0.640105 -0.00078756 -0.0541699 0.01 47 46 0 0 0
1294 0.530146 -0.00112077 -0.0188672 0.01 60 60 0 0 0
1296 0.637286 -0.000796104 -0.0541699 0.01 46 46 0 0 0
1303 0.589859 -0.000939821 -0.0335683 0.01 84 84 0 0 0
1316 0.570091 -0.000999724 -0.016852 0.01 60 61 0 0 0
1322 0.640105 -0.00078756 -0.0541699 0.01 46 46 0 0 0
1326 0.589859 -0.000939821 -0.0235622 0.01 85 85 0 0 0
1335 0.612454 -0.000871352 -0.0517475 0.01 60 59 0 0 0
1337 0.589859 -0.000939821 -0.0267727 0.01 84 84 0 0 0
1348 0.589859 -0.000939821 -0.0335683 0.01 86 86 0 0 0
1349 0.613343 -0.000868659 -0.0740039 0.01 47 47 0 0 0
1362 0.589859 -0.000939821 -0.0335683 0.01 84 84 0 0 0
1378 0.589859 -0.000939821 -0.0267727 0.01 85 85 0 0 0
1397 0.589859 -0.000939821 -0.0335683 0.01 84 84 0 0 0
1432 0.540873 -0.00108826 -0.0600137 0.01 60 60 0 0 0
1435 0.569637 -0.0010011 -0.030826 0.01 60 60 0 0 0
1444 0.573865 -0.000988287 -0.0443058 0.01 60 60 0 0 0
1450 0.553985 -0.00104853 -0.0404973 0.01 60 60 0 0 0
1452 0.589859 -0.000939821 -0.0335683 0.01 84 84 0 0 0
1464 0.640105 -0.00078756 -0.0541699 0.01 46 46 0 0 0
1477 0.613343 -0.000868659 -0.0740039 0.01 47 47 0 0 0
1499 0.608832 -0.000882326 -0.0740039 0.01 47 47 0 0 0
1501 0.613343 -0.000868659 -0.0740039 0.01 47 47 0 0 0
1514 0.608832 -0.000882326 -0.0730402 0.01 46 47 0 0 0
1531 0.576431 -0.000980513 -0.0901126 0.01 60 60 0 0 0
1538 0.589859 -0.000939821 -0.0335683 0.01 84 84 0 0 0
1545 0.609655 -0.000879832 -0.0802063 0.01 60 60 0 0 0
1550 0.589859 -0.000939821 -0.0267727 0.01 85 85 0 0 0
1565 0.575673 -0.000982809 -0.0335683 0.01 84 84 0 0 0
1567 0.575673 -0.000982809 -0.0335683 0.01 84 84 0 0 0
1577 0.557264 -0.00103859 -0.0380547 0.01 60 60 0 0 0
1612 0.589859 -0.000939821 -0.0388499 0.01 84 84 0 0 0
1617 0.613343 -0.000868659 -0.0740039 0.01 47 47 0 0 0
1626 0.613343 -0.000868659 -0.0740039 0.01 47 47 0 0 0
1633 0.525354 -0.00113529 -0.0739455 0.01 60 60 0 0 0
1636 0.550038 -0.00106049 -0.0424274 0.01 60 60 -0.00273043 0 -0.0170972
1648 0.608832 -0.000882326 -0.0740039 0.01 47 47 0 0 0
1658 0.535051 -0.00110591 -0.0380547 0.01 60 60 0 0 0
1661 0.560923 -0.00102751 -0.0523992 0.01 60 61 0 0 0
1684 0.589859 -0.000939821 -0.0335683 0.01 84 84 0 0 0
1718 0.589859 -0.000939821 -0.0267727 0.01 84 85 0 0 0
1730 0.550756 -0.00105832 -0.0258714 0.01 60 60 0 0 0
1731 0.589859 -0.000939821 -0.0335683 0.01 84 84 0 0 0
1733 0.547511 -0.00106815 -0.0304908 0.01 60 61 0 0 0
1740 0.608832 -0.000882326 -0.0740039 0.01 47 47 0 0 0
1758 0.589859 -0.000939821 -0.0141935 0.01 84 84 0 0 0
1778 0.572252 -0.000993175 -0.0382557 0.01 60 60 0 0 0
1785 0.610596 -0.00087698 -0.0740039 0.01 47 47 0 0 0
1790 0.589859 -0.000939821 -0.0335683 0.01 85 84 0 0 0
1804 0.608832 -0.000882326 -0.0740039 0.01 47 47 0 0 0
1841 0.58004 -0.000969575 -0.0112059 0.01 84 84 0 0 0
1851 0.589859 -0.000939821 -0.0335683 0.01 84 84 0 0 0
1855 0.570091 -0.000999724 -0.0254468 0.01 60 60 0 0 0
1920 0.588506 -0.000943923 -0.0802063 0.01 60 60 0 0 0
1927 0.637286 -0.000796104 -0.0469969 0.01 46 46 0 0 0
1933 0.535051 -0.00110591 -0.0380547 0.01 60 60 0 0 0
1938 0.612505 -0.000871196 -0.0463135 0.01 60 60 0 0 0
1950 0.638179 -0.000793398 -0.0740039 0.01 47 48 0 0 0
1968 0.570091 -0.000999724 -0.0275549 0.01 60 60 0 0 0
2003 0.640105 -0.00078756 -0.0541699 0.01 46 46 0 0 0
2008 0.637286 -0.000796104 -0.0469969 0.01 45 45 0 0 0
2016 0.589859 -0.000939821 -0.0267727 0.01 85 85 0 0 0
2043 0.571338 -0.000995946 -0.0111412 0.01 60 60 0 0 0
2066 0.589859 -0.000939821 -0.0335683 0.01 84 83 0 0 0
2069 0.637286 -0.000796104 -0.0469969 0.01 46 46 0 0 0
2079 0.640105 -0.00078756 -0.0541699 0.01 46 46 0 0 0
2085 0.637286 -0.000796104 -0.0541699 0.01 47 48 0 0 0
2096 0.613343 -0.000868659 -0.0740039 0.01 46 47 0 0 0
2101 0.58958 -0.000940665 -0.0739455 0.01 60 60 0 0 0
2107 0.589859 -0.000939821 -0.0155318 0.01 86 86 0.126708 0 0.0180366
2113 0.589859 -0.000939821 -0.0267727 0.01 85 85 0 0 0
2118 0.589859 -0.000939821 -0.0335683 0.01 84 84 0 0 0
2125 0.640105 -0.00078756 -0.0498805 0.01 46 46 0 0 0
2126 0.553985 -0.00104853 -0.0380547 0.01 60 61 0 0 0
2136 0.60527 -0.000893121 -0.0141935 0.01 84 84 0 0 0
2142 0.54872 -0.00106448 -0.035723 0.01 60 60 0 0 0
2146 0.589859 -0.000939821 -0.0298832 0.01 85 85 0 0 0
2149 0.637286 -0.000796104 -0.0541699 0.01 46 46 0 0 0
2150 0.589859 -0.000939821 -0.0335683 0.01 85 85 0 0 0
2155 0.589859 -0.000939821 -0.0267727 0.01 86 86 0 0 0
2158 0.640105 -0.00078756 -0.0541699 0.01 46 46 0 0 0
2183 0.570091 -0.000999724 -0.0287386 0.01 60 59 0 0 0
2190 0.637479 -0.000795518 -0.0541699 0.01 47 47 -9.07183e-05 0.000193238 0
2196 0.581447 -0.000965311 -0.0640582 0.01 60 60 0 0 0
2203 0.582614 -0.000961774 -0.0535642 0.01 60 60 -0.00821772 0.0103622 0
2211 0.576554 -0.000980139 -0.0739455 0.01 60 60 0 0 0
2212 0.637286 -0.000796104 -0.0469969 0.01 47 47 0 0 0
2214 0.589859 -0.000939821 -0.0267727 0.01 85 85 0 0 0
2216 0.594808 -0.000924825 -0.0740039 0.01 47 47 0.00748597 -0.0140248 0
2222 0.589859 -0.000939821 -0.0335683 0.01 84 84 0 0 0
2227 0.637286 -0.000796104 -0.0541699 0.01 46 46 0 0 0
2238 0.547381 -0.00106854 -0.0380547 0.01 60 60 0 0 0
2258 0.60527 -0.000893121 -0.0141935 0.01 84 84 0 0 0
2264 0.608832 -0.000882326 -0.0740039 0.01 46 47 0 0 0
2272 0.589859 -0.000939821 -0.0486323 0.01 85 85 0 0 0
2281 0.570091 -0.000999724 -0.0200981 0.01 60 60 0 0 0
2290 0.589859 -0.000939821 -0.0267727 0.01 85 85 0 0 0
2294 0.589859 -0.000939821 -0.0267727 0.01 85 85 0 0 0
2295 0.589859 -0.000939821 -0.0267727 0.01 85 85 0 0 0
2296 0.589859 -0.000939821 -0.0335683 0.01 84 84 0 0 0
2307 0.575673 -0.000982809 -0.0335683 0.01 84 84 0 0 0
2308 0.613343 -0.000868659 -0.0740039 0.01 47 47 0 0 0
2310 0.583109 -0.000960275 -0.0535642 0.01 60 60 -0.00860323 0.0108572 0
2319 0.637286 -0.000796104 -0.0540937 0.01 47 47 0 0 0
2354 0.575673 -0.000982809 -0.0335683 0.01 85 84 0 0 0
2372 0.589859 -0.000939821 -0.0141935 0.01 84 84 0 0 0
2382 0.550756 -0.00105832 -0.0258714 0.01 60 60 0 0 0
2404 0.589859 -0.000939821 -0.0335683 0.01 86 86 0 0 0
2408 0.637286 -0.000796104 -0.0367459 0.01 46 47 0.000929169 0 0.00967124
2417 0.566115 -0.00101177 -0.00802935 0.01 60 60 -0.0043374 0.00510174 0
2428 0.543894 -0.00107911 -0.0253302 0.01 60 61 0 0 0
2429 0.613343 -0.000868659 -0.0740039 0.01 47 47 0 0 0
2431 0.640105 -0.00078756 -0.0541699 0.01 46 46 0 0 0
2437 0.540873 -0.00108826 -0.056368 0.01 60 60 0 0 0
2447 0.637286 -0.000796104 -0.0469969 0.01 46 46 0 0 0
2479 0.561525 -0.00102568 -0.0380547 0.01 60 60 0 0 0
2506 0.589859 -0.000939821 -0.0235622 0.01 85 85 0 0 0
2531 0.550038 -0.00106049 -0.0253302 0.01 60 60 -0.00544885 0.00614411 0
2542 0.589859 -0.000939821 -0.0335683 0.01 84 84 0 0 0
2543 0.589859 -0.000939821 -0.0439338 0.01 85 85 -0.0955767 0 -0.0171611
2550 0.589859 -0.000939821 -0.0335683 0.01 85 85 0 0 0
2559 0.589859 -0.000939821 -0.0335683 0.01 85 85 0 0 0
2579 0.613343 -0.000868659 -0.0740039 0.01 47 47 0 0 0
2581 0.55594 -0.00104261 -0.0380547 0.01 60 61 0 0 0
2582 0.567666 -0.00100707 -0.0249762 0.01 60 60 0 0 0
2610 0.589859 -0.000939821 -0.0267727 0.01 85 85 0 0 0
2631 0.572252 -0.000993175 -0.0382557 0.01 60 60 0 0 0
2633 0.597081 -0.000917936 -0.0739455 0.01 60 60 -0.00356694 0.00480384 0
2640 0.637286 -0.000796104 -0.0469969 0.01 46 46 0 0 0
2641 0.550756 -0.00105832 -0.0258714 0.01 60 60 0 0 0
2645 0.613343 -0.000868659 -0.0740039 0.01 47 47 0 0 0
2656 0.58929 -0.000941545 -0.0655672 0.01 46 46 0 0 0
2670 0.54872 -0.00106448 -0.0278021 0.01 60 60 0 0 0
2679 0.55934 -0.0010323 -0.0380547 0.01 60 61 0 0 0
2691 0.608832 -0.000882326 -0.0740039 0.01 47 47 0 0 0
2693 0.589859 -0.000939821 -0.0335683 0.01 85 85 0 0 0
2705 0.58958 -0.000940665 -0.0759424 0.01 60 60 0 0 0
2710 0.612505 -0.000871196 -0.0463135 0.01 60 60 0 0 0
2717 0.640105 -0.00078756 -0.0541699 0.01 46 46 0 0 0
2721 0.543894 -0.00107911 -0.0253302 0.01 60 60 0 0 0
2726 0.608832 -0.000882326 -0.0740039 0.01 47 47 0 0 0
2728 0.589859 -0.000939821 -0.0335683 0.01 86 86 0 0 0
2739 0.530146 -0.00112077 -0.0188672 0.01 60 59 0 0 0
2740 0.637286 -0.000796104 -0.0541699 0.01 47 47 0 0 0
2741 0.550756 -0.00105832 -0.0258714 0.01 60 60 0 0 0
2746 0.589859 -0.000939821 -0.0335683 0.01 85 85 0 0 0
2749 0.637286 -0.000796104 -0.0469969 0.01 47 47 0 0 0
2753 0.607076 -0.000887648 -0.0528664 0.01 60 60 0 0 0
2755 0.637286 -0.000796104 -0.0540937 0.01 47 47 0 0 0
2766 0.589859 -0.000939821 -0.0267727 0.01 85 85 0 0 0
2779 0.55828 -0.00103552 -0.0739455 0.01 60 60 0 0 0
2781 0.637286 -0.000796104 -0.0540937 0.01 47 47 0 0 0
2789 0.589859 -0.000939821 -0.0267727 0.01 85 85 0 0 0
2792 0.610596 -0.00087698 -0.0740039 0.01 47 47 0 0 0
2803 0.589712 -0.000940265 -0.0759424 0.01 60 61 0 0 0
2808 0.535051 -0.00110591 -0.0380547 0.01 60 60 0 0 0
2815 0.608832 -0.000882326 -0.0740039 0.01 47 47 0 0 0
2826 0.540873 -0.00108826 -0.0600137 0.01 60 58 0 0 0
2831 0.613343 -0.000868659 -0.0740039 0.01 47 47 0 0 0
2845 0.589859 -0.000939821 -0.0335683 0.01 85 85 0 0 0
2889 0.637286 -0.000796104 -0.0469969 0.01 47 47 0 0 0
2897 0.60527 -0.000893121 -0.0141935 0.01 84 84 0 0 0
2901 0.608832 -0.000882326 -0.0740039 0.01 47 47 0 0 0
2919 0.589859 -0.000939821 -0.0267727 0.01 85 85 0 0 0
2945 0.608832 -0.000882326 -0.0740039 0.01 46 47 0 0 0
2953 0.589859 -0.000939821 -0.0335683 0.01 84 84 0 0 0
2974 0.570091 -0.000999724 -0.016852 0.01 60 60 0 0 0
2983 0.608832 -0.000882326 -0.0730402 0.01 47 47 0 0 0
2989 0.637286 -0.000796104 -0.0541699 0.01 47 49 0 0 0
2990 0.589859 -0.000939821 -0.0335683 0.01 85 85 0 0 0
2991 0.60527 -0.000893121 -0.0141935 0.01 85 85 0 0 0
3009 0.637286 -0.000796104 -0.0540937 0.01 47 47 0 0 0
3036 0.637286 -0.000796104 -0.0469969 0.01 47 47 0 0 0
3047 0.540873 -0.00108826 -0.0600137 0.01 60 60 0 0 0
3048 0.592897 -0.000930616 -0.0802063 0.01 60 60 0 0 0
3050 0.589859 -0.000939821 -0.0335683 0.01 84 84 0 0 0
3073 0.599753 -0.00090984 -0.0235622 0.01 84 84 0 0 0
3076 0.570091 -0.000999724 -0.0275549 0.01 60 60 0 0 0
3087 0.540873 -0.00108826 -0.0600137 0.01 60 60 0 0 0
3127 0.573865 -0.000988287 -0.0443058 0.01 60 60 0 0 0
3140 0.640105 -0.00078756 -0.0541699 0.01 46 46 0 0 0
3142 0.640105 -0.00078756 -0.0541699 0.01 45 46 0 0 0
3159 0.613343 -0.000868659 -0.0740039 0.01 47 47 0 0 0
3174 0.563873 -0.00101857 -0.00802935 0.01 60 60 0 0 0
3175 0.557264 -0.00103859 -0.0380547 0.01 60 60 0 0 0
3176 0.575673 -0.000982809 -0.0335683 0.01 84 84 0 0 0
3179 0.637286 -0.000796104 -0.0442983 0.01 46 46 0 0 0
3181 0.565391 -0.00101397 -0.0317609 0.01 60 60 0 0 0
3200 0.613343 -0.000868659 -0.0740039 0.01 47 47 0 0 0
3246 0.637286 -0.000796104 -0.0541699 0.01 47 47 0 0 0
3261 0.567666 -0.00100707 -0.0355351 0.01 60 57 0 0 0
3281 0.589859 -0.000939821 -0.0267727 0.01 85 85 0 0 0
3287 0.637286 -0.000796104 -0.0541699 0.01 47 47 0 0 0
3295 0.640105 -0.00078756 -0.0541699 0.01 46 46 0 0 0
3331 0.589859 -0.000939821 -0.0267727 0.01 86 86 0 0 0
3333 0.563873 -0.00101857 -0.06452 0.01 60 59 0 0 0
3334 0.637286 -0.000796104 -0.0541699 0.01 46 46 0 0 0
3337 0.589859 -0.000939821 -0.0267727 0.01 84 84 0 0 0
3356 0.589859 -0.000939821 -0.0235622 0.01 85 85 0 0 0
3370 0.589859 -0.000939821 -0.0267727 0.01 86 86 0 0 0
3386 0.637286 -0.000796104 -0.0541699 0.01 47 47 0 0 0
3387 0.550756 -0.00105832 -0.0258714 0.01 60 60 0 0 0
3389 0.613343 -0.000868659 -0.0740039 0.01 47 47 0 0 0
3429 0.589859 -0.000939821 -0.0267727 0.01 85 85 0 0 0
3432 0.613343 -0.000868659 -0.0740039 0.01 47 47 0 0 0
3436 0.589859 -0.000939821 -0.0267727 0.01 84 84 0 0 0
3442 0.640105 -0.00078756 -0.0541699 0.01 46 46 0 0 0
3451 0.640105 -0.00078756 -0.0541699 0.01 46 46 0 0 0
3463 0.563873 -0.00101857 -0.0380547 0.01 60 60 0 0 0
3498 0.580329 -0.000968699 -0.0328954 0.01 60 60 0 0 0
3508 0.608832 -0.000882326 -0.0740039 0.01 47 47 0 0 0
3513 0.589859 -0.000939821 -0.0335683 0.01 86 86 0 0 0
3531 0.540873 -0.00108826 -0.056368 0.01 60 59 0 0 0
3536 0.589859 -0.000939821 -0.0335683 0.01 84 84 0 0 0
3543 0.589859 -0.000939821 -0.0335683 0.01 85 85 0 0 0
3549 0.589859 -0.000939821 -0.0267727 0.01 85 85 0 0 0
3555 0.613343 -0.000868659 -0.0740039 0.01 47 47 0 0 0
3563 0.55594 -0.00104261 -0.0494355 0.01 60 60 0 0 0
3566 0.58929 -0.000941545 -0.0655672 0.01 46 46 0 0 0
3579 0.637286 -0.000796104 -0.0469969 0.01 47 47 0 0 0
3586 0.589859 -0.000939821 -0.0335683 0.01 84 84 0 0 0
3587 0.570091 -0.000999724 -0.0226585 0.01 60 60 0 0 0
3592 0.570091 -0.000999724 -0.0226585 0.01 60 60 0 0 0
3613 0.589859 -0.000939821 -0.0141935 0.01 84 84 0 0 0
3625 0.612505 -0.000871196 -0.0463135 0.01 60 60 0 0 0
3634 0.589859 -0.000939821 -0.0335683 0.01 84 84 0 0 0
3651 0.589859 -0.000939821 -0.0335683 0.01 85 85 0 0 0
3662 0.568555 -0.00100438 -0.00699671 0.01 60 60 0 0 0
3663 0.514712 -0.00116754 -0.0188672 0.01 60 60 0 0 0
3667 0.640105 -0.00078756 -0.0541699 0.01 46 46 0 0 0
3673 0.589859 -0.000939821 -0.0267727 0.01 86 86 0 0 0
3694 0.589859 -0.000939821 -0.0335683 0.01 84 84 0 0 0
3697 0.589859 -0.000939821 -0.0267727 0.01 86 86 0 0 0
3705 0.668648 -0.000701065 -0.0469969 0.01 47 47 -0.0139641 0.0313627 0
3711 0.547445 -0.00106835 -0.0469969 0.01 60 60 0 0 0
3719 0.637286 -0.000796104 -0.0541699 0.01 47 47 0 0 0
3723 0.589859 -0.000939821 -0.0335683 0.01 84 84 0 0 0
3733 0.640105 -0.00078756 -0.0541699 0.01 46 46 0 0 0
3755 0.613343 -0.000868659 -0.0740039 0.01 47 47 0 0 0
3765 0.592897 -0.000930616 -0.0802063 0.01 60 60 0 0 0
3783 0.613343 -0.000868659 -0.0740039 0.01 47 47 0 0 0
3803 0.613343 -0.000868659 -0.0740039 0.01 47 47 0 0 0
3805 0.637286 -0.000796104 -0.0541699 0.01 46 46 0 0 0
3817 0.613343 -0.000868659 -0.0740039 0.01 47 47 0 0 0
3820 0.571009 -0.000996944 -0.0723111 0.01 60 60 0 0 0
3821 0.637286 -0.000796104 -0.0464171 0.01 46 46 0 0 0
3838 0.589859 -0.000939821 -0.0335683 0.01 84 84 0 0 0
3843 0.540873 -0.00108826 -0.0600137 0.01 60 59 0 0 0
3853 0.637286 -0.000796104 -0.0469969 0.01 45 45 0 0 0
3854 0.637286 -0.000796104 -0.0305696 0.01 46 46 0 0 0
3871 0.613343 -0.000868659 -0.0740039 0.01 47 48 0 0 0
3875 0.589859 -0.000939821 -0.0267727 0.01 85 85 0 0 0
3893 0.637286 -0.000796104 -0.0469969 0.01 47 47 0 0 0
3897 0.567666 -0.00100707 -0.0249762 0.01 60 60 0 0 0
3901 0.613343 -0.000868659 -0.0740039 0.01 47 47 0 0 0
3904 0.637286 -0.000796104 -0.0469969 0.01 47 49 0 0 0
3918 0.589859 -0.000939821 -0.0267727 0.01 86 86 0 0 0
3929 0.576941 -0.000978968 -0.0380547 0.01 60 60 0 0 0
3947 0.637286 -0.000796104 -0.0541699 0.01 46 46 0 0 0
3948 0.599753 -0.00090984 -0.0235622 0.01 84 84 0 0 0
3967 0.589859 -0.000939821 -0.0267727 0.01 84 84 0 0 0
3977 0.589859 -0.000939821 -0.0335683 0.01 85 85 0 0 0
3983 0.589859 -0.000939821 -0.0267727 0.01 85 85 0 0 0
3984 0.640105 -0.00078756 -0.0570841 0.01 46 46 0 0 0
4000 0.613343 -0.000868659 -0.0740039 0.01 47 47 0 0 0
4032 0.570091 -0.000999724 -0.0275549 0.01 60 60 0 0 0
4078 0.640105 -0.00078756 -0.0541699 0.01 46 46 0 0 0
4083 0.565391 -0.00101397 -0.0317609 0.01 60 60 0 0 0
4101 0.58958 -0.000940665 -0.0739455 0.01 60 60 0 0 0
4103 0.576054 -0.000981656 -0.0141935 0.01 84 84 0 0 0
4121 0.570091 -0.000999724 -0.0200981 0.01 60 60 0 0 0
4135 0.581447 -0.000965311 -0.0640582 0.01 60 60 0 0 0
4141 0.608832 -0.000882326 -0.0740039 0.01 47 47 0 0 0
4143 0.589859 -0.000939821 -0.0335683 0.01 84 84 0 0 0
4145 0.597053 -0.000918022 -0.0275549 0.01 60 60 0 0 0
4166 0.613343 -0.000868659 -0.0663967 0.01 47 47 0 0 0
4169 0.581447 -0.000965311 -0.0640582 0.01 60 60 0 0 0
4176 0.589859 -0.000939821 -0.0335683 0.01 84 84 0 0 0
4178 0.589859 -0.000939821 -0.0267727 0.01 85 85 0 0 0
4182 0.535051 -0.00110591 -0.0380547 0.01 60 61 0 0 0
4187 0.613343 -0.000868659 -0.0740039 0.01 47 48 0 0 0
4188 0.608832 -0.000882326 -0.0740039 0.01 47 47 0 0 0
4210 0.534761 -0.00110679 -0.0739455 0.01 60 62 0 0 0
4216 0.637286 -0.000796104 -0.0541699 0.01 45 46 0 0 0
4221 0.54872 -0.00106448 -0.035723 0.01 60 60 0 0 0
4228 0.550142 -0.00106018 -0.0380547 0.01 60 60 0 0 0
4233 0.588506 -0.000943923 -0.0802063 0.01 60 60 0 0 0
4244 0.571338 -0.000995946 -0.0111412 0.01 60 61 0 0 0
4250 0.535051 -0.00110591 -0.0380547 0.01 60 60 0 0 0
4254 0.589859 -0.000939821 -0.0267727 0.01 85 85 0 0 0
4260 0.589859 -0.000939821 -0.0267727 0.01 84 84 0 0 0
4261 0.589859 -0.000939821 -0.0335683 0.01 86 86 0 0 0
4262 0.637286 -0.000796104 -0.0469969 0.01 47 46 0 0 0
4268 0.608832 -0.000882326 -0.0740039 0.01 47 47 0 0 0
4286 0.637286 -0.000796104 -0.0469969 0.01 47 47 0 0 0
4310 0.589859 -0.000939821 -0.0267727 0.01 85 85 0 0 0
4313 0.589859 -0.000939821 -0.0361862 0.01 84 84 0 0 0
4360 0.563873 -0.00101857 -0.0373213 0.01 60 60 0 0 0
4362 0.589859 -0.000939821 -0.0335683 0.01 85 85 0 0 0
4363 0.540873 -0.00108826 -0.0600137 0.01 60 60 0 0 0
4373 0.637286 -0.000796104 -0.0541699 0.01 46 47 0 0 0
4383 0.640105 -0.00078756 -0.0541699 0.01 47 46 0 0 0
4385 0.608832 -0.000882326 -0.0740039 0.01 46 47 0 0 0
4390 0.613343 -0.000868659 -0.0740039 0.01 47 47 0 0 0
4395 0.592897 -0.000930616 -0.0802063 0.01 60 60 0 0 0
4412 0.589859 -0.000939821 -0.0235622 0.01 85 85 0 0 0
4418 0.589859 -0.000939821 -0.0335683 0.01 86 86 0 0 0
4434 0.640105 -0.00078756 -0.0541699 0.01 47 46 0 0 0
4438 0.589859 -0.000939821 -0.0335683 0.01 84 84 0 0 0
4445 0.589859 -0.000939821 -0.0267727 0.01 84 84 0 0 0
4465 0.589859 -0.000939821 -0.0267727 0.01 85 85 0 0 0
4471 0.608832 -0.000882326 -0.0740039 0.01 47 47 0 0 0
4474 0.589859 -0.000939821 -0.0122054 0.01 84 84 0.131845 0 0.021363
4502 0.598232 -0.000914448 -0.0335683 0.01 84 84 0 0 0
4503 0.570091 -0.000999724 -0.0226585 0.01 60 60 0 0 0
4533 0.552473 -0.00105311 -0.0380547 0.01 60 60 -0.00432658 0.00496179 0
4549 0.589859 -0.000939821 -0.0335683 0.01 86 86 0 0 0
4568 0.589859 -0.000939821 -0.0335683 0.01 86 86 0 0 0
4572 0.589859 -0.000939821 -0.0335683 0.01 84 84 0 0 0
4578 0.637286 -0.000796104 -0.0469969 0.01 46 46 0 0 0
4603 0.589859 -0.000939821 -0.0335683 0.01 84 84 0 0 0
4639 0.637286 -0.000796104 -0.0469969 0.01 47 47 0 0 0
4647 0.589859 -0.000939821 -0.0335683 0.01 84 84 0 0 0
4649 0.589859 -0.000939821 -0.0267727 0.01 85 85 0 0 0
4652 0.589905 -0.000939682 -0.0309113 0.01 60 60 0 0 0
4662 0.589859 -0.000939821 -0.0335683 0.01 84 84 0 0 0
4669 0.569637 -0.0010011 -0.030826 0.01 60 60 0 0 0
4672 0.608832 -0.000882326 -0.0740039 0.01 46 47 0 0 0
4700 0.613343 -0.000868659 -0.0740039 0.01 47 47 0 0 0
4806 0.589859 -0.000939821 -0.0335683 0.01 86 86 0 0 0
4808 0.589859 -0.000939821 -0.0235622 0.01 85 85 0 0 0
4812 0.608832 -0.000882326 -0.0740039 0.01 47 47 0 0 0
4818 0.613343 -0.000868659 -0.0740039 0.01 47 47 0 0 0
4822 0.589859 -0.000939821 -0.0335683 0.01 84 84 0 0 0
4829 0.637286 -0.000796104 -0.0289178 0.01 47 47 0.00174177 0 0.0180791
4830 0.543894 -0.00107911 -0.0253302 0.01 60 60 0 0 0
4858 0.570091 -0.000999724 -0.0273542 0.01 60 60 -0.0015851 0 -0.0105022
4859 0.589859 -0.000939821 -0.0267727 0.01 85 85 0 0 0
4860 0.589859 -0.000939821 -0.0335683 0.01 85 85 0 0 0
4862 0.637286 -0.000796104 -0.0538888 0.01 47 47 0 0 0
4869 0.607076 -0.000887648 -0.0469969 0.01 60 60 0 0 0
4873 0.611785 -0.00087338 -0.0335683 0.01 84 84 0 0 0
4899 0.608832 -0.000882326 -0.0740039 0.01 47 47 0 0 0
4920 0.543894 -0.00107911 -0.0253302 0.01 60 60 0 0 0
4923 0.588506 -0.000943923 -0.0802063 0.01 60 60 0 0 0
4924 0.530146 -0.00112077 -0.0188672 0.01 60 60 0 0 0
4930 0.637286 -0.000796104 -0.0540937 0.01 47 47 0 0 0
4935 0.592492 -0.000931844 -0.00802935 0.01 60 60 -0.0256878 0.0314786 0
4942 0.58929 -0.000941545 -0.0655672 0.01 47 47 0 0 0
4951 0.589859 -0.000939821 -0.0235622 0.01 85 85 0 0 0
4959 0.567666 -0.00100707 -0.0368455 0.01 60 60 0 0 0
4991 0.589859 -0.000939821 -0.0335683 0.01 85 85 0 0 0
5008 0.543894 -0.00107911 -0.0253302 0.01 60 60 0 0 0
5022 0.637286 -0.000796104 -0.0469969 0.01 47 47 0 0 0
5029 0.637286 -0.000796104 -0.0541699 0.01 46 47 0 0 0
5033 0.530146 -0.00112077 -0.0188672 0.01 60 60 0 0 0
5043 0.640105 -0.00078756 -0.0541699 0.01 46 46 0 0 0
5044 0.589859 -0.000939821 -0.0235622 0.01 84 84 0 0 0
5045 0.570091 -0.000999724 -0.0200981 0.01 60 60 0 0 0
5052 0.589859 -0.000939821 -0.0335683 0.01 84 84 0 0 0
5087 0.637286 -0.000796104 -0.0541699 0.01 47 47 0 0 0
5100 0.640105 -0.00078756 -0.0541699 0.01 46 46 0 0 0
5109 0.570091 -0.000999724 -0.0226585 0.01 60 60 0 0 0
5138 0.589859 -0.000939821 -0.0267727 0.01 86 86 0 0 0
5150 0.589859 -0.000939821 -0.0402586 0.01 85 85 -0.0770612 0 -0.0134859
5154 0.637286 -0.000796104 -0.0637579 0.01 47 48 -0.00127654 0 -0.0173407
5157 0.576431 -0.000980513 -0.0901126 0.01 60 61 0 0 0
5210 0.640105 -0.00078756 -0.0541699 0.01 47 46 0 0 0
5212 0.563873 -0.00101857 -0.0400434 0.01 60 59 0 0 0
5235 0.607076 -0.000887648 -0.0469603 0.01 60 60 0 0 0
5246 0.613343 -0.000868659 -0.0740039 0.01 47 48 0 0 0
5250 0.560923 -0.00102751 -0.0474005 0.01 60 61 0 0 0
5264 0.589859 -0.000939821 -0.0388499 0.01 84 84 0 0 0
5282 0.637286 -0.000796104 -0.0541699 0.01 46 46 0 0 0
5292 0.60527 -0.000893121 -0.0141935 0.01 84 84 0 0 0
5295 0.540873 -0.00108826 -0.0950243 0.01 60 60 0 0 0
5307 0.588506 -0.000943923 -0.0802063 0.01 60 60 0 0 0
5321 0.640105 -0.00078756 -0.0541699 0.01 46 46 0 0 0
5331 0.637286 -0.000796104 -0.0540937 0.01 47 47 0 0 0
5340 0.543894 -0.00107911 -0.0253302 0.01 60 60 0 0 0
5349 0.589859 -0.000939821 -0.0267727 0.01 84 84 0 0 0
5350 0.565391 -0.00101397 -0.0317609 0.01 60 60 0 0 0
5365 0.567666 -0.00100707 -0.0476381 0.01 60 60 0 0 0
5366 0.637286 -0.000796104 -0.0540937 0.01 47 47 0 0 0
5371 0.576431 -0.000980513 -0.0901126 0.01 60 60 0 0 0
5372 0.640105 -0.00078756 -0.0541699 0.01 46 46 0 0 0
5380 0.543894 -0.00107911 -0.0380547 0.01 60 60 0 0 0
5411 0.563873 -0.00101857 -0.00802935 0.01 60 60 0 0 0
5414 0.542961 -0.00108194 -0.0126599 0.01 60 59 0 0 0
5424 0.573387 -0.000989737 -0.0461035 0.01 60 60 0 0 0
5428 0.637286 -0.000796104 -0.0469969 0.01 47 47 0 0 0
5445 0.589859 -0.000939821 -0.0235622 0.01 85 85 0 0 0
5457 0.540873 -0.00108826 -0.0600137 0.01 60 61 0 0 0
5486 0.58929 -0.000941545 -0.0655672 0.01 47 47 0 0 0
5491 0.550737 -0.00105837 -0.0600137 0.01 60 60 0 0 0
5502 0.584438 -0.000956249 -0.0275549 0.01 60 60 -0.0115554 0.0143467 0
5506 0.570091 -0.000999724 -0.0226585 0.01 60 60 0 0 0
5508 0.65247 -0.000750091 -0.0334906 0.01 60 60 0 0 0
5511 0.646377 -0.000768553 -0.0469969 0.01 47 48 0 0 0
5512 0.640105 -0.00078756 -0.0541699 0.01 47 46 0 0 0
5532 0.637286 -0.000796104 -0.0469969 0.01 47 47 0 0 0
5535 0.640105 -0.00078756 -0.0498805 0.01 46 46 0.000499457 0 0.00428939
5553 0.599935 -0.000909287 -0.0740039 0.01 47 47 0 0 0
5563 0.595276 -0.000923406 -0.0739455 0.01 60 59 0 0 0
5569 0.640105 -0.00078756 -0.0541699 0.01 46 46 0 0 0
5573 0.637286 -0.000796104 -0.0469969 0.01 47 48 0 0 0
5578 0.608832 -0.000882326 -0.0740039 0.01 47 47 0 0 0
5582 0.640105 -0.00078756 -0.0541699 0.01 46 46 0 0 0
5594 0.560923 -0.00102751 -0.0272353 0.01 60 60 0 0 0
5600 0.573387 -0.000989737 -0.0380547 0.01 60 60 0 0 0
5635 0.637286 -0.000796104 -0.0469969 0.01 46 47 0 0 0
5639 0.613343 -0.000868659 -0.0740039 0.01 47 47 0 0 0
5669 0.589859 -0.000939821 -0.0335683 0.01 84 83 0 0 0
5703 0.637286 -0.000796104 -0.0232261 0.01 47 47 0.00297942 0 0.0309438
5721 0.568258 -0.00100528 -0.0355351 0.01 60 60 0 0 0
5724 0.589859 -0.000939821 -0.0361862 0.01 84 84 0 0 0
5734 0.570452 -0.000998632 -0.0380547 0.01 60 60 0 0 0
5747 0.589859 -0.000939821 -0.0335683 0.01 84 84 0 0 0
5751 0.599753 -0.00090984 -0.0235622 0.01 84 84 0 0 0
5754 0.640105 -0.00078756 -0.0541699 0.01 46 46 0 0 0
5755 0.584481 -0.000956117 -0.0469969 0.01 60 60 0 0 0
5758 0.571085 -0.000996711 -0.013633 0.01 60 60 0 0 0
5784 0.637286 -0.000796104 -0.0469969 0.01 47 47 0 0 0
5785 0.613343 -0.000868659 -0.0740039 0.01 46 47 0 0 0
5786 0.589859 -0.000939821 -0.0267727 0.01 85 85 0 0 0
5818 0.575673 -0.000982809 -0.0543902 0.01 84 84 -0.0987293 0 -0.0208218
5819 0.589859 -0.000939821 -0.0267727 0.01 85 85 0 0 0
5821 0.608832 -0.000882326 -0.0740039 0.01 47 47 0 0 0
5825 0.589859 -0.000939821 -0.0335683 0.01 85 85 0 0 0
5827 0.522744 -0.0011432 -0.0600137 0.01 60 60 0 0 0
5836 0.570091 -0.000999724 -0.0200981 0.01 60 60 0 0 0
5839 0.561013 -0.00102723 -0.00802935 0.01 60 60 0 0 0
5844 0.589859 -0.000939821 -0.0267727 0.01 85 85 0 0 0
5855 0.640105 -0.00078756 -0.0541699 0.01 46 46 0 0 0
5869 0.608832 -0.000882326 -0.0740039 0.01 47 47 0 0 0
5873 0.568258 -0.00100528 -0.0355351 0.01 60 60 0 0 0
5876 0.612505 -0.000871196 -0.0463135 0.01 60 60 0 0 0
5883 0.563873 -0.00101857 -0.00802935 0.01 60 61 0 0 0
5901 0.543894 -0.00107911 -0.0385778 0.01 60 60 0 0 0
5919 0.589859 -0.000939821 -0.0335683 0.01 85 85 0 0 0
5932 0.637286 -0.000796104 -0.0469969 0.01 45 46 0 0 0
5936 0.607076 -0.000887648 -0.0528664 0.01 60 60 0 0 0
5942 0.613343 -0.000868659 -0.0740039 0.01 47 47 0 0 0
5949 0.551077 -0.00105734 -0.0469969 0.01 60 60 0 0 0
5961 0.613343 -0.000868659 -0.0740039 0.01 47 47 0 0 0
5964 0.568258 -0.00100528 -0.0355351 0.01 60 60 0 0 0
5977 0.613343 -0.000868659 -0.0740039 0.01 47 47 0 0 0
5996 0.58703 -0.000948394 -0.0740039 0.01 47 47 0 0 0
5997 0.550038 -0.00106049 -0.0253302 0.01 60 60 0 0 0
6006 0.589859 -0.000939821 -0.0267727 0.01 85 85 0 0 0
6021 0.567466 -0.00100768 -0.0476381 0.01 60 59 0 0 0
6032 0.525354 -0.00113529 -0.0739455 0.01 60 60 0 0 0
6037 0.637286 -0.000796104 -0.0399772 0.01 46 46 0.000834234 0 0.00701975
6039 0.640105 -0.00078756 -0.0541699 0.01 47 47 0 0 0
6040 0.613343 -0.000868659 -0.0740039 0.01 47 47 0 0 0
6042 0.589859 -0.000939821 -0.0335683 0.01 84 84 0 0 0
6062 0.637286 -0.000796104 -0.0469969 0.01 46 46 0 0 0
6067 0.589859 -0.000939821 -0.0267727 0.01 85 85 0 0 0
6091 0.613343 -0.000868659 -0.0740039 0.01 47 47 0 0 0
6094 0.589859 -0.000939821 -0.0335683 0.01 84 84 0 0 0
6108 0.589859 -0.000939821 -0.0335683 0.01 85 85 0 0 0
6112 0.589859 -0.000939821 -0.0335683 0.01 84 84 0 0 0
6120 0.622656 -0.000840437 -0.0287893 0.01 60 61 0 0 0
6122 0.613343 -0.000868659 -0.0740039 0.01 47 47 0 0 0
6123 0.589859 -0.000939821 -0.0141935 0.01 84 84 0 0 0
6151 0.613343 -0.000868659 -0.0740039 0.01 47 47 0 0 0
6154 0.640105 -0.00078756 -0.0570841 0.01 46 46 0 0 0
6165 0.612505 -0.000871196 -0.0463135 0.01 60 60 0 0 0
6174 0.637286 -0.000796104 -0.0469969 0.01 46 46 0 0 0
6209 0.589859 -0.000939821 -0.0335683 0.01 85 85 0 0 0
6211 0.589859 -0.000939821 -0.0335683 0.01 84 84 0 0 0
6218 0.608832 -0.000882326 -0.0740039 0.01 47 47 0 0 0
6220 0.608832 -0.000882326 -0.0740039 0.01 47 47 0 0 0
6232 0.589859 -0.000939821 -0.0335683 0.01 86 86 0 0 0
6233 0.589859 -0.000939821 -0.027364 0.01 86 86 0.0396716 0 0.00620436
6234 0.613343 -0.000868659 -0.0740039 0.01 46 48 0 0 0
6239 0.589859 -0.000939821 -0.0267727 0.01 85 85 0 0 0
6242 0.560923 -0.00102751 -0.0272353 0.01 60 60 0 0 0
6247 0.589859 -0.000939821 -0.0335683 0.01 84 84 0 0 0
6258 0.570091 -0.000999724 -0.0226585 0.01 60 60 0 0 0
6276 0.608832 -0.000882326 -0.0740039 0.01 47 47 0 0 0
6291 0.543894 -0.00107911 -0.0253302 0.01 60 60 0 0 0
6296 0.589859 -0.000939821 -0.0335683 0.01 84 84 0 0 0
6304 0.543894 -0.00107911 -0.0380547 0.01 60 60 0 0 0
6313 0.576431 -0.000980513 -0.0901126 0.01 60 60 0 0 0
6316 0.540873 -0.00108826 -0.0600137 0.01 60 60 0 0 0
6323 0.637286 -0.000796104 -0.0458823 0.01 47 47 0 0 0
6337 0.613343 -0.000868659 -0.0740039 0.01 47 47 0 0 0
6355 0.612505 -0.000871196 -0.0463135 0.01 60 60 0 0 0
6356 0.608832 -0.000882326 -0.0740039 0.01 47 47 0 0 0
6359 0.589859 -0.000939821 -0.0335683 0.01 84 84 0 0 0
6362 0.570091 -0.000999724 -0.016852 0.01 60 60 0 0 0
6373 0.540873 -0.00108826 -0.0418803 0.01 60 59 0.00199872 0 0.0181334
6382 0.578999 -0.000972731 -0.0739455 0.01 60 59 0 0 0
6389 0.637286 -0.000796104 -0.0469969 0.01 46 46 0 0 0
6399 0.58004 -0.000969575 -0.0112059 0.01 84 84 0.109939 -0.00981891 0.0155668
6412 0.569637 -0.0010011 -0.0311389 0.01 60 60 0 0 0
6413 0.608832 -0.000882326 -0.0740039 0.01 47 47 0 0 0
6416 0.569637 -0.0010011 -0.030826 0.01 60 60 0 0 0
6421 0.589859 -0.000939821 -0.0335683 0.01 84 84 0 0 0
6425 0.563873 -0.00101857 -0.0723111 0.01 60 60 0 0 0
6442 0.570091 -0.000999724 -0.016852 0.01 60 60 0 0 0
6447 0.589859 -0.000939821 -0.0335683 0.01 84 84 0 0 0
6473 0.589859 -0.000939821 -0.0141935 0.01 84 84 0 0 0
6507 0.570452 -0.000998632 -0.0380547 0.01 60 60 0 0 0
6508 0.54872 -0.00106448 -0.035723 0.01 60 60 -0.00127095 0 -0.00792083
6518 0.625799 -0.000830911 -0.0469969 0.01 46 46 0.00535508 -0.0114865 0
6525 0.570091 -0.000999724 -0.016852 0.01 60 60 0 0 0
6532 0.589859 -0.000939821 -0.0267727 0.01 85 85 0 0 0
6548 0.589859 -0.000939821 -0.0335683 0.01 85 85 0 0 0
6569 0.581447 -0.000965311 -0.0640582 0.01 60 60 0 0 0
6571 0.612454 -0.000871352 -0.0517475 0.01 60 60 0 0 0
6574 0.607076 -0.000887648 -0.0469969 0.01 60 61 0 0 0
6590 0.637286 -0.000796104 -0.0289178 0.01 47 47 0 0 0
6593 0.637286 -0.000796104 -0.0541699 0.01 47 47 0 0 0
6601 0.589859 -0.000939821 -0.0335683 0.01 84 84 0 0 0
6626 0.54872 -0.00106448 -0.035723 0.01 60 60 0 0 0
6627 0.608832 -0.000882326 -0.0740039 0.01 47 47 0 0 0
6634 0.535051 -0.00110591 -0.0380547 0.01 60 60 0 0 0
6635 0.589859 -0.000939821 -0.0267727 0.01 85 85 0 0 0
6639 0.602962 -0.000900115 -0.0306912 0.01 60 61 0 0 0
6646 0.613343 -0.000868659 -0.0740039 0.01 47 47 0 0 0
6647 0.563873 -0.00101857 -0.0723111 0.01 60 60 0 0 0
6653 0.589859 -0.000939821 -0.0335683 0.01 84 84 0 0 0
6657 0.589859 -0.000939821 -0.0335683 0.01 86 86 0 0 0
6663 0.613343 -0.000868659 -0.0740039 0.01 47 47 0 0 0
6678 0.572252 -0.000993175 -0.0535642 0.01 60 60 0 0 0
6680 0.540873 -0.00108826 -0.0600137 0.01 60 60 0 0 0
6684 0.640105 -0.00078756 -0.0541699 0.01 47 46 0 0 0
6700 0.613343 -0.000868659 -0.0740039 0.01 47 47 0 0 0
6706 0.613343 -0.000868659 -0.0740039 0.01 47 47 0 0 0
6713 0.543894 -0.00107911 -0.0380547 0.01 60 60 0 0 0
6719 0.637286 -0.000796104 -0.0469969 0.01 47 47 0 0 0
6731 0.613343 -0.000868659 -0.0740039 0.01 47 47 0 0 0
6735 0.542961 -0.00108194 -0.028732 0.01 60 60 0 0 0
6740 0.589859 -0.000939821 -0.0267727 0.01 84 84 0 0 0
6741 0.613343 -0.000868659 -0.0576501 0.01 47 47 0 0 0
6762 0.553985 -0.00104853 -0.0380547 0.01 60 60 0 0 0
6787 0.570452 -0.000998632 -0.0380547 0.01 60 60 0 0 0
6802 0.589859 -0.000939821 -0.0235622 0.01 85 85 0 0 0
6804 0.608832 -0.000882326 -0.0740039 0.01 47 47 0 0 0
6831 0.570091 -0.000999724 -0.0287386 0.01 60 60 0 0 0
6841 0.58851 -0.000943909 -0.00626705 0.01 60 59 0 0 0
6843 0.637286 -0.000796104 -0.0541699 0.01 47 47 0 0 0
6854 0.563873 -0.00101857 -0.00802935 0.01 60 60 0 0 0
6873 0.530146 -0.00112077 -0.0188672 0.01 60 60 0 0 0
6885 0.589859 -0.000939821 -0.0335683 0.01 84 84 0 0 0
6886 0.535051 -0.00110591 -0.0380547 0.01 60 60 0 0 0
6902 0.575673 -0.000982809 -0.0335683 0.01 84 84 0 0 0
6923 0.613343 -0.000868659 -0.0740039 0.01 47 47 0 0 0
6951 0.589859 -0.000939821 -0.0267727 0.01 85 85 0 0 0
6962 0.589859 -0.000939821 -0.0335683 0.01 86 85 0 0 0
7020 0.575673 -0.000982809 -0.0335683 0.01 84 84 0 0 0
7022 0.58929 -0.000941545 -0.0655672 0.01 47 47 0 0 0
7061 0.543894 -0.00107911 -0.0253302 0.01 60 60 0 0 0
7073 0.608832 -0.000882326 -0.0730402 0.01 46 47 0 0 0
7091 0.637286 -0.000796104 -0.0540937 0.01 47 47 0 0 0
7097 0.589859 -0.000939821 -0.0267727 0.01 84 84 0 0 0
7100 0.514712 -0.00116754 -0.0188672 0.01 60 60 0 0 0
7101 0.60527 -0.000893121 -0.0141935 0.01 85 85 0 0 0
7109 0.589859 -0.000939821 -0.0335683 0.01 85 85 0 0 0
7117 0.589859 -0.000939821 -0.0267727 0.01 85 85 0 0 0
7119 0.608832 -0.000882326 -0.0730402 0.01 47 47 0 0 0
7120 0.637286 -0.000796104 -0.0469969 0.01 46 46 0 0 0
7132 0.589859 -0.000939821 -0.0267727 0.01 84 85 0 0 0
7157 0.637286 -0.000796104 -0.0540937 0.01 47 47 0 0 0
7162 0.637286 -0.000796104 -0.0469969 0.01 46 46 0 0 0
7166 0.530146 -0.00112077 -0.0188672 0.01 60 60 0 0 0
7169 0.589859 -0.000939821 -0.0335683 0.01 86 86 0 0 0
7172 0.570091 -0.000999724 -0.0200981 0.01 60 60 0 0 0
7201 0.613343 -0.000868659 -0.0740039 0.01 47 47 0 0 0
7203 0.640105 -0.00078756 -0.0541699 0.01 46 46 0 0 0
7212 0.640105 -0.00078756 -0.0541699 0.01 46 46 0 0 0
7238 0.570091 -0.000999724 -0.0254468 0.01 60 59 0 0 0
7248 0.637286 -0.000796104 -0.0541699 0.01 47 48 0 0 0
7250 0.613343 -0.000868659 -0.0740039 0.01 47 47 0 0 0
7261 0.637286 -0.000796104 -0.0541699 0.01 47 47 0 0 0
7278 0.60527 -0.000893121 -0.0141935 0.01 84 84 0 0 0
7280 0.610596 -0.00087698 -0.0740039 0.01 47 47 0 0 0
7311 0.570091 -0.000999724 -0.0380547 0.01 60 59 0 0 0
7316 0.646377 -0.000768553 -0.0469969 0.01 47 47 0 0 0
7321 0.589859 -0.000939821 -0.0335683 0.01 84 84 0 0 0
7348 0.568258 -0.00100528 -0.0355351 0.01 60 59 0 0 0
7358 0.560923 -0.00102751 -0.0272353 0.01 60 60 0 0 0
7365 0.640105 -0.00078756 -0.0570841 0.01 46 46 0 0 0
7368 0.625799 -0.000830911 -0.0469969 0.01 46 46 0 0 0
7386 0.550756 -0.00105832 -0.0258714 0.01 60 60 0 0 0
7400 0.58929 -0.000941545 -0.0655672 0.01 47 47 0 0 0
7408 0.640105 -0.00078756 -0.0541699 0.01 46 46 0 0 0
7413 0.639127 -0.000790526 -0.0541699 0.01 46 46 0 0 0
7429 0.566115 -0.00101177 -0.00802935 0.01 60 60 0 0 0
7431 0.573387 -0.000989737 -0.0380547 0.01 60 60 0 0 0
7455 0.637286 -0.000796104 -0.0541699 0.01 46 46 0 0 0
7464 0.589859 -0.000939821 -0.0335683 0.01 84 84 0 0 0
7483 0.540873 -0.00108826 -0.056368 0.01 60 60 0 0 0
7487 0.589859 -0.000939821 -0.0335683 0.01 84 84 0 0 0
7494 0.637286 -0.000796104 -0.0469969 0.01 47 47 0 0 0
7549 0.551077 -0.00105734 -0.0469969 0.01 60 60 0 0 0
7566 0.535051 -0.00110591 -0.0380547 0.01 60 60 0 0 0
7574 0.637286 -0.000796104 -0.0541699 0.01 47 48 0 0 0
7575 0.589859 -0.000939821 -0.0335683 0.01 86 85 0 0 0
7576 0.589859 -0.000939821 -0.0450681 0.01 85 85 -0.0603796 0 -0.0114998
7582 0.608832 -0.000882326 -0.0730402 0.01 47 47 0 0 0
7597 0.566129 -0.00101173 -0.0384986 0.01 60 60 0 0 0
7603 0.563873 -0.00101857 -0.0723111 0.01 60 60 0 0 0
7607 0.637286 -0.000796104 -0.0541699 0.01 46 46 0 0 0
7626 0.589859 -0.000939821 -0.0267727 0.01 85 85 0 0 0
7642 0.608832 -0.000882326 -0.0740039 0.01 47 47 0 0 0
7652 0.589859 -0.000939821 -0.0335683 0.01 85 85 0 0 0
7654 0.561525 -0.00102568 -0.0380547 0.01 60 60 0 0 0
7662 0.55594 -0.00104261 -0.0494355 0.01 60 60 0 0 0
7676 0.550756 -0.00105832 -0.0258714 0.01 60 60 0 0 0
7680 0.637286 -0.000796104 -0.0469969 0.01 46 46 0 0 0
7686 0.637286 -0.000796104 -0.0464171 0.01 46 47 0 0 0
7690 0.608832 -0.000882326 -0.0740039 0.01 47 47 0 0 0
7738 0.58929 -0.000941545 -0.0655672 0.01 47 47 0 0 0
7741 0.640105 -0.00078756 -0.0541699 0.01 45 46 0 0 0
7748 0.584481 -0.000956117 -0.0456945 0.01 60 60 0 0 0
7753 0.626176 -0.00082977 -0.0637579 0.01 47 47 0.00530757 -0.0111098 0
7763 0.566129 -0.00101173 -0.038249 0.01 60 60 0 0 0
7778 0.640105 -0.00078756 -0.0541699 0.01 46 46 0 0 0
7791 0.637286 -0.000796104 -0.0541699 0.01 46 46 0 0 0
7796 0.589859 -0.000939821 -0.0267727 0.01 84 84 0 0 0
7802 0.589859 -0.000939821 -0.0267727 0.01 84 84 0 0 0
7811 0.558431 -0.00103506 -0.0469969 0.01 60 60 0 0 0
7824 0.612454 -0.000871352 -0.0517475 0.01 60 60 0 0 0
7855 0.54872 -0.00106448 -0.0278021 0.01 60 60 0 0 0
7860 0.637286 -0.000796104 -0.0469969 0.01 47 47 0 0 0
7864 0.640105 -0.00078756 -0.0541699 0.01 46 46 0 0 0
7874 0.637286 -0.000796104 -0.0552051 0.01 47 47 0 0 0
7881 0.589859 -0.000939821 -0.0335683 0.01 84 84 0 0 0
7952 0.640105 -0.00078756 -0.0541699 0.01 46 46 0 0 0
7966 0.637286 -0.000796104 -0.0469969 0.01 46 46 0 0 0
7987 0.589859 -0.000939821 -0.0267727 0.01 85 85 0 0 0
7989 0.640105 -0.00078756 -0.0541699 0.01 46 46 0 0 0
8026 0.613343 -0.000868659 -0.0740039 0.01 47 47 0 0 0
8031 0.589859 -0.000939821 -0.0335683 0.01 84 84 0 0 0
8050 0.589859 -0.000939821 -0.0267727 0.01 84 84 0 0 0
8063 0.589859 -0.000939821 -0.0235622 0.01 85 85 0 0 0
8064 0.613343 -0.000868659 -0.0740039 0.01 47 47 0 0 0
8072 0.634009 -0.000806033 -0.0499602 0.01 46 46 0.0014978 -0.00327665 0
8076 0.589859 -0.000939821 -0.0267727 0.01 85 85 0 0 0
8086 0.562535 -0.00102262 -0.0408774 0.01 60 60 0 0 0
8103 0.637286 -0.000796104 -0.0541699 0.01 46 46 0 0 0
8108 0.607076 -0.000887648 -0.0469969 0.01 60 60 0 0 0
8111 0.589859 -0.000939821 -0.0335683 0.01 84 83 0 0 0
8115 0.613343 -0.000868659 -0.0740039 0.01 47 47 0 0 0
8132 0.589859 -0.000939821 -0.0267727 0.01 85 85 0 0 0
8139 0.617985 -0.000854591 -0.0541699 0.01 46 46 0.00907458 -0.019301 0
8140 0.637286 -0.000796104 -0.0469969 0.01 47 48 0 0 0
8143 0.608832 -0.000882326 -0.0740039 0.01 47 47 0 0 0
8145 0.610136 -0.000878375 -0.0533347 0.01 47 47 0 0 0
8155 0.613343 -0.000868659 -0.0740039 0.01 47 47 0 0 0
8172 0.637286 -0.000796104 -0.0541699 0.01 47 47 0 0 0
8177 0.589859 -0.000939821 -0.0335683 0.01 86 86 0 0 0
8179 0.589859 -0.000939821 -0.0439338 0.01 85 85 0 0 0
8192 0.589859 -0.000939821 -0.0335683 0.01 84 84 0 0 0
8203 0.59088 -0.000936727 -0.0535642 0.01 60 60 0 0 0
8209 0.584481 -0.000956117 -0.0456945 0.01 60 60 0 0 0
8210 0.589859 -0.000939821 -0.0335683 0.01 84 84 0 0 0
8213 0.625799 -0.000830911 -0.0469969 0.01 46 46 0 0 0
8221 0.640105 -0.00078756 -0.0541699 0.01 46 46 0 0 0
8257 0.613343 -0.000868659 -0.0740039 0.01 46 47 0 0 0
8278 0.535051 -0.00110591 -0.0380547 0.01 60 60 0 0 0
8281 0.59088 -0.000936727 -0.0535642 0.01 60 60 0 0 0
8291 0.589859 -0.000939821 -0.0390132 0.01 84 84 -0.0657667 0 -0.0122405
8303 0.613343 -0.000868659 -0.0740039 0.01 47 47 0 0 0
8307 0.589859 -0.000939821 -0.0267727 0.01 84 84 0 0 0
8312 0.55594 -0.00104261 -0.0494355 0.01 60 60 0 0 0
8313 0.60527 -0.000893121 -0.0141935 0.01 84 84 0 0 0
8316 0.610136 -0.000878375 -0.0533347 0.01 47 47 0 0 0
8339 0.640105 -0.00078756 -0.0541699 0.01 45 46 0 0 0
8378 0.535051 -0.00110591 -0.0448919 0.01 60 60 0 0 0
8386 0.543894 -0.00107911 -0.0253302 0.01 60 60 0 0 0
8399 0.570091 -0.000999724 -0.016852 0.01 60 60 0 0 0
8401 0.589859 -0.000939821 -0.0267727 0.01 84 84 0 0 0
8404 0.573719 -0.00098873 -0.0571214 0.01 60 60 0 0 0
8409 0.613343 -0.000868659 -0.0853333 0.01 47 48 0 0 0
8412 0.640105 -0.00078756 -0.0541699 0.01 46 46 0 0 0
8414 0.589859 -0.000939821 -0.0267727 0.01 84 84 0 0 0
8421 0.589859 -0.000939821 -0.0335683 0.01 84 84 0 0 0
8429 0.589859 -0.000939821 -0.0267727 0.01 86 86 0 0 0
8434 0.543894 -0.00107911 -0.0380547 0.01 60 60 0 0 0
8463 0.575673 -0.000982809 -0.0335683 0.01 84 84 0 0 0
8472 0.589859 -0.000939821 -0.0267727 0.01 85 85 0 0 0
8473 0.589859 -0.000939821 -0.0335683 0.01 84 84 0 0 0
8499 0.589859 -0.000939821 -0.0335683 0.01 85 85 0 0 0
8510 0.540873 -0.00108826 -0.0600137 0.01 60 61 0 0 0
8531 0.637286 -0.000796104 -0.0469969 0.01 46 46 0 0 0
8554 0.640105 -0.00078756 -0.0451911 0.01 46 46 0.00104797 0 0.00897882
8559 0.637286 -0.000796104 -0.0499602 0.01 46 48 -0.000219062 0 -0.00296331
8615 0.55594 -0.00104261 -0.0494355 0.01 60 60 0 0 0
8618 0.543894 -0.00107911 -0.0380547 0.01 60 60 0 0 0
8626 0.637286 -0.000796104 -0.0469969 0.01 47 48 0 0 0
8631 0.55828 -0.00103552 -0.0739455 0.01 60 60 0 0 0
8632 0.547511 -0.00106815 -0.0380547 0.01 60 59 0 0 0
8637 0.570091 -0.000999724 -0.016852 0.01 60 60 0 0 0
8642 0.60527 -0.000893121 -0.0141935 0.01 84 84 0 0 0
8650 0.55594 -0.00104261 -0.0380547 0.01 60 61 0 0 0
8651 0.569637 -0.0010011 -0.030826 0.01 60 60 0 0 0
8664 0.563873 -0.00101857 -0.0723111 0.01 60 60 0 0 0
8666 0.637286 -0.000796104 -0.0469969 0.01 47 47 0 0 0
8668 0.576054 -0.000981656 -0.0141935 0.01 84 84 0 0 0
8673 0.589859 -0.000939821 -0.0361862 0.01 84 84 0 0 0
8719 0.613343 -0.000868659 -0.0740039 0.01 47 47 0 0 0
8722 0.613343 -0.000868659 -0.0740039 0.01 47 47 0 0 0
8725 0.589859 -0.000939821 -0.0335683 0.01 84 84 0 0 0
8727 0.589859 -0.000939821 -0.0335683 0.01 86 86 0 0 0
8729 0.589859 -0.000939821 -0.0267727 0.01 84 84 0 0 0
8734 0.589859 -0.000939821 -0.0267727 0.01 85 85 0 0 0
8738 0.637286 -0.000796104 -0.0469969 0.01 46 46 0 0 0
8741 0.637286 -0.000796104 -0.0499602 0.01 47 48 0 0 0
8755 0.589859 -0.000939821 -0.0267727 0.01 84 85 0 0 0
8784 0.637286 -0.000796104 -0.0540937 0.01 47 47 0 0 0
8788 0.550756 -0.00105832 -0.0258714 0.01 60 60 0 0 0
8789 0.614306 -0.000865738 -0.0463135 0.01 60 60 -0.00128086 0.00180095 0
8791 0.58929 -0.000941545 -0.0655672 0.01 46 46 0 0 0
8796 0.637286 -0.000796104 -0.0469969 0.01 47 48 0 0 0
8809 0.565532 -0.00101354 -0.0119526 0.01 60 60 0 0 0
8810 0.612454 -0.000871352 -0.0517475 0.01 60 60 0 0 0
8816 0.589859 -0.000939821 -0.0335683 0.01 84 84 0 0 0
8826 0.589859 -0.000939821 -0.0267727 0.01 86 86 0 0 0
8828 0.589859 -0.000939821 -0.0335683 0.01 84 84 0 0 0
8846 0.547445 -0.00106835 -0.0469969 0.01 60 60 0 0 0
8879 0.589859 -0.000939821 -0.0267727 0.01 85 85 0 0 0
8897 0.542961 -0.00108194 -0.028732 0.01 60 60 0 0 0
8914 0.637286 -0.000796104 -0.0541699 0.01 46 46 0 0 0
8917 0.612454 -0.000871352 -0.0517475 0.01 60 60 0 0 0
8929 0.589859 -0.000939821 -0.0335683 0.01 85 85 0 0 0
8936 0.599753 -0.00090984 -0.0235622 0.01 84 84 -0.00736669 0.00989372 0
8937 0.651693 -0.000752444 -0.0541699 0.01 47 46 -0.00505943 0.0115883 0
8945 0.637286 -0.000796104 -0.0552051 0.01 47 47 0 0 0
8961 0.610596 -0.00087698 -0.0740039 0.01 47 47 0 0 0
8973 0.637286 -0.000796104 -0.0464171 0.01 47 47 0 0 0
8997 0.589859 -0.000939821 -0.0267727 0.01 85 85 0 0 0
8999 0.637286 -0.000796104 -0.0458823 0.01 47 47 0 0 0
9008 0.637286 -0.000796104 -0.0469969 0.01 46 46 0 0 0
9022 0.589859 -0.000939821 -0.0335683 0.01 85 84 0 0 0
9024 0.612505 -0.000871196 -0.0463135 0.01 60 60 0 0 0
9028 0.613343 -0.000868659 -0.0740039 0.01 47 47 0 0 0
9036 0.613343 -0.000868659 -0.0740039 0.01 47 47 0 0 0
9044 0.589859 -0.000939821 -0.0335683 0.01 84 84 0 0 0
9049 0.593485 -0.000928832 -0.0643478 0.01 60 60 0 0 0
9053 0.640105 -0.00078756 -0.0570841 0.01 47 47 0 0 0
9081 0.627984 -0.00082429 -0.0541699 0.01 46 46 0 0 0
9094 0.577192 -0.000978207 -0.0391685 0.01 60 60 0 0 0
9098 0.589859 -0.000939821 -0.0335683 0.01 84 84 0 0 0
9117 0.6078 -0.000885455 -0.0452771 0.01 60 60 0 0 0
9146 0.608832 -0.000882326 -0.0740039 0.01 46 47 0 0 0
9156 0.525354 -0.00113529 -0.0739455 0.01 60 58 0 0 0
9160 0.563873 -0.00101857 -0.0380547 0.01 60 60 0 0 0
9168 0.589859 -0.000939821 -0.0267727 0.01 85 85 0 0 0
9170 0.571829 -0.000994458 -0.0267727 0.01 85 85 0.0128477 -0.0180302 0
9192 0.567666 -0.00100707 -0.0249762 0.01 60 60 0 0 0
9200 0.589859 -0.000939821 -0.0267727 0.01 84 84 0 0 0
9202 0.581447 -0.000965311 -0.0640582 0.01 60 60 0 0 0
9208 0.613343 -0.000868659 -0.0740039 0.01 47 47 0 0 0
9223 0.55594 -0.00104261 -0.0494355 0.01 60 60 0 0 0
9237 0.569637 -0.0010011 -0.030826 0.01 60 60 0 0 0
9240 0.637286 -0.000796104 -0.0499602 0.01 46 46 0 0 0
9251 0.608832 -0.000882326 -0.0740039 0.01 47 47 0 0 0
9264 0.640105 -0.00078756 -0.0541699 0.01 46 46 0 0 0
9265 0.598232 -0.000914448 -0.0335683 0.01 84 84 0 0 0
9268 0.613343 -0.000868659 -0.0740039 0.01 47 47 0 0 0
9269 0.540873 -0.00108826 -0.0600137 0.01 60 60 0 0 0
9271 0.589859 -0.000939821 -0.0335683 0.01 85 84 0 0 0
9303 0.560923 -0.00102751 -0.0272353 0.01 60 60 0 0 0
9315 0.613343 -0.000868659 -0.0740039 0.01 47 47 0 0 0
9323 0.613343 -0.000868659 -0.0740039 0.01 47 47 0 0 0
9326 0.540873 -0.00108826 -0.056368 0.01 60 60 0 0 0
9337 0.640105 -0.00078756 -0.0541699 0.01 46 46 0 0 0
9362 0.543894 -0.00107911 -0.0380547 0.01 60 60 0 0 0
9389 0.551077 -0.00105734 -0.0469969 0.01 60 60 0 0 0
9419 0.560923 -0.00102751 -0.0442575 0.01 60 61 0 0 0
9446 0.589859 -0.000939821 -0.0335683 0.01 86 86 0 0 0
9457 0.589859 -0.000939821 -0.0267727 0.01 84 84 0 0 0
9463 0.563873 -0.00101857 -0.0373213 0.01 60 60 0 0 0
9465 0.640105 -0.00078756 -0.0541699 0.01 46 46 0 0 0
9478 0.640105 -0.00078756 -0.0361703 0.01 46 46 0.00211141 0 0.0179997
9480 0.561013 -0.00102723 -0.00802935 0.01 60 60 0 0 0
9486 0.613343 -0.000868659 -0.0740039 0.01 47 47 0 0 0
9488 0.55594 -0.00104261 -0.0380547 0.01 60 60 0 0 0
9506 0.58929 -0.000941545 -0.0655672 0.01 47 47 0 0 0
9516 0.565391 -0.00101397 -0.0317609 0.01 60 60 0 0 0
9528 0.589859 -0.000939821 -0.0267727 0.01 85 85 0 0 0
9546 0.589859 -0.000939821 -0.0267727 0.01 85 85 0 0 0
9548 0.589859 -0.000939821 -0.0267727 0.01 84 84 0 0 0
9554 0.637286 -0.000796104 -0.0469969 0.01 47 47 0 0 0
9556 0.637286 -0.000796104 -0.0464171 0.01 47 48 0 0 0
9563 0.63623 -0.000799305 -0.0660764 0.01 60 60 0 0 0
9577 0.589859 -0.000939821 -0.0267727 0.01 85 84 0 0 0
9588 0.540873 -0.00108826 -0.056368 0.01 60 60 0 0 0
9602 0.637286 -0.000796104 -0.0541699 0.01 47 47 0 0 0
9644 0.589859 -0.000939821 -0.0335683 0.01 84 84 0 0 0
9649 0.637286 -0.000796104 -0.0469969 0.01 46 46 0 0 0
9664 0.640105 -0.00078756 -0.0541699 0.01 46 46 0 0 0
9665 0.570452 -0.000998632 -0.0380547 0.01 60 60 0 0 0
9667 0.637286 -0.000796104 -0.0541699 0.01 47 47 0 0 0
9668 0.540873 -0.00108826 -0.0600137 0.01 60 60 0 0 0
9672 0.637286 -0.000796104 -0.0552051 0.01 47 47 0 0 0
9676 0.640105 -0.00078756 -0.0570841 0.01 46 46 0 0 0
9677 0.542961 -0.00108194 -0.028732 0.01 60 60 0 0 0
9679 0.640105 -0.00078756 -0.0541699 0.01 46 46 0 0 0
9685 0.611785 -0.00087338 -0.0335683 0.01 84 83 0 0 0
9716 0.589859 -0.000939821 -0.0335683 0.01 85 85 0 0 0
9728 0.637286 -0.000796104 -0.0541699 0.01 47 47 0 0 0
9732 0.640105 -0.00078756 -0.0541699 0.01 46 46 0 0 0
9747 0.589859 -0.000939821 -0.0335683 0.01 86 86 0 0 0
9754 0.640105 -0.00078756 -0.0541699 0.01 46 46 0 0 0
9757 0.637286 -0.000796104 -0.0541699 0.01 47 47 0 0 0
9773 0.589859 -0.000939821 -0.0335683 0.01 84 84 0 0 0
9802 0.543894 -0.00107911 -0.0380547 0.01 60 60 0 0 0
9820 0.59088 -0.000936727 -0.0535642 0.01 60 60 -0.0145833 0.0186279 0
9836 0.637286 -0.000796104 -0.0469969 0.01 47 47 0 0 0
9866 0.608832 -0.000882326 -0.0740039 0.01 47 47 0 0 0
9867 0.543894 -0.00107911 -0.0380547 0.01 60 61 0 0 0
9878 0.589859 -0.000939821 -0.0335683 0.01 84 84 0 0 0
9902 0.589859 -0.000939821 -0.0335683 0.01 84 84 0 0 0
9912 0.576054 -0.000981656 -0.0141935 0.01 84 84 0 0 0
9924 0.589859 -0.000939821 -0.0335683 0.01 84 84 0 0 0
9939 0.589859 -0.000939821 -0.0267727 0.01 84 84 0 0 0
9950 0.613343 -0.000868659 -0.0740039 0.01 46 47 0 0 0
9964 0.637286 -0.000796104 -0.0469969 0.01 46 46 0 0 0
9971 0.589859 -0.000939821 -0.0335683 0.01 84 84 0 0 0
9980 0.588506 -0.000943923 -0.0802063 0.01 60 60 0 0 0
9999 0.6078 -0.000885455 -0.0452771 0.01 60 60 0 0 0
10003 0.589859 -0.000939821 -0.0335683 0.01 84 84 0 0 0
10044 0.637286 -0.000796104 -0.0469969 0.01 47 47 0 0 0
10053 0.547511 -0.00106815 -0.0380547 0.01 60 60 0 0 0
10062 0.557264 -0.00103859 -0.0380547 0.01 60 60 0 0 0
10065 0.560923 -0.00102751 -0.0523992 0.01 60 61 0 0 0
10073 0.589859 -0.000939821 -0.0335683 0.01 84 84 0 0 0
10082 0.610596 -0.00087698 -0.0740039 0.01 47 47 0 0 0
10096 0.592897 -0.000930616 -0.0802063 0.01 60 60 0 0 0
10108 0.589859 -0.000939821 -0.0267727 0.01 84 84 0 0 0
10120 0.60527 -0.000893121 -0.0141935 0.01 84 84 0 0 0
10121 0.637286 -0.000796104 -0.0469969 0.01 46 46 0 0 0
10124 0.637286 -0.000796104 -0.0469969 0.01 47 48 0 0 0
10138 0.589859 -0.000939821 -0.0267727 0.01 84 84 0 0 0
10165 0.640105 -0.00078756 -0.0541699 0.01 46 46 0 0 0
10179 0.589859 -0.000939821 -0.0335683 0.01 85 85 0 0 0
10186 0.570091 -0.000999724 -0.0258714 0.01 60 60 0 0 0
10187 0.540873 -0.00108826 -0.0600137 0.01 60 59 0 0 0
10191 0.637286 -0.000796104 -0.0541699 0.01 47 47 0 0 0
10208 0.589859 -0.000939821 -0.0267727 0.01 85 85 0 0 0
10218 0.613343 -0.000868659 -0.0740039 0.01 47 47 0 0 0
10228 0.584481 -0.000956117 -0.0469969 0.01 60 60 0 0 0
10262 0.576431 -0.000980513 -0.0901126 0.01 60 60 0 0 0
10275 0.637286 -0.000796104 -0.0540937 0.01 46 47 0 0 0
10281 0.566115 -0.00101177 -0.00802935 0.01 60 60 0 0 0
10297 0.589859 -0.000939821 -0.0335683 0.01 85 85 0 0 0
10304 0.589859 -0.000939821 -0.0335683 0.01 86 86 0 0 0
10310 0.560923 -0.00102751 -0.0272353 0.01 60 60 0 0 0
10312 0.589859 -0.000939821 -0.0267727 0.01 85 85 0 0 0
10326 0.637286 -0.000796104 -0.0469969 0.01 47 48 0 0 0
10334 0.540873 -0.00108826 -0.056368 0.01 60 59 0 0 0
10340 0.640105 -0.00078756 -0.0541699 0.01 47 46 0 0 0
10341 0.589859 -0.000939821 -0.0335683 0.01 85 85 0 0 0
10350 0.570091 -0.000999724 -0.0258714 0.01 60 60 0 0 0
10351 0.637286 -0.000796104 -0.0552051 0.01 47 47 0 0 0
10359 0.589859 -0.000939821 -0.0267727 0.01 85 85 0 0 0
10363 0.608832 -0.000882326 -0.0740039 0.01 47 47 0 0 0
10365 0.535051 -0.00110591 -0.0380547 0.01 60 60 0 0 0
10371 0.589859 -0.000939821 -0.0335683 0.01 85 85 0 0 0
10389 0.589859 -0.000939821 -0.0267727 0.01 86 86 0 0 0
10416 0.637286 -0.000796104 -0.0469969 0.01 47 47 0 0 0
10433 0.589859 -0.000939821 -0.0267727 0.01 86 86 0 0 0
10436 0.589859 -0.000939821 -0.0235622 0.01 85 85 0 0 0
10438 0.613343 -0.000868659 -0.0740039 0.01 47 47 0 0 0
10456 0.557801 -0.00103697 -0.0277815 0.01 60 61 0.00162023 0 0.00741739
10460 0.543894 -0.00107911 -0.0325283 0.01 60 60 0 0 0
10469 0.589859 -0.000939821 -0.0267727 0.01 84 84 0 0 0
10483 0.550756 -0.00105832 -0.0258714 0.01 60 60 0 0 0
10485 0.640105 -0.00078756 -0.0570841 0.01 45 46 0 0 0
10499 0.640105 -0.00078756 -0.0541699 0.01 46 46 0 0 0
10511 0.589859 -0.000939821 -0.0335683 0.01 84 84 0 0 0
10516 0.653325 -0.0007475 -0.0541699 0.01 47 46 -0.00575286 0.0132198 0
10566 0.637286 -0.000796104 -0.0540937 0.01 47 47 0 0 0
10577 0.589859 -0.000939821 -0.0335683 0.01 84 84 0 0 0
10616 0.589859 -0.000939821 -0.0335683 0.01 86 86 0 0 0
10640 0.613343 -0.000868659 -0.0740039 0.01 47 47 0 0 0
10646 0.640105 -0.00078756 -0.0541699 0.01 46 46 0 0 0
10658 0.613343 -0.000868659 -0.0853333 0.01 47 48 0 0 0
10671 0.637286 -0.000796104 -0.0469969 0.01 46 46 0 0 0
10687 0.576054 -0.000981656 -0.0141935 0.01 84 84 0 0 0
10695 0.608832 -0.000882326 -0.0740039 0.01 47 47 0 0 0
10700 0.637286 -0.000796104 -0.0542437 0.01 47 48 -0.000534862 0 -0.0072468
10730 0.555156 -0.00104498 -0.016852 0.01 60 60 0 0 0
10761 0.637286 -0.000796104 -0.0469969 0.01 46 46 0 0 0
10787 0.612505 -0.000871196 -0.0463135 0.01 60 60 0 0 0
10800 0.530146 -0.00112077 -0.0188672 0.01 60 59 0 0 0
10803 0.570091 -0.000999724 -0.0200981 0.01 60 60 0 0 0
10805 0.589859 -0.000939821 -0.0335683 0.01 84 84 0 0 0
10819 0.589859 -0.000939821 -0.0267727 0.01 85 85 0 0 0
10850 0.640105 -0.00078756 -0.0541699 0.01 46 46 0 0 0
10854 0.613343 -0.000868659 -0.0740039 0.01 47 48 0 0 0
10858 0.637286 -0.000796104 -0.0541699 0.01 47 47 0 0 0
10866 0.589859 -0.000939821 -0.0335683 0.01 84 84 0 0 0
10867 0.589859 -0.000939821 -0.0235622 0.01 85 85 0 0 0
10871 0.575673 -0.000982809 -0.0335683 0.01 84 84 0 0 0
10883 0.543894 -0.00107911 -0.0385778 0.01 60 60 0 0 0
10910 0.60527 -0.000893121 -0.0141935 0.01 85 84 0 0 0
10914 0.640105 -0.00078756 -0.0541699 0.01 46 46 0 0 0
10919 0.613343 -0.000868659 -0.0740039 0.01 47 47 0 0 0
10931 0.60527 -0.000893121 -0.0209801 0.01 84 84 0 0 0
10958 0.637286 -0.000796104 -0.0469969 0.01 47 47 0 0 0
10963 0.589859 -0.000939821 -0.0235622 0.01 85 85 0 0 0
10966 0.637286 -0.000796104 -0.0469969 0.01 47 47 0 0 0
10977 0.637286 -0.000796104 -0.0538888 0.01 47 47 0 0 0
10983 0.613343 -0.000868659 -0.0740039 0.01 47 47 0 0 0
10990 0.589859 -0.000939821 -0.0335683 0.01 84 84 0 0 0
11001 0.637286 -0.000796104 -0.0469969 0.01 46 46 0 0 0
11012 0.668648 -0.000701065 -0.0469969 0.01 47 47 0 0 0
11017 0.608832 -0.000882326 -0.0730402 0.01 47 47 0 0 0
11023 0.637286 -0.000796104 -0.0305696 0.01 46 46 0.00196227 0 0.0164273
11029 0.608832 -0.000882326 -0.0740039 0.01 47 47 0 0 0
11033 0.563873 -0.00101857 -0.0380547 0.01 60 60 0 0 0
11035 0.589859 -0.000939821 -0.0267727 0.01 86 86 0 0 0
11060 0.573387 -0.000989737 -0.0380547 0.01 60 60 0 0 0
11072 0.608832 -0.000882326 -0.0740039 0.01 47 47 0 0 0
11080 0.567666 -0.00100707 -0.0476381 0.01 60 60 0 0 0
11089 0.637286 -0.000796104 -0.0469969 0.01 47 47 0 0 0
11098 0.550756 -0.00105832 -0.0258714 0.01 60 60 0 0 0
11099 0.651693 -0.000752444 -0.0541699 0.01 47 47 0 0 0
11112 0.589859 -0.000939821 -0.0335683 0.01 84 84 0 0 0
11127 0.589859 -0.000939821 -0.0141935 0.01 84 84 0 0 0
11136 0.589859 -0.000939821 -0.0267727 0.01 85 85 0 0 0
11141 0.640105 -0.00078756 -0.0541699 0.01 46 46 0 0 0
11152 0.560923 -0.00102751 -0.0377447 0.01 60 61 0 0 0
11157 0.570091 -0.000999724 -0.0187319 0.01 60 57 0 0 0
11158 0.613343 -0.000868659 -0.0740039 0.01 47 47 0 0 0
11191 0.570091 -0.000999724 -0.016852 0.01 60 60 0 0 0
11197 0.589859 -0.000939821 -0.0427611 0.01 86 86 -0.0522206 0 -0.00919275
11201 0.589528 -0.000940825 -0.0739455 0.01 60 60 0 0 0
11205 0.613343 -0.000868659 -0.0740039 0.01 47 47 0 0 0
11210 0.560923 -0.00102751 -0.0272353 0.01 60 60 0 0 0
11265 0.589859 -0.000939821 -0.0267727 0.01 85 85 0 0 0
11268 0.531512 -0.00111663 -0.028732 0.01 60 60 0 0 0
11293 0.611785 -0.00087338 -0.0335683 0.01 84 82 0 0 0
11302 0.575673 -0.000982809 -0.0335683 0.01 84 84 0 0 0
11312 0.567666 -0.00100707 -0.0368455 0.01 60 59 0 0 0
11340 0.613343 -0.000868659 -0.0853333 0.01 47 48 0 0 0
11370 0.607076 -0.000887648 -0.0469603 0.01 60 61 0 0 0
11380 0.55594 -0.00104261 -0.0380547 0.01 60 60 0 0 0
11388 0.608832 -0.000882326 -0.0730402 0.01 47 47 0 0 0
11403 0.589859 -0.000939821 -0.0335683 0.01 84 84 0 0 0
11413 0.535051 -0.00110591 -0.0296169 0.01 60 60 0 0 0
11428 0.589859 -0.000939821 -0.0335683 0.01 84 83 0 0 0
11431 0.589859 -0.000939821 -0.0267727 0.01 85 85 0 0 0
11441 0.613343 -0.000868659 -0.0740039 0.01 47 47 0 0 0
11445 0.535051 -0.00110591 -0.0380547 0.01 60 60 0 0 0
11446 0.570091 -0.000999724 -0.016852 0.01 60 60 0 0 0
11456 0.573227 -0.000990222 -0.0275549 0.01 60 60 0.0187237 -0.0238261 0
11482 0.589859 -0.000939821 -0.0267727 0.01 85 85 0 0 0
11484 0.637286 -0.000796104 -0.0541699 0.01 46 46 0 0 0
11498 0.589859 -0.000939821 -0.0267727 0.01 85 85 0 0 0
11500 0.549756 -0.00106134 -0.0591437 0.01 60 60 0 0 0
11503 0.585936 -0.00095171 -0.0335683 0.01 85 85 0 0 0
11508 0.627984 -0.00082429 -0.0541699 0.01 46 46 0 0 0
11529 0.613343 -0.000868659 -0.0740039 0.01 47 47 0 0 0
11543 0.570091 -0.000999724 -0.0258714 0.01 60 60 0 0 0
11578 0.608832 -0.000882326 -0.0740039 0.01 47 47 0 0 0
11589 0.573865 -0.000988287 -0.0443058 0.01 60 60 0 0 0
11596 0.637286 -0.000796104 -0.0541699 0.01 47 47 0 0 0
11597 0.637286 -0.000796104 -0.0541699 0.01 46 46 0 0 0
11612 0.637286 -0.000796104 -0.0469969 0.01 46 46 0 0 0
11616 0.589859 -0.000939821 -0.0335683 0.01 84 84 0 0 0
11621 0.588506 -0.000943923 -0.0802063 0.01 60 60 0 0 0
11632 0.637286 -0.000796104 -0.0469969 0.01 46 46 0 0 0
11658 0.589859 -0.000939821 -0.0335683 0.01 86 86 0 0 0
11659 0.608832 -0.000882326 -0.0740039 0.01 47 47 0 0 0
11661 0.608832 -0.000882326 -0.0740039 0.01 47 47 0 0 0
11668 0.613343 -0.000868659 -0.0740039 0.01 47 47 0 0 0
11673 0.640105 -0.00078756 -0.0570841 0.01 46 46 0 0 0
11678 0.542961 -0.00108194 -0.0126599 0.01 60 60 0 0 0
11692 0.637286 -0.000796104 -0.0541699 0.01 46 46 0 0 0
11700 0.640105 -0.00078756 -0.0541699 0.01 46 46 0 0 0
11708 0.540873 -0.00108826 -0.0950243 0.01 60 60 0 0 0
11724 0.589859 -0.000939821 -0.0267727 0.01 85 85 0 0 0
11771 0.589859 -0.000939821 -0.0335683 0.01 86 86 0 0 0
11776 0.640105 -0.00078756 -0.0541699 0.01 46 46 0 0 0
11777 0.589859 -0.000939821 -0.0267727 0.01 85 85 0 0 0
11784 0.608832 -0.000882326 -0.0740039 0.01 47 47 0 0 0
11789 0.569637 -0.0010011 -0.030826 0.01 60 60 0 0 0
11807 0.637286 -0.000796104 -0.0469969 0.01 47 47 0 0 0
11842 0.637286 -0.000796104 -0.0541699 0.01 47 46 0 0 0
11847 0.640105 -0.00078756 -0.0541699 0.01 46 46 0 0 0
11854 0.589859 -0.000939821 -0.0267727 0.01 85 85 0 0 0
11855 0.608832 -0.000882326 -0.0740039 0.01 47 47 0 0 0
11860 0.608832 -0.000882326 -0.0740039 0.01 47 47 0 0 0
11861 0.569637 -0.0010011 -0.030826 0.01 60 60 0 0 0
11871 0.589859 -0.000939821 -0.0235622 0.01 85 85 0 0 0
11879 0.563873 -0.00101857 -0.0644857 0.01 60 59 0 0 0
11889 0.576941 -0.000978968 -0.028331 0.01 60 60 0.00142753 0 0.00972369
11918 0.540873 -0.00108826 -0.0600137 0.01 60 60 0 0 0
11941 0.552101 -0.00105424 -0.0373213 0.01 60 60 0 0 0
11947 0.589859 -0.000939821 -0.0335683 0.01 85 85 0 0 0
11962 0.566115 -0.00101177 -0.00802935 0.01 60 60 0 0 0
11983 0.60527 -0.000893121 -0.0141935 0.01 85 85 0 0 0
11985 0.589859 -0.000939821 -0.0335683 0.01 84 83 0 0 0
11992 0.535051 -0.00110591 -0.0380547 0.01 60 60 0 0 0
11994 0.589859 -0.000939821 -0.0267727 0.01 85 85 0 0 0
11996 0.589859 -0.000939821 -0.0267727 0.01 84 84 0 0 0
12010 0.608832 -0.000882326 -0.0740039 0.01 47 47 0 0 0
12033 0.637286 -0.000796104 -0.0469969 0.01 46 47 0 0 0
12039 0.560923 -0.00102751 -0.0272353 0.01 60 60 0 0 0
12048 0.627984 -0.00082429 -0.0541699 0.01 46 46 0 0 0
12061 0.613343 -0.000868659 -0.0740039 0.01 47 47 0 0 0
12066 0.589859 -0.000939821 -0.0267727 0.01 84 84 0 0 0
12072 0.6078 -0.000885455 -0.0452771 0.01 60 60 0 0 0
12077 0.589859 -0.000939821 -0.0361862 0.01 84 84 0 0 0
12081 0.609655 -0.000879832 -0.0613895 0.01 60 60 0 0 0
12110 0.589859 -0.000939821 -0.0335683 0.01 86 86 0 0 0
12111 0.608832 -0.000882326 -0.0740039 0.01 47 47 0 0 0
12119 0.60527 -0.000893121 -0.0209801 0.01 84 84 0 0 0
12132 0.570091 -0.000999724 -0.0287388 0.01 60 60 0 0 0
12133 0.608832 -0.000882326 -0.0740039 0.01 47 47 0 0 0
12148 0.589859 -0.000939821 -0.0335683 0.01 86 86 0 0 0
12150 0.589859 -0.000939821 -0.0335683 0.01 84 84 0 0 0
12159 0.637286 -0.000796104 -0.0469969 0.01 47 47 0 0 0
12182 0.589528 -0.000940825 -0.0739455 0.01 60 59 0 0 0
12184 0.637286 -0.000796104 -0.0541699 0.01 46 46 0 0 0
12186 0.58929 -0.000941545 -0.0655672 0.01 47 46 0 0 0
12207 0.637286 -0.000796104 -0.0541699 0.01 47 47 0 0 0
12220 0.608832 -0.000882326 -0.0740039 0.01 47 47 0 0 0
12223 0.637286 -0.000796104 -0.0464171 0.01 47 47 0 0 0
12229 0.589859 -0.000939821 -0.0335683 0.01 84 83 0 0 0
12232 0.609829 -0.000879307 -0.0335683 0.01 84 84 0 0 0
12250 0.589859 -0.000939821 -0.0267727 0.01 85 85 0 0 0
12252 0.589859 -0.000939821 -0.0335683 0.01 86 86 0 0 0
12255 0.589859 -0.000939821 -0.0267727 0.01 84 84 0 0 0
12260 0.575673 -0.000982809 -0.0335683 0.01 84 84 0 0 0
12267 0.640105 -0.00078756 -0.0541699 0.01 46 46 0 0 0
12296 0.589859 -0.000939821 -0.0267727 0.01 85 84 0 0 0
12299 0.599753 -0.00090984 -0.0235622 0.01 84 84 0 0 0
12322 0.589859 -0.000939821 -0.0267727 0.01 86 86 0 0 0
12323 0.543894 -0.00107911 -0.0380547 0.01 60 61 0 0 0
12355 0.637286 -0.000796104 -0.0541699 0.01 46 46 0 0 0
12365 0.613343 -0.000868659 -0.0740039 0.01 47 47 0 0 0
12369 0.640105 -0.00078756 -0.0504592 0.01 46 46 0.000431828 0 0.00371074
12378 0.589859 -0.000939821 -0.0335683 0.01 84 84 0 0 0
12397 0.535051 -0.00110591 -0.0296169 0.01 60 60 0 0 0
12399 0.55594 -0.00104261 -0.0494355 0.01 60 60 0 0 0
12409 0.637286 -0.000796104 -0.0469969 0.01 47 48 0 0 0
12431 0.589859 -0.000939821 -0.0267727 0.01 86 85 0 0 0
12434 0.55828 -0.00103552 -0.0739455 0.01 60 60 0 0 0
12440 0.608832 -0.000882326 -0.0740039 0.01 47 47 0 0 0
12454 0.640105 -0.00078756 -0.0541699 0.01 46 46 0 0 0
12457 0.543894 -0.00107911 -0.0385778 0.01 60 60 -8.52942e-05 0 -0.000523046
12471 0.637286 -0.000796104 -0.0469969 0.01 47 48 0 0 0
12477 0.589859 -0.000939821 -0.0267727 0.01 85 85 0 0 0
12483 0.589859 -0.000939821 -0.0335683 0.01 84 84 0 0 0
12491 0.640105 -0.00078756 -0.0541699 0.01 46 46 0 0 0
12493 0.637286 -0.000796104 -0.0541699 0.01 47 47 0 0 0
12495 0.599753 -0.00090984 -0.0235622 0.01 84 84 0 0 0
12529 0.589859 -0.000939821 -0.0335683 0.01 84 84 0 0 0
12538 0.608832 -0.000882326 -0.0740039 0.01 47 47 0 0 0
12549 0.575673 -0.000982809 -0.0335683 0.01 84 84 0 0 0
12556 0.637286 -0.000796104 -0.0469969 0.01 46 46 0 0 0
12575 0.589859 -0.000939821 -0.0335683 0.01 86 86 0 0 0
12576 0.573865 -0.000988287 -0.0443058 0.01 60 60 0 0 0
12584 0.613343 -0.000868659 -0.0740039 0.01 47 47 0 0 0
12590 0.613343 -0.000868659 -0.0740039 0.01 47 47 0 0 0
12595 0.589859 -0.000939821 -0.0267727 0.01 85 85 0 0 0
12596 0.570091 -0.000999724 -0.00659944 0.01 60 60 0.00243473 0 0.016059
12597 0.575673 -0.000982809 -0.0335683 0.01 84 84 0 0 0
12598 0.570091 -0.000999724 -0.0154169 0.01 60 60 0 0 0
12610 0.576054 -0.000981656 -0.0141935 0.01 84 84 0 0 0
12622 0.637286 -0.000796104 -0.0469969 0.01 47 47 0 0 0
12628 0.589859 -0.000939821 -0.0267727 0.01 85 85 0 0 0
12631 0.570091 -0.000999724 -0.0380547 0.01 60 60 0 0 0
12642 0.613343 -0.000868659 -0.0740039 0.01 47 47 0 0 0
12657 0.569637 -0.0010011 -0.030826 0.01 60 60 0 0 0
12658 0.550756 -0.00105832 -0.0258714 0.01 60 60 0 0 0
12660 0.589859 -0.000939821 -0.0267727 0.01 86 85 0 0 0
12678 0.589859 -0.000939821 -0.0335683 0.01 86 86 0 0 0
12687 0.593485 -0.000928832 -0.0643478 0.01 60 60 0 0 0
12695 0.589859 -0.000939821 -0.0235622 0.01 85 85 0 0 0
12708 0.613343 -0.000868659 -0.0740039 0.01 47 47 0 0 0
12711 0.555291 -0.00104457 -0.0226585 0.01 60 61 0 0 0
12721 0.589859 -0.000939821 -0.0335683 0.01 86 86 0 0 0
12729 0.535051 -0.00110591 -0.0380547 0.01 60 60 0 0 0
12730 0.589859 -0.000939821 -0.0335683 0.01 84 84 0 0 0
12735 0.582941 -0.000960786 -0.0469969 0.01 60 61 0 0 0
12738 0.589859 -0.000939821 -0.0335683 0.01 84 84 0 0 0
12745 0.613343 -0.000868659 -0.0740039 0.01 47 47 0 0 0
12753 0.640105 -0.00078756 -0.0541699 0.01 46 46 0 0 0
12771 0.58703 -0.000948394 -0.0740039 0.01 47 47 0 0 0
12786 0.637286 -0.000796104 -0.0469969 0.01 47 47 0 0 0
12787 0.54872 -0.00106448 -0.0278021 0.01 60 59 0 0 0
12810 0.547445 -0.00106835 -0.0469969 0.01 60 60 0 0 0
12816 0.563873 -0.00101857 -0.0188182 0.01 60 60 0.00295046 0 0.0192365
12833 0.637286 -0.000796104 -0.0469969 0.01 46 48 0 0 0
12848 0.589859 -0.000939821 -0.0141935 0.01 84 83 0 0 0
12872 0.589859 -0.000939821 -0.0335683 0.01 84 84 0 0 0
12873 0.608832 -0.000882326 -0.0740039 0.01 47 47 0 0 0
12875 0.563873 -0.00101857 -0.0467932 0.01 60 60 0 0 0
12878 0.640105 -0.00078756 -0.0541699 0.01 46 46 0 0 0
12886 0.570091 -0.000999724 -0.0380547 0.01 60 60 0 0 0
12889 0.609655 -0.000879832 -0.0637569 0.01 60 60 0 0 0
12896 0.530146 -0.00112077 -0.0188672 0.01 60 59 0 0 0
12906 0.640105 -0.00078756 -0.0541699 0.01 46 46 0 0 0
12923 0.589859 -0.000939821 -0.0335683 0.01 86 86 0 0 0
12938 0.637286 -0.000796104 -0.0464171 0.01 47 47 0 0 0
12980 0.613343 -0.000868659 -0.0740039 0.01 47 47 0 0 0
13004 0.589859 -0.000939821 -0.0235622 0.01 84 84 0 0 0
13017 0.60527 -0.000893121 -0.0141935 0.01 84 84 0 0 0
13025 0.573719 -0.00098873 -0.0571214 0.01 60 60 0 0 0
13042 0.610136 -0.000878375 -0.0533347 0.01 47 48 0 0 0
13061 0.613343 -0.000868659 -0.0740039 0.01 47 47 0 0 0
13065 0.637286 -0.000796104 -0.0540937 0.01 47 47 0 0 0
13089 0.589859 -0.000939821 -0.0335683 0.01 84 84 0 0 0
13112 0.543894 -0.00107911 -0.0253302 0.01 60 60 0 0 0
13113 0.637286 -0.000796104 -0.0540937 0.01 47 47 0 0 0
13116 0.595276 -0.000923406 -0.0739455 0.01 60 60 0 0 0
13126 0.567666 -0.00100707 -0.0476381 0.01 60 60 0 0 0
13135 0.640105 -0.00078756 -0.050446 0.01 46 46 0.000433013 0 0.00372391
13142 0.637286 -0.000796104 -0.0541699 0.01 47 48 0 0 0
13163 0.550142 -0.00106018 -0.0380547 0.01 60 60 0 0 0
13167 0.542554 -0.00108317 -0.0469969 0.01 60 60 0 0 0
13171 0.637286 -0.000796104 -0.0469969 0.01 47 47 0 0 0
13180 0.60527 -0.000893121 -0.0209801 0.01 84 84 0 0 0
13191 0.612454 -0.000871352 -0.0517475 0.01 60 60 0 0 0
13192 0.637286 -0.000796104 -0.0541699 0.01 46 46 0 0 0
13196 0.613343 -0.000868659 -0.0740039 0.01 47 47 0 0 0
13243 0.640105 -0.00078756 -0.0541699 0.01 46 46 0 0 0
13258 0.613343 -0.000868659 -0.0740039 0.01 47 47 0 0 0
13276 0.560923 -0.00102751 -0.0272353 0.01 60 60 0 0 0
13306 0.637286 -0.000796104 -0.0540937 0.01 47 47 0 0 0
13310 0.613343 -0.000868659 -0.0740039 0.01 47 47 0 0 0
13316 0.592897 -0.000930616 -0.0802063 0.01 60 60 0 0 0
13343 0.557801 -0.00103697 -0.0351989 0.01 60 61 0 0 0
13355 0.637286 -0.000796104 -0.0469969 0.01 47 47 0 0 0
13357 0.608832 -0.000882326 -0.0740039 0.01 47 47 0 0 0
13365 0.550756 -0.00105832 -0.0258714 0.01 60 60 0 0 0
13369 0.589859 -0.000939821 -0.0267727 0.01 85 85 0 0 0
13381 0.565391 -0.00101397 -0.0317609 0.01 60 60 0 0 0
13386 0.613343 -0.000868659 -0.0740039 0.01 47 47 0 0 0
13387 0.575673 -0.000982809 -0.0335683 0.01 84 84 0 0 0
13399 0.589859 -0.000939821 -0.0335683 0.01 84 84 0 0 0
13404 0.535051 -0.00110591 -0.0380547 0.01 60 60 0 0 0
13426 0.570452 -0.000998632 -0.0380547 0.01 60 60 0 0 0
13431 0.613343 -0.000868659 -0.0740039 0.01 47 47 0 0 0
13434 0.637286 -0.000796104 -0.0464171 0.01 46 46 0 0 0
13473 0.540873 -0.00108826 -0.0600137 0.01 60 60 0 0 0
13475 0.607076 -0.000887648 -0.0528664 0.01 60 60 0 0 0
13478 0.567666 -0.00100707 -0.0476381 0.01 60 60 0 0 0
13479 0.589859 -0.000939821 -0.0335683 0.01 84 83 0 0 0
13498 0.589859 -0.000939821 -0.0335683 0.01 84 84 0 0 0
13516 0.593388 -0.000929126 -0.0740039 0.01 47 47 0 0 0
13517 0.58929 -0.000941545 -0.0655672 0.01 46 48 0 0 0
13530 0.551077 -0.00105734 -0.0469969 0.01 60 60 0 0 0
13532 0.563873 -0.00101857 -0.0380547 0.01 60 60 0 0 0
13557 0.591568 -0.000934644 -0.0335683 0.01 84 82 0 0 0
13560 0.589859 -0.000939821 -0.0267727 0.01 85 85 0 0 0
13561 0.589859 -0.000939821 -0.0267727 0.01 85 85 0 0 0
13595 0.637286 -0.000796104 -0.0469969 0.01 47 47 0 0 0
13604 0.542961 -0.00108194 -0.028732 0.01 60 60 0 0 0
13610 0.613343 -0.000868659 -0.0740039 0.01 47 47 0 0 0
13612 0.637286 -0.000796104 -0.0469969 0.01 47 47 0 0 0
13613 0.563873 -0.00101857 -0.0380547 0.01 60 59 0 0 0
13650 0.535051 -0.00110591 -0.0380547 0.01 60 60 0 0 0
13651 0.592897 -0.000930616 -0.0802063 0.01 60 60 0 0 0
13661 0.563873 -0.00101857 -0.0622513 0.01 60 61 0 0 0
13678 0.640105 -0.00078756 -0.0570841 0.01 47 46 0 0 0
13688 0.637286 -0.000796104 -0.0458823 0.01 47 47 0 0 0
13689 0.589859 -0.000939821 -0.0335683 0.01 84 84 0 0 0
13690 0.637286 -0.000796104 -0.0469969 0.01 46 46 0 0 0
13697 0.637286 -0.000796104 -0.0552051 0.01 47 47 0 0 0
13724 0.550756 -0.00105832 -0.0258714 0.01 60 60 0 0 0
13735 0.637286 -0.000796104 -0.0541699 0.01 46 46 0 0 0
13739 0.608832 -0.000882326 -0.0740039 0.01 47 47 0 0 0
13753 0.613343 -0.000868659 -0.0740039 0.01 47 47 0 0 0
13777 0.589859 -0.000939821 -0.0335683 0.01 84 84 0 0 0
13779 0.589859 -0.000939821 -0.0335683 0.01 85 83 0 0 0
13781 0.589859 -0.000939821 -0.0335683 0.01 84 84 0 0 0
13789 0.540873 -0.00108826 -0.0600137 0.01 60 60 0 0 0
13798 0.589859 -0.000939821 -0.0267727 0.01 86 86 0 0 0
13801 0.637286 -0.000796104 -0.0464171 0.01 47 47 0 0 0
13806 0.637286 -0.000796104 -0.0540937 0.01 47 47 0 0 0
13818 0.589859 -0.000939821 -0.0335683 0.01 84 84 0 0 0
13842 0.637286 -0.000796104 -0.0552051 0.01 47 47 0 0 0
13866 0.640105 -0.00078756 -0.0541699 0.01 46 46 0 0 0
13878 0.637286 -0.000796104 -0.0540937 0.01 47 47 0 0 0
13895 0.589859 -0.000939821 -0.0335683 0.01 84 84 0 0 0
13897 0.637286 -0.000796104 -0.0469969 0.01 47 47 0 0 0
13911 0.543894 -0.00107911 -0.0380547 0.01 60 60 0 0 0
13917 0.589859 -0.000939821 -0.0335683 0.01 84 84 0 0 0
13932 0.535051 -0.00110591 -0.0380547 0.01 60 60 0 0 0
13937 0.589859 -0.000939821 -0.0267727 0.01 85 85 0 0 0
13949 0.566129 -0.00101173 -0.0384986 0.01 60 60 0 0 0
13960 0.610596 -0.00087698 -0.0740039 0.01 47 47 0 0 0
13962 0.589859 -0.000939821 -0.0335683 0.01 84 84 0 0 0
13971 0.547381 -0.00106854 -0.0380547 0.01 60 60 0 0 0
13991 0.589859 -0.000939821 -0.0335683 0.01 84 84 0 0 0
13998 0.569637 -0.0010011 -0.0311389 0.01 60 60 0 0 0
13999 0.576054 -0.000981656 -0.0141935 0.01 85 84 0 0 0
14002 0.608832 -0.000882326 -0.0740039 0.01 47 47 0 0 0
14021 0.637286 -0.000796104 -0.0469969 0.01 47 47 0 0 0
14028 0.607076 -0.000887648 -0.0469969 0.01 60 60 0 0 0
14040 0.557801 -0.00103697 -0.0351989 0.01 60 61 0 0 0
14078 0.613343 -0.000868659 -0.0740039 0.01 47 47 0 0 0
14080 0.612454 -0.000871352 -0.0517475 0.01 60 60 0 0 0
14084 0.570091 -0.000999724 -0.0226585 0.01 60 60 0 0 0
14094 0.640105 -0.00078756 -0.0541699 0.01 46 46 0 0 0
14109 0.54872 -0.00106448 -0.035723 0.01 60 60 0 0 0
14116 0.589859 -0.000939821 -0.0267727 0.01 84 84 0 0 0
14151 0.560923 -0.00102751 -0.0272353 0.01 60 60 0 0 0
14162 0.640105 -0.00078756 -0.0541699 0.01 46 46 0 0 0
14165 0.637286 -0.000796104 -0.0541699 0.01 47 47 0 0 0
14190 0.640105 -0.00078756 -0.0541699 0.01 46 46 0 0 0
14195 0.565391 -0.00101397 -0.0317609 0.01 60 60 0 0 0
14211 0.589859 -0.000939821 -0.0335683 0.01 86 86 0 0 0
14215 0.637286 -0.000796104 -0.0541699 0.01 47 47 0 0 0
14234 0.640105 -0.00078756 -0.0541699 0.01 46 46 0 0 0
14236 0.573865 -0.000988287 -0.0443058 0.01 60 60 0 0 0
14254 0.570091 -0.000999724 -0.0380547 0.01 60 60 0 0 0
14264 0.567666 -0.00100707 -0.0476381 0.01 60 60 0 0 0
14290 0.576054 -0.000981656 -0.0141935 0.01 84 84 0 0 0
14291 0.622656 -0.000840437 -0.0287893 0.01 60 60 0 0 0
14294 0.640105 -0.00078756 -0.0541699 0.01 45 47 0 0 0
14311 0.535051 -0.00110591 -0.0380547 0.01 60 60 0 0 0
14313 0.557264 -0.00103859 -0.0380547 0.01 60 60 0 0 0
14315 0.585936 -0.00095171 -0.0335683 0.01 85 85 0 0 0
14320 0.637286 -0.000796104 -0.0469969 0.01 46 47 0 0 0
14330 0.589859 -0.000939821 -0.0267727 0.01 86 86 0 0 0
14333 0.613343 -0.000868659 -0.0740039 0.01 47 48 0 0 0
14349 0.640105 -0.00078756 -0.0541699 0.01 46 46 0 0 0
14364 0.637286 -0.000796104 -0.0469969 0.01 46 48 0 0 0
14371 0.589859 -0.000939821 -0.0335683 0.01 84 84 0 0 0
14374 0.584481 -0.000956117 -0.0469969 0.01 60 60 0 0 0
14380 0.589797 -0.000940008 -0.103633 0.01 60 59 0 0 0
14390 0.640105 -0.00078756 -0.0541699 0.01 46 46 0 0 0
14399 0.637286 -0.000796104 -0.0540937 0.01 47 47 0 0 0
14405 0.588506 -0.000943923 -0.0802063 0.01 60 60 0 0 0
14413 0.575673 -0.000982809 -0.0335683 0.01 84 84 0 0 0
14415 0.612505 -0.000871196 -0.0463135 0.01 60 60 0 0 0
14435 0.589859 -0.000939821 -0.0335683 0.01 84 84 0 0 0
14441 0.54872 -0.00106448 -0.035723 0.01 60 60 0 0 0
14445 0.522744 -0.0011432 -0.0600137 0.01 60 60 0 0 0
14454 0.60527 -0.000893121 -0.0141935 0.01 84 84 0 0 0
14458 0.640105 -0.00078756 -0.0541699 0.01 46 46 0 0 0
14460 0.577594 -0.000976988 -0.0267727 0.01 85 85 0 0 0
14502 0.637286 -0.000796104 -0.0541699 0.01 47 47 0 0 0
14517 0.589859 -0.000939821 -0.0335683 0.01 86 86 0 0 0
14530 0.640105 -0.00078756 -0.0541699 0.01 46 46 0 0 0
14531 0.547445 -0.00106835 -0.0469969 0.01 60 60 0 0 0
14540 0.610596 -0.00087698 -0.0740039 0.01 47 48 0 0 0
14556 0.58929 -0.000941545 -0.0655672 0.01 46 46 0 0 0
14564 0.589859 -0.000939821 -0.0335683 0.01 84 84 0 0 0
14568 0.637286 -0.000796104 -0.0469969 0.01 47 47 0 0 0
14570 0.607076 -0.000887648 -0.0326942 0.01 60 61 0 0 0
14573 0.608832 -0.000882326 -0.0740039 0.01 47 47 0 0 0
14577 0.570091 -0.000999724 -0.016852 0.01 60 61 0 0 0
14610 0.550756 -0.00105832 -0.0258714 0.01 60 60 0 0 0
14625 0.570091 -0.000999724 -0.0154169 0.01 60 60 0 0 0
14651 0.573387 -0.000989737 -0.0461035 0.01 60 60 0 0 0
14652 0.570091 -0.000999724 -0.0380547 0.01 60 60 0 0 0
14665 0.585936 -0.00095171 -0.0335683 0.01 85 85 0 0 0
14678 0.608832 -0.000882326 -0.0740039 0.01 47 47 0 0 0
14695 0.640105 -0.00078756 -0.0570841 0.01 46 46 0 0 0
14707 0.530146 -0.00112077 -0.0188672 0.01 60 60 0 0 0
14715 0.589859 -0.000939821 -0.0335683 0.01 84 84 0 0 0
14726 0.637286 -0.000796104 -0.0289178 0.01 47 47 0 0 0
14733 0.589859 -0.000939821 -0.0267727 0.01 84 84 0 0 0
14737 0.589859 -0.000939821 -0.0335683 0.01 84 84 0 0 0
14742 0.589859 -0.000939821 -0.0335683 0.01 86 86 0 0 0
14750 0.575673 -0.000982809 -0.0335683 0.01 84 84 0 0 0
14754 0.613343 -0.000868659 -0.0740039 0.01 47 47 0 0 0
14760 0.589859 -0.000939821 -0.0267727 0.01 86 86 0 0 0
14762 0.589859 -0.000939821 -0.0335683 0.01 84 83 0 0 0
14763 0.589859 -0.000939821 -0.0335683 0.01 84 84 0 0 0
14777 0.550756 -0.00105832 -0.0258714 0.01 60 60 0 0 0
14778 0.640105 -0.00078756 -0.0541699 0.01 46 46 0 0 0
14793 0.589859 -0.000939821 -0.0267727 0.01 85 85 0 0 0
14794 0.637286 -0.000796104 -0.0469969 0.01 46 46 0 0 0
14824 0.589859 -0.000939821 -0.0335683 0.01 84 83 0 0 0
14827 0.589859 -0.000939821 -0.0141935 0.01 84 84 0 0 0
14846 0.540873 -0.00108826 -0.0600137 0.01 60 60 0 0 0
14847 0.608832 -0.000882326 -0.0740039 0.01 47 47 0 0 0
14852 0.589859 -0.000939821 -0.0335683 0.01 84 84 0 0 0
14857 0.558431 -0.00103506 -0.0535828 0.01 60 61 -0.00141498 0 -0.00658584
14868 0.637286 -0.000796104 -0.0458823 0.01 47 48 0 0 0
14875 0.640105 -0.00078756 -0.0541699 0.01 46 46 0 0 0
14909 0.530146 -0.00112077 -0.0188672 0.01 60 60 0 0 0
14915 0.566129 -0.00101173 -0.0384986 0.01 60 60 0 0 0
14916 0.550737 -0.00105837 -0.0600137 0.01 60 60 0 0 0
14935 0.612505 -0.000871196 -0.0463135 0.01 60 60 0 0 0
14954 0.637286 -0.000796104 -0.0469969 0.01 45 45 0 0 0
14962 0.589859 -0.000939821 -0.0267727 0.01 85 85 0 0 0
14983 0.589859 -0.000939821 -0.0267727 0.01 86 86 0 0 0
14989 0.589859 -0.000939821 -0.0267727 0.01 84 84 0 0 0
15000 0.599753 -0.00090984 -0.0235622 0.01 84 84 0 0 0
15011 0.522744 -0.0011432 -0.0600137 0.01 60 58 0 0 0
15013 0.613343 -0.000868659 -0.0740039 0.01 47 47 0 0 0
15029 0.589859 -0.000939821 -0.0390132 0.01 84 84 0 0 0
15036 0.612505 -0.000871196 -0.0463135 0.01 60 60 0 0 0
15055 0.637286 -0.000796104 -0.0469969 0.01 47 48 0 0 0
15073 0.589859 -0.000939821 -0.0267727 0.01 85 85 0 0 0
15109 0.589859 -0.000939821 -0.0335683 0.01 84 84 0 0 0
15113 0.587107 -0.00094816 -0.0235622 0.01 85 85 0.00203001 -0.00275201 0
15127 0.610596 -0.00087698 -0.0740039 0.01 47 48 0 0 0
15133 0.613343 -0.000868659 -0.0740039 0.01 47 47 0 0 0
15145 0.565532 -0.00101354 -0.0119526 0.01 60 60 0 0 0
15147 0.582965 -0.000960712 -0.0344581 0.01 60 60 0 0 0
15153 0.575673 -0.000982809 -0.0335683 0.01 84 84 0 0 0
15173 0.625799 -0.000830911 -0.0469969 0.01 46 46 0 0 0
15185 0.589859 -0.000939821 -0.0267727 0.01 84 84 0 0 0
15223 0.637286 -0.000796104 -0.0469969 0.01 46 46 0 0 0
15244 0.514712 -0.00116754 -0.0188672 0.01 60 59 0 0 0
15253 0.608832 -0.000882326 -0.0740039 0.01 46 47 0 0 0
15285 0.589859 -0.000939821 -0.0335683 0.01 84 84 0 0 0
15303 0.550885 -0.00105792 -0.0476381 0.01 60 60 0 0 0
15315 0.613343 -0.000868659 -0.0740039 0.01 47 47 0 0 0
15325 0.637286 -0.000796104 -0.0541699 0.01 46 46 0 0 0
15336 0.623556 -0.000837708 -0.0469969 0.01 60 60 0 0 0
15343 0.627984 -0.00082429 -0.0541699 0.01 46 46 0.00555161 -0.0121209 0
15350 0.566115 -0.00101177 -0.00802935 0.01 60 60 0 0 0
15357 0.589859 -0.000939821 -0.0267727 0.01 84 84 0 0 0
15362 0.563873 -0.00101857 -0.0467932 0.01 60 61 0 0 0
15386 0.640105 -0.00078756 -0.0541699 0.01 46 46 0 0 0
15388 0.55828 -0.00103552 -0.0739455 0.01 60 60 0 0 0
15392 0.607329 -0.00088688 -0.064744 0.01 47 47 0.00408238 -0.00601315 0.00925988
15404 0.613343 -0.000868659 -0.0737365 0.01 47 47 2.7597e-05 0 0.000267409
15405 0.570091 -0.000999724 -0.0200981 0.01 60 60 0 0 0
15412 0.575673 -0.000982809 -0.0335683 0.01 84 84 0 0 0
15431 0.608832 -0.000882326 -0.0740039 0.01 47 47 0 0 0
15434 0.613343 -0.000868659 -0.0740039 0.01 47 47 0 0 0
15443 0.561013 -0.00102723 -0.00802935 0.01 60 60 0 0 0
15445 0.589859 -0.000939821 -0.0267727 0.01 84 84 0 0 0
15448 0.576054 -0.000981656 -0.0141935 0.01 84 84 0 0 0
15465 0.55594 -0.00104261 -0.0494355 0.01 60 60 0 0 0
15473 0.589859 -0.000939821 -0.0267727 0.01 85 85 0 0 0
15484 0.613343 -0.000868659 -0.0740039 0.01 47 47 0 0 0
15496 0.589859 -0.000939821 -0.0486323 0.01 85 85 0 0 0
15536 0.565391 -0.00101397 -0.0317609 0.01 60 60 0 0 0
15538 0.637286 -0.000796104 -0.0469969 0.01 47 47 0 0 0
15549 0.572252 -0.000993175 -0.0382557 0.01 60 60 0 0 0
15555 0.589859 -0.000939821 -0.0267727 0.01 85 85 0 0 0
15563 0.637286 -0.000796104 -0.0541699 0.01 46 46 0 0 0
15575 0.640105 -0.00078756 -0.0541699 0.01 47 47 0 0 0
15593 0.589859 -0.000939821 -0.0267727 0.01 86 85 0 0 0
15605 0.589859 -0.000939821 -0.0267727 0.01 86 86 0 0 0
15620 0.570091 -0.000999724 -0.0226585 0.01 60 60 0 0 0
15621 0.589859 -0.000939821 -0.0335683 0.01 84 84 0 0 0
15627 0.589859 -0.000939821 -0.0486323 0.01 85 83 0 0 0
15637 0.543894 -0.00107911 -0.0253302 0.01 60 60 0 0 0
15639 0.585936 -0.00095171 -0.0335683 0.01 85 85 0 0 0
15640 0.589859 -0.000939821 -0.0267727 0.01 85 85 0 0 0
15641 0.614349 -0.00086561 -0.111772 0.01 46 50 0 0 0
15646 0.589859 -0.000939821 -0.0335683 0.01 84 84 0 0 0
15670 0.608832 -0.000882326 -0.0730402 0.01 47 47 0 0 0
15680 0.60527 -0.000893121 -0.0141935 0.01 84 84 0 0 0
15688 0.589859 -0.000939821 -0.0267727 0.01 84 84 0 0 0
15696 0.640105 -0.00078756 -0.0541699 0.01 46 46 0 0 0
15709 0.589859 -0.000939821 -0.0267727 0.01 84 84 0 0 0
15724 0.589859 -0.000939821 -0.0335683 0.01 85 85 0 0 0
15731 0.589859 -0.000939821 -0.0335683 0.01 85 85 0 0 0
15734 0.60527 -0.000893121 -0.0141935 0.01 84 84 0 0 0
15754 0.540873 -0.00108826 -0.0600137 0.01 60 60 0 0 0
15758 0.637286 -0.000796104 -0.0469969 0.01 46 46 0 0 0
15760 0.589859 -0.000939821 -0.0335683 0.01 84 84 0 0 0
15779 0.576941 -0.000978968 -0.028331 0.01 60 60 0 0 0
15786 0.571338 -0.000995946 -0.0111412 0.01 60 61 0 0 0
15787 0.563873 -0.00101857 -0.00802935 0.01 60 60 0 0 0
15791 0.614445 -0.000865318 -0.0335683 0.01 84 84 -0.0157823 0.0245861 0
15800 0.589859 -0.000939821 -0.0335683 0.01 86 86 0 0 0
15801 0.570091 -0.000999724 -0.0226585 0.01 60 60 0 0 0
15810 0.589859 -0.000939821 -0.0335683 0.01 85 85 0 0 0
15817 0.575673 -0.000982809 -0.0335683 0.01 84 84 0 0 0
15820 0.637286 -0.000796104 -0.0469969 0.01 46 46 0 0 0
15837 0.637286 -0.000796104 -0.0540937 0.01 47 47 0 0 0
15856 0.589859 -0.000939821 -0.0335683 0.01 84 84 0 0 0
15868 0.560923 -0.00102751 -0.0377447 0.01 60 61 0 0 0
15870 0.589859 -0.000939821 -0.0335683 0.01 86 86 0 0 0
15889 0.608832 -0.000882326 -0.0740039 0.01 47 47 0 0 0
15899 0.640105 -0.00078756 -0.0541699 0.01 46 46 0 0 0
15921 0.592897 -0.000930616 -0.0802063 0.01 60 60 0 0 0
15928 0.637286 -0.000796104 -0.0469969 0.01 47 47 0 0 0
15934 0.640105 -0.00078756 -0.0541699 0.01 46 46 0 0 0
15972 0.589859 -0.000939821 -0.0335683 0.01 84 84 0 0 0
15976 0.608832 -0.000882326 -0.0740039 0.01 47 47 0 0 0
15978 0.613343 -0.000868659 -0.0740039 0.01 47 47 0 0 0
15980 0.637286 -0.000796104 -0.0541699 0.01 47 47 0 0 0
15996 0.589859 -0.000939821 -0.0267727 0.01 85 85 0 0 0
16007 0.640105 -0.00078756 -0.0541699 0.01 46 46 0 0 0
16016 0.589859 -0.000939821 -0.0267727 0.01 84 84 0 0 0
16031 0.60527 -0.000893121 -0.0171293 0.01 85 85 -0.0211681 0 -0.00293585
16037 0.570091 -0.000999724 -0.0226585 0.01 60 60 0 0 0
16043 0.610596 -0.00087698 -0.0740039 0.01 46 47 0 0 0
16047 0.640105 -0.00078756 -0.0541699 0.01 46 46 0 0 0
16052 0.640105 -0.00078756 -0.0541699 0.01 46 46 0 0 0
16058 0.640105 -0.00078756 -0.0541699 0.01 46 46 0 0 0
16063 0.640105 -0.00078756 -0.0541699 0.01 46 46 0 0 0
16067 0.562535 -0.00102262 -0.0408774 0.01 60 60 0 0 0
16093 0.563873 -0.00101857 -0.00802935 0.01 60 60 0 0 0
16100 0.563873 -0.00101857 -0.0380547 0.01 60 60 0 0 0
16103 0.563873 -0.00101857 -0.0723111 0.01 60 60 0 0 0
16106 0.637286 -0.000796104 -0.0469969 0.01 46 46 0 0 0
16107 0.589859 -0.000939821 -0.0267727 0.01 84 84 0 0 0
16144 0.637286 -0.000796104 -0.0469969 0.01 47 47 0 0 0
16151 0.550756 -0.00105832 -0.0258714 0.01 60 60 0 0 0
16154 0.570091 -0.000999724 -0.0226585 0.01 60 60 0 0 0
16177 0.589859 -0.000939821 -0.0335683 0.01 84 84 0 0 0
16189 0.637286 -0.000796104 -0.0469969 0.01 47 48 0 0 0
16193 0.586572 -0.000949783 -0.0267727 0.01 85 85 0.00231537 -0.00328749 0
16207 0.572252 -0.000993175 -0.0535642 0.01 60 60 0 0 0
16212 0.551077 -0.00105734 -0.0469969 0.01 60 59 0 0 0
16226 0.570091 -0.000999724 -0.0275549 0.01 60 61 0 0 0
16251 0.640105 -0.00078756 -0.0541699 0.01 46 46 0 0 0
16263 0.589859 -0.000939821 -0.0335683 0.01 86 85 0 0 0
16302 0.608832 -0.000882326 -0.0740039 0.01 47 47 0 0 0
16319 0.585936 -0.00095171 -0.0335683 0.01 85 84 0.00257865 -0.0039233 0
16335 0.570091 -0.000999724 -0.0226585 0.01 60 60 0 0 0
16337 0.589859 -0.000939821 -0.0335683 0.01 84 84 0 0 0
16339 0.570452 -0.000998632 -0.0305242 0.01 60 60 0.00112793 0 0.00753056
16341 0.589859 -0.000939821 -0.0335683 0.01 84 84 0 0 0
16353 0.6078 -0.000885455 -0.0452771 0.01 60 60 0 0 0
16354 0.589859 -0.000939821 -0.0361862 0.01 84 84 0 0 0
16370 0.637286 -0.000796104 -0.0469969 0.01 47 47 0 0 0
16373 0.640105 -0.00078756 -0.0541699 0.01 46 46 0 0 0
16380 0.608832 -0.000882326 -0.0740039 0.01 47 47 0 0 0
16387 0.589859 -0.000939821 -0.0486323 0.01 85 85 0 0 0
16394 0.612505 -0.000871196 -0.0463135 0.01 60 60 0 0 0
16410 0.530146 -0.00112077 -0.0188672 0.01 60 60 0 0 0
16419 0.589859 -0.000939821 -0.0267727 0.01 85 85 0 0 0
16430 0.613343 -0.000868659 -0.0740039 0.01 46 47 0 0 0
16437 0.550756 -0.00105832 -0.0258714 0.01 60 60 0 0 0
16443 0.637286 -0.000796104 -0.0469969 0.01 47 47 0 0 0
16449 0.640105 -0.00078756 -0.0570841 0.01 46 46 0 0 0
16459 0.589859 -0.000939821 -0.0267727 0.01 85 85 0 0 0
16470 0.637286 -0.000796104 -0.0541699 0.01 47 47 0 0 0
16472 0.610596 -0.00087698 -0.0740039 0.01 47 47 0 0 0
16478 0.589859 -0.000939821 -0.0267727 0.01 84 84 0 0 0
16491 0.589859 -0.000939821 -0.0335683 0.01 85 84 0 0 0
16492 0.561116 -0.00102692 -0.0258714 0.01 60 60 -0.00893027 0.01036 0
16493 0.610596 -0.00087698 -0.0740039 0.01 47 47 0 0 0
16503 0.589859 -0.000939821 -0.0298832 0.01 85 85 0 0 0
16506 0.589859 -0.000939821 -0.0244925 0.01 86 86 0.0157041 0 0.00228021
16519 0.576941 -0.000978968 -0.0380547 0.01 60 60 0 0 0
16557 0.613343 -0.000868659 -0.0576501 0.01 47 47 0 0 0
16569 0.522744 -0.0011432 -0.0600137 0.01 60 60 0 0 0
16579 0.563873 -0.00101857 -0.00802935 0.01 60 60 0 0 0
16587 0.573865 -0.000988287 -0.0443058 0.01 60 60 0 0 0
16612 0.637286 -0.000796104 -0.0540937 0.01 47 47 0 0 0
16618 0.589859 -0.000939821 -0.0267727 0.01 85 85 0 0 0
16621 0.640105 -0.00078756 -0.0541699 0.01 46 46 0 0 0
16625 0.608832 -0.000882326 -0.0740039 0.01 47 47 0 0 0
16628 0.603181 -0.000899452 -0.0235622 0.01 84 84 0 0 0
16631 0.535051 -0.00110591 -0.0380547 0.01 60 60 0 0 0
16639 0.514712 -0.00116754 -0.0188672 0.01 60 60 0 0 0
16648 0.640105 -0.00078756 -0.0498805 0.01 46 46 0 0 0
16650 0.613343 -0.000868659 -0.0740039 0.01 47 47 0 0 0
16657 0.55594 -0.00104261 -0.0494355 0.01 60 60 0 0 0
16663 0.58929 -0.000941545 -0.0655672 0.01 46 46 0 0 0
16664 0.571085 -0.000996711 -0.013633 0.01 60 60 0 0 0
16672 0.535051 -0.00110591 -0.0380547 0.01 60 60 0 0 0
16680 0.637286 -0.000796104 -0.0469969 0.01 45 47 0 0 0
16682 0.576431 -0.000980513 -0.0901126 0.01 60 60 0 0 0
16727 0.535051 -0.00110591 -0.0380547 0.01 60 60 0 0 0
16748 0.589859 -0.000939821 -0.0335683 0.01 84 84 0 0 0
16760 0.56 -0.0010303 -0.0739455 0.01 60 60 0 0 0
16805 0.651693 -0.000752444 -0.0541699 0.01 47 47 0 0 0
16810 0.535051 -0.00110591 -0.0380547 0.01 60 60 0 0 0
16820 0.640105 -0.00078756 -0.0541699 0.01 46 46 0 0 0
16823 0.535051 -0.00110591 -0.0448919 0.01 60 60 0 0 0
16851 0.565532 -0.00101354 -0.0119526 0.01 60 60 0 0 0
16853 0.613343 -0.000868659 -0.0740039 0.01 47 48 0 0 0
16877 0.589859 -0.000939821 -0.0335683 0.01 84 84 0 0 0
16894 0.560923 -0.00102751 -0.0272353 0.01 60 60 0 0 0
16908 0.589859 -0.000939821 -0.0267727 0.01 85 85 0 0 0
16923 0.540873 -0.00108826 -0.0600137 0.01 60 60 0 0 0
16926 0.589859 -0.000939821 -0.0267727 0.01 85 85 0 0 0
16935 0.612505 -0.000871196 -0.0463135 0.01 60 60 0 0 0
16951 0.567466 -0.00100768 -0.0476381 0.01 60 59 0 0 0
16970 0.589859 -0.000939821 -0.0335683 0.01 86 85 0 0 0
16971 0.637286 -0.000796104 -0.0469969 0.01 46 48 0 0 0
16974 0.608832 -0.000882326 -0.0740039 0.01 47 47 0 0 0
16981 0.589859 -0.000939821 -0.0267727 0.01 85 85 0 0 0
16989 0.589859 -0.000939821 -0.0267727 0.01 84 84 0 0 0
17002 0.640105 -0.00078756 -0.0541699 0.01 46 46 0 0 0
17008 0.577192 -0.000978207 -0.0391685 0.01 60 60 0 0 0
17018 0.608832 -0.000882326 -0.0740039 0.01 47 47 0 0 0
17033 0.637286 -0.000796104 -0.0541699 0.01 47 47 0 0 0
17038 0.608832 -0.000882326 -0.0740039 0.01 47 47 0 0 0
17049 0.570091 -0.000999724 -0.0200981 0.01 60 60 0 0 0
17054 0.60527 -0.000893121 -0.0141935 0.01 84 84 0 0 0
17070 0.589859 -0.000939821 -0.0335683 0.01 84 84 0 0 0
17071 0.637286 -0.000796104 -0.0541699 0.01 47 47 0 0 0
17077 0.589859 -0.000939821 -0.0192584 0.01 85 85 0.0499506 0 0.00751436
17097 0.613343 -0.000868659 -0.0740039 0.01 47 47 0 0 0
17100 0.589859 -0.000939821 -0.0603834 0.01 84 83 -0.112286 0 -0.0268151
17112 0.609655 -0.000879832 -0.0802063 0.01 60 60 0 0 0
17116 0.613343 -0.000868659 -0.0740039 0.01 47 47 0 0 0
17126 0.589859 -0.000939821 -0.0267727 0.01 85 85 0 0 0
17140 0.589859 -0.000939821 -0.0267727 0.01 84 85 0 0 0
17155 0.637286 -0.000796104 -0.0541699 0.01 47 47 0 0 0
17170 0.563873 -0.00101857 -0.0380547 0.01 60 61 0 0 0
17179 0.588506 -0.000943923 -0.0802063 0.01 60 60 0 0 0
17182 0.640105 -0.00078756 -0.0541699 0.01 46 46 0 0 0
17186 0.589859 -0.000939821 -0.0335683 0.01 85 85 0 0 0
17203 0.608832 -0.000882326 -0.0740039 0.01 46 47 0 0 0
17208 0.637286 -0.000796104 -0.0404803 0.01 47 47 0 0 0
17215 0.551077 -0.00105734 -0.0469969 0.01 60 60 0 0 0
17230 0.637286 -0.000796104 -0.0469969 0.01 47 47 0 0 0
17245 0.637286 -0.000796104 -0.0541699 0.01 47 47 0 0 0
17249 0.543894 -0.00107911 -0.0325283 0.01 60 60 0 0 0
17256 0.560923 -0.00102751 -0.0272353 0.01 60 60 0 0 0
17270 0.571085 -0.000996711 -0.0170179 0.01 60 60 -0.000510395 0 -0.00338488
17302 0.589859 -0.000939821 -0.0335683 0.01 84 84 0 0 0
17303 0.571085 -0.000996711 -0.013633 0.01 60 60 0 0 0
17305 0.567666 -0.00100707 -0.0476381 0.01 60 60 0 0 0
17321 0.589859 -0.000939821 -0.0267727 0.01 84 84 0 0 0
17322 0.607076 -0.000887648 -0.0469969 0.01 60 62 0 0 0
17326 0.589859 -0.000939821 -0.0267727 0.01 84 84 0 0 0
17330 0.571189 -0.000996398 -0.0640582 0.01 60 60 0 0 0
17340 0.589859 -0.000939821 -0.0335683 0.01 85 85 0 0 0
17351 0.570091 -0.000999724 -0.0404009 0.01 60 60 0 0 0
17356 0.589859 -0.000939821 -0.0335683 0.01 84 84 0 0 0
17404 0.637286 -0.000796104 -0.0499602 0.01 47 48 0 0 0
17409 0.60527 -0.000893121 -0.0141935 0.01 84 84 0 0 0
17458 0.570091 -0.000999724 -0.0226585 0.01 60 60 0 0 0
17466 0.535051 -0.00110591 -0.0380547 0.01 60 60 0 0 0
17472 0.576431 -0.000980513 -0.0901126 0.01 60 60 0 0 0
17492 0.551077 -0.00105734 -0.0469969 0.01 60 60 0 0 0
17493 0.610596 -0.00087698 -0.0740039 0.01 47 47 0 0 0
17512 0.58958 -0.000940665 -0.0557388 0.01 60 60 0 0 0
17515 0.637286 -0.000796104 -0.0541699 0.01 47 47 0 0 0
17529 0.540873 -0.00108826 -0.0600137 0.01 60 60 0 0 0
17538 0.589859 -0.000939821 -0.0335683 0.01 84 84 0 0 0
17559 0.592897 -0.000930616 -0.0802063 0.01 60 60 0 0 0
17571 0.589859 -0.000939821 -0.0335683 0.01 84 84 0 0 0
17580 0.640105 -0.00078756 -0.0541699 0.01 46 46 0 0 0
17593 0.576431 -0.000980513 -0.0901126 0.01 60 60 0 0 0
17600 0.640105 -0.00078756 -0.0541699 0.01 46 46 0 0 0
17607 0.568258 -0.00100528 -0.0355351 0.01 60 60 0 0 0
17612 0.640105 -0.00078756 -0.0541699 0.01 46 46 0 0 0
17615 0.592492 -0.000931844 -0.00802935 0.01 60 60 0 0 0
17622 0.589859 -0.000939821 -0.0335683 0.01 84 84 0 0 0
17632 0.543894 -0.00107911 -0.0253302 0.01 60 60 0 0 0
17650 0.60527 -0.000893121 -0.0141935 0.01 84 84 0 0 0
17651 0.540873 -0.00108826 -0.0600137 0.01 60 60 0 0 0
17654 0.535051 -0.00110591 -0.0380547 0.01 60 60 0 0 0
17659 0.535051 -0.00110591 -0.0380547 0.01 60 60 0 0 0
17662 0.637286 -0.000796104 -0.0541699 0.01 47 47 0 0 0
17673 0.637286 -0.000796104 -0.0469969 0.01 46 47 0 0 0
17689 0.589859 -0.000939821 -0.0335683 0.01 84 84 0 0 0
17697 0.589859 -0.000939821 -0.0235622 0.01 85 85 0 0 0
17708 0.637286 -0.000796104 -0.0464171 0.01 47 47 0 0 0
17715 0.640105 -0.00078756 -0.0541699 0.01 47 46 0 0 0
17722 0.589859 -0.000939821 -0.0267727 0.01 85 85 0 0 0
17728 0.58929 -0.000941545 -0.0655672 0.01 47 47 0 0 0
17746 0.589859 -0.000939821 -0.0335683 0.01 84 84 0 0 0
17758 0.588506 -0.000943923 -0.0802063 0.01 60 60 0 0 0
17760 0.514712 -0.00116754 -0.0188672 0.01 60 60 0 0 0
17776 0.563873 -0.00101857 -0.0380547 0.01 60 61 0 0 0
17783 0.58929 -0.000941545 -0.0655672 0.01 47 46 0 0 0
17789 0.637286 -0.000796104 -0.0541699 0.01 47 47 0 0 0
17792 0.588701 -0.000943331 -0.0237305 0.01 60 60 0 0 0
17806 0.637286 -0.000796104 -0.0541699 0.01 47 47 0 0 0
17819 0.640105 -0.00078756 -0.0541699 0.01 46 46 0 0 0
17838 0.637286 -0.000796104 -0.0496603 0.01 47 46 0.000531234 0 0.0045096
17843 0.589859 -0.000939821 -0.0335683 0.01 84 83 0 0 0
17855 0.55828 -0.00103552 -0.0584789 0.01 60 60 0.00236267 0 0.0154666
17872 0.589859 -0.000939821 -0.0267727 0.01 84 85 0 0 0
17900 0.637286 -0.000796104 -0.0469969 0.01 47 47 0 0 0
17915 0.589859 -0.000939821 -0.0235622 0.01 84 84 0 0 0
17921 0.58929 -0.000941545 -0.0655672 0.01 47 48 0 0 0
17926 0.547381 -0.00106854 -0.0380547 0.01 60 60 0 0 0
17931 0.589859 -0.000939821 -0.0141935 0.01 84 84 0 0 0
17939 0.612505 -0.000871196 -0.0463135 0.01 60 60 0 0 0
17961 0.637286 -0.000796104 -0.0541699 0.01 47 47 0 0 0
17970 0.637286 -0.000796104 -0.0469969 0.01 46 46 0 0 0
17994 0.640105 -0.00078756 -0.0541699 0.01 46 46 0 0 0
17996 0.58929 -0.000941545 -0.0655672 0.01 45 46 0 0 0
17998 0.589859 -0.000939821 -0.0335683 0.01 85 85 0 0 0
18006 0.560559 -0.00102861 -0.028732 0.01 60 59 0 0 0
18024 0.630912 -0.000815419 -0.0541699 0.01 47 47 0.0043602 -0.00919324 0
18029 0.570452 -0.000998632 -0.0380547 0.01 60 60 0 0 0
18030 0.540873 -0.00108826 -0.0600137 0.01 60 60 0 0 0
18073 0.540873 -0.00108826 -0.0600137 0.01 60 60 0 0 0
18098 0.560923 -0.00102751 -0.0474005 0.01 60 60 0 0 0
18102 0.530146 -0.00112077 -0.0188672 0.01 60 60 0 0 0
18103 0.640105 -0.00078756 -0.0541699 0.01 45 46 0 0 0
18105 0.637286 -0.000796104 -0.0469969 0.01 46 46 0 0 0
18112 0.589859 -0.000939821 -0.0335683 0.01 84 84 0 0 0
18121 0.637286 -0.000796104 -0.0469969 0.01 46 46 0 0 0
18124 0.637286 -0.000796104 -0.0469969 0.01 46 46 0 0 0
18131 0.608832 -0.000882326 -0.0740039 0.01 47 47 0 0 0
18135 0.575673 -0.000982809 -0.00813409 0.01 84 83 0 0 0
18141 0.640105 -0.00078756 -0.0541699 0.01 46 46 0 0 0
18151 0.637286 -0.000796104 -0.0469969 0.01 45 46 0 0 0
18153 0.550142 -0.00106018 -0.0380547 0.01 60 60 0 0 0
18156 0.543894 -0.00107911 -0.0253302 0.01 60 60 0 0 0
18164 0.637286 -0.000796104 -0.0541699 0.01 47 48 0 0 0
18171 0.613343 -0.000868659 -0.0740039 0.01 47 47 0 0 0
18178 0.589859 -0.000939821 -0.0235622 0.01 85 85 0 0 0
18193 0.589859 -0.000939821 -0.0335683 0.01 86 86 0 0 0
18205 0.540873 -0.00108826 -0.0600137 0.01 60 60 0 0 0
18210 0.637286 -0.000796104 -0.0469969 0.01 46 46 0 0 0
18212 0.640105 -0.00078756 -0.0541699 0.01 46 46 0 0 0
18218 0.640105 -0.00078756 -0.0541699 0.01 46 46 0 0 0
18226 0.570091 -0.000999724 -0.016852 0.01 60 60 0 0 0
18229 0.608832 -0.000882326 -0.0740039 0.01 47 47 0 0 0
18232 0.550756 -0.00105832 -0.0258714 0.01 60 60 0 0 0
18239 0.608832 -0.000882326 -0.0740039 0.01 47 47 0 0 0
18271 0.560923 -0.00102751 -0.0272353 0.01 60 59 0 0 0
18280 0.589859 -0.000939821 -0.0267727 0.01 85 85 0 0 0
18283 0.570091 -0.000999724 -0.016852 0.01 60 60 0 0 0
18288 0.637286 -0.000796104 -0.0541699 0.01 46 46 0 0 0
18295 0.567666 -0.00100707 -0.0249762 0.01 60 60 0 0 0
18302 0.540873 -0.00108826 -0.0600137 0.01 60 61 0 0 0
18317 0.613343 -0.000868659 -0.0663967 0.01 47 47 0.000785723 0 0.00760722
18328 0.573865 -0.000988287 -0.0443058 0.01 60 60 0 0 0
18339 0.589859 -0.000939821 -0.0267727 0.01 85 85 0 0 0
18359 0.563873 -0.00101857 -0.0380547 0.01 60 60 0 0 0
18363 0.589859 -0.000939821 -0.0335683 0.01 84 84 0 0 0
18369 0.572252 -0.000993175 -0.0382557 0.01 60 60 0 0 0
18382 0.637286 -0.000796104 -0.0541699 0.01 47 47 0 0 0
18390 0.534255 -0.00110832 -0.0361984 0.01 60 61 0 0 0
18400 0.563873 -0.00101857 -0.0373213 0.01 60 60 0 0 0
18419 0.637286 -0.000796104 -0.0469969 0.01 46 46 0 0 0
18427 0.563873 -0.00101857 -0.0380547 0.01 60 59 0 0 0
18435 0.589859 -0.000939821 -0.0335683 0.01 84 84 0 0 0
18451 0.585557 -0.000952857 -0.0517475 0.01 60 59 0 0 0
18473 0.570091 -0.000999724 -0.0226585 0.01 60 60 0 0 0
18474 0.589859 -0.000939821 -0.0335683 0.01 84 84 0 0 0
18481 0.603181 -0.000899452 -0.0235622 0.01 84 84 0 0 0
18482 0.540873 -0.00108826 -0.0600137 0.01 60 60 0 0 0
18493 0.640105 -0.00078756 -0.0541699 0.01 47 46 0 0 0
18519 0.640105 -0.00078756 -0.0541699 0.01 46 46 0 0 0
18539 0.640105 -0.00078756 -0.0541699 0.01 46 46 0 0 0
18543 0.557801 -0.00103697 -0.0277815 0.01 60 60 0 0 0
18582 0.612454 -0.000871352 -0.0517475 0.01 60 60 0 0 0
18589 0.637286 -0.000796104 -0.0541699 0.01 45 46 0 0 0
18596 0.565391 -0.00101397 -0.0317609 0.01 60 60 0 0 0
18614 0.637286 -0.000796104 -0.0541699 0.01 46 47 0 0 0
18618 0.570091 -0.000999724 -0.016852 0.01 60 60 0 0 0
18642 0.568676 -0.00100401 -0.00699671 0.01 60 61 0 0 0
18646 0.563873 -0.00101857 -0.0188182 0.01 60 60 0 0 0
18647 0.613343 -0.000868659 -0.0740039 0.01 47 47 0 0 0
18656 0.640105 -0.00078756 -0.0541699 0.01 46 46 0 0 0
18659 0.568569 -0.00100434 -0.0267727 0.01 85 85 0.0152115 -0.0212901 0
18663 0.627984 -0.00082429 -0.0541699 0.01 46 46 0 0 0
18664 0.589859 -0.000939821 -0.0335683 0.01 84 84 0 0 0
18670 0.637286 -0.000796104 -0.0541699 0.01 46 46 0 0 0
18677 0.640105 -0.00078756 -0.0541699 0.01 46 46 0 0 0
18688 0.575673 -0.000982809 -0.0335683 0.01 84 84 0 0 0
18693 0.570091 -0.000999724 -0.016852 0.01 60 60 0 0 0
18694 0.589859 -0.000939821 -0.0335683 0.01 86 86 0 0 0
18696 0.637286 -0.000796104 -0.0469969 0.01 46 46 0 0 0
18699 0.637286 -0.000796104 -0.0541699 0.01 47 47 0 0 0
18703 0.563873 -0.00101857 -0.0380547 0.01 60 60 0 0 0
18709 0.640105 -0.00078756 -0.0541699 0.01 46 46 0 0 0
18724 0.560923 -0.00102751 -0.0523992 0.01 60 60 0 0 0
18729 0.637286 -0.000796104 -0.0464171 0.01 47 47 0 0 0
18733 0.570091 -0.000999724 -0.016852 0.01 60 60 0 0 0
18776 0.589859 -0.000939821 -0.0335683 0.01 86 86 0 0 0
18820 0.567666 -0.00100707 -0.0249762 0.01 60 60 0 0 0
18877 0.608832 -0.000882326 -0.0740039 0.01 47 47 0 0 0
18886 0.608832 -0.000882326 -0.0740039 0.01 47 47 0 0 0
18911 0.613343 -0.000868659 -0.0740039 0.01 47 47 0 0 0
18953 0.640105 -0.00078756 -0.0541699 0.01 46 46 0 0 0
18967 0.547445 -0.00106835 -0.0469969 0.01 60 61 0 0 0
18975 0.613343 -0.000868659 -0.0740039 0.01 47 47 0 0 0
18976 0.608832 -0.000882326 -0.0740039 0.01 47 47 0 0 0
18988 0.593485 -0.000928832 -0.0643478 0.01 60 60 0 0 0
18999 0.589859 -0.000939821 -0.0267727 0.01 86 86 0 0 0
19035 0.608832 -0.000882326 -0.0740039 0.01 47 47 0 0 0
19040 0.547381 -0.00106854 -0.0380547 0.01 60 60 0 0 0
19043 0.651693 -0.000752444 -0.0541699 0.01 47 46 0 0 0
19058 0.6078 -0.000885455 -0.0452771 0.01 60 60 0 0 0
19061 0.613343 -0.000868659 -0.0740039 0.01 47 47 0 0 0
19091 0.565391 -0.00101397 -0.0317609 0.01 60 60 0 0 0
19103 0.589859 -0.000939821 -0.0267727 0.01 85 85 0 0 0
19104 0.637286 -0.000796104 -0.0541699 0.01 46 46 0 0 0
19106 0.613343 -0.000868659 -0.0740039 0.01 47 47 0 0 0
19107 0.575673 -0.000982809 -0.0335683 0.01 84 84 0 0 0
19114 0.640105 -0.00078756 -0.0541699 0.01 46 46 0 0 0
19149 0.535051 -0.00110591 -0.0380547 0.01 60 60 0 0 0
19161 0.637286 -0.000796104 -0.0540937 0.01 46 46 0 0 0
19166 0.599935 -0.000909287 -0.0740039 0.01 47 47 0.00702083 -0.0134074 0
19170 0.60527 -0.000893121 -0.0171293 0.01 85 85 0 0 0
19179 0.637286 -0.000796104 -0.0469969 0.01 46 46 0 0 0
19183 0.589859 -0.000939821 -0.0267727 0.01 85 85 0 0 0
19198 0.589859 -0.000939821 -0.0335683 0.01 84 84 0 0 0
19199 0.565391 -0.00101397 -0.0317609 0.01 60 60 0 0 0
19204 0.575673 -0.000982809 -0.0335683 0.01 84 84 0 0 0
19210 0.589859 -0.000939821 -0.0335683 0.01 84 84 0 0 0
19214 0.640105 -0.00078756 -0.0541699 0.01 46 46 0 0 0
19217 0.589859 -0.000939821 -0.0267727 0.01 84 84 0 0 0
19224 0.589859 -0.000939821 -0.0335683 0.01 84 84 0 0 0
19237 0.570091 -0.000999724 -0.0437028 0.01 60 60 0 0 0
19240 0.567466 -0.00100768 -0.0476381 0.01 60 60 0 0 0
19251 0.640105 -0.00078756 -0.0541699 0.01 46 46 0 0 0
19278 0.589859 -0.000939821 -0.0267727 0.01 85 85 0 0 0
19281 0.637286 -0.000796104 -0.0541699 0.01 46 46 0 0 0
19282 0.562761 -0.00102194 -0.0661872 0.01 60 60 0 0 0
19286 0.567666 -0.00100707 -0.0249762 0.01 60 60 0 0 0
19303 0.569637 -0.0010011 -0.0311389 0.01 60 60 0 0 0
19307 0.547511 -0.00106815 -0.0304908 0.01 60 60 0 0 0
19319 0.608832 -0.000882326 -0.0740039 0.01 47 47 0 0 0
19323 0.608832 -0.000882326 -0.0740039 0.01 47 47 0 0 0
19333 0.589859 -0.000939821 -0.0267727 0.01 85 85 0 0 0
19337 0.613343 -0.000868659 -0.0740039 0.01 47 47 0 0 0
19352 0.575673 -0.000982809 -0.0335683 0.01 84 84 0 0 0
19353 0.589859 -0.000939821 -0.0267727 0.01 85 85 0 0 0
19368 0.637286 -0.000796104 -0.0541699 0.01 47 47 0 0 0
19391 0.637286 -0.000796104 -0.0469969 0.01 46 46 0 0 0
19422 0.608832 -0.000882326 -0.0740039 0.01 47 47 0 0 0
19423 0.543894 -0.00107911 -0.0380547 0.01 60 60 0 0 0
19430 0.540873 -0.00108826 -0.056368 0.01 60 60 0 0 0
19435 0.613343 -0.000868659 -0.0740039 0.01 47 47 0 0 0
19454 0.589859 -0.000939821 -0.0335683 0.01 85 85 0 0 0
19471 0.589859 -0.000939821 -0.0335683 0.01 86 86 0 0 0
19476 0.543894 -0.00107911 -0.0325283 0.01 60 60 0 0 0
19477 0.589859 -0.000939821 -0.0335683 0.01 85 84 0 0 0
19485 0.608832 -0.000882326 -0.0730402 0.01 46 47 0 0 0
19491 0.613343 -0.000868659 -0.0740039 0.01 47 47 0 0 0
19506 0.637286 -0.000796104 -0.0541699 0.01 46 47 0 0 0
19508 0.637286 -0.000796104 -0.0541699 0.01 47 47 0 0 0
19512 0.589859 -0.000939821 -0.0335683 0.01 84 84 0 0 0
19519 0.613343 -0.000868659 -0.0740039 0.01 47 47 0 0 0
19559 0.530146 -0.00112077 -0.0188672 0.01 60 60 0 0 0
19570 0.589859 -0.000939821 -0.0335683 0.01 84 84 0 0 0
19582 0.613343 -0.000868659 -0.0740039 0.01 47 47 0 0 0
19590 0.570091 -0.000999724 -0.0226585 0.01 60 60 0 0 0
19620 0.611785 -0.00087338 -0.0335683 0.01 84 84 0 0 0
19630 0.640105 -0.00078756 -0.0541699 0.01 46 46 0 0 0
19634 0.55619 -0.00104185 -0.0639765 0.01 60 61 0 0 0
19656 0.637286 -0.000796104 -0.0469969 0.01 47 47 0 0 0
19670 0.608832 -0.000882326 -0.0740039 0.01 47 47 0 0 0
19675 0.613343 -0.000868659 -0.0740039 0.01 47 47 0 0 0
19688 0.637286 -0.000796104 -0.0541699 0.01 46 46 0 0 0
19690 0.589859 -0.000939821 -0.0267727 0.01 84 84 0 0 0
19693 0.589859 -0.000939821 -0.0267727 0.01 86 86 0 0 0
19706 0.640105 -0.00078756 -0.0541699 0.01 46 46 0 0 0
19722 0.613343 -0.000868659 -0.0740039 0.01 47 47 0 0 0
19725 0.58703 -0.000948394 -0.0740039 0.01 47 47 0 0 0
19731 0.589859 -0.000939821 -0.0267727 0.01 85 85 0 0 0
19735 0.570452 -0.000998632 -0.0305242 0.01 60 60 0 0 0
19738 0.640105 -0.00078756 -0.0541699 0.01 47 46 0 0 0
19745 0.589859 -0.000939821 -0.0141935 0.01 84 84 0 0 0
19776 0.589859 -0.000939821 -0.0335683 0.01 86 86 0 0 0
19814 0.637286 -0.000796104 -0.0552051 0.01 47 47 0 0 0
19815 0.637286 -0.000796104 -0.0469969 0.01 47 47 0 0 0
19823 0.560923 -0.00102751 -0.0474005 0.01 60 60 0 0 0
19826 0.613343 -0.000868659 -0.0719048 0.01 47 47 0.000216007 0 0.00209913
19830 0.640105 -0.00078756 -0.0541699 0.01 46 46 0 0 0
19835 0.637286 -0.000796104 -0.0541699 0.01 46 46 0 0 0
19845 0.589859 -0.000939821 -0.0267727 0.01 86 86 0 0 0
19862 0.637286 -0.000796104 -0.0541699 0.01 47 47 0 0 0
19867 0.560923 -0.00102751 -0.0474005 0.01 60 61 0 0 0
19868 0.589859 -0.000939821 -0.0267727 0.01 84 84 0 0 0
19892 0.589859 -0.000939821 -0.0335683 0.01 84 84 0 0 0
19896 0.550756 -0.00105832 -0.0258714 0.01 60 60 0 0 0
19942 0.589859 -0.000939821 -0.0267727 0.01 86 86 0 0 0
19954 0.608832 -0.000882326 -0.0740039 0.01 47 47 0 0 0
19958 0.535051 -0.00110591 -0.0296169 0.01 60 60 0 0 0
19980 0.589859 -0.000939821 -0.0267727 0.01 85 85 0 0 0
19984 0.637286 -0.000796104 -0.0464171 0.01 46 46 0 0 0
19985 0.608832 -0.000882326 -0.0740039 0.01 47 47 0 0 0
19986 0.589859 -0.000939821 -0.0335683 0.01 84 84 0 0 0
19989 0.613343 -0.000868659 -0.0740039 0.01 47 47 0 0 0
19998 0.550756 -0.00105832 -0.0258714 0.01 60 60 0 0 0
20002 0.637286 -0.000796104 -0.0469969 0.01 47 47 0 0 0
20025 0.603181 -0.000899452 -0.0235622 0.01 84 84 0 0 0
20028 0.589859 -0.000939821 -0.0298832 0.01 85 85 0 0 0
20034 0.589859 -0.000939821 -0.0267727 0.01 85 85 0 0 0
20054 0.608832 -0.000882326 -0.0740039 0.01 47 47 0 0 0
20080 0.608832 -0.000882326 -0.0740039 0.01 47 47 0 0 0
20109 0.550947 -0.00105774 -0.0253302 0.01 60 60 -0.000797063 0.000908732 0
20112 0.589859 -0.000939821 -0.0141935 0.01 84 84 0 0 0
20136 0.637286 -0.000796104 -0.0541699 0.01 47 47 0 0 0
20147 0.589859 -0.000939821 -0.0335683 0.01 86 86 0 0 0
20170 0.613343 -0.000868659 -0.0740039 0.01 47 47 0 0 0
20172 0.589859 -0.000939821 -0.0486323 0.01 84 84 0 0 0
20182 0.640105 -0.00078756 -0.0541699 0.01 46 46 0 0 0
20183 0.637286 -0.000796104 -0.0552051 0.01 47 47 0 0 0
20185 0.589859 -0.000939821 -0.0235622 0.01 84 84 0 0 0
20193 0.589859 -0.000939821 -0.0335683 0.01 84 84 0 0 0
20198 0.589859 -0.000939821 -0.0335683 0.01 85 85 0 0 0
20213 0.589859 -0.000939821 -0.0335683 0.01 85 85 0 0 0
20218 0.543894 -0.00107911 -0.0380547 0.01 60 60 0 0 0
20228 0.589859 -0.000939821 -0.0267727 0.01 84 84 0 0 0
20234 0.608832 -0.000882326 -0.0740039 0.01 47 47 0 0 0
20252 0.589859 -0.000939821 -0.0235622 0.01 85 85 0 0 0
20259 0.589859 -0.000939821 -0.0335683 0.01 85 85 0 0 0
20263 0.637286 -0.000796104 -0.0541699 0.01 46 46 0 0 0
20264 0.60527 -0.000893121 -0.0141935 0.01 84 84 0 0 0
20267 0.550756 -0.00105832 -0.0258714 0.01 60 60 0 0 0
20272 0.589859 -0.000939821 -0.0335683 0.01 84 84 0 0 0
20286 0.60527 -0.000893121 -0.0141935 0.01 84 84 0 0 0
20298 0.592897 -0.000930616 -0.0802063 0.01 60 60 0 0 0
20300 0.589859 -0.000939821 -0.0335683 0.01 86 86 0 0 0
20303 0.589859 -0.000939821 -0.0267727 0.01 86 86 0 0 0
20324 0.640105 -0.00078756 -0.0541699 0.01 46 46 0 0 0
20332 0.589859 -0.000939821 -0.0335683 0.01 86 86 0 0 0
20333 0.637286 -0.000796104 -0.0540937 0.01 46 47 0 0 0
20335 0.589859 -0.000939821 -0.0335683 0.01 84 84 0 0 0
20338 0.589859 -0.000939821 -0.0371507 0.01 85 85 -0.0606147 0 -0.010378
20343 0.576054 -0.000981656 -0.0141935 0.01 84 84 0 0 0
20350 0.608832 -0.000882326 -0.0740039 0.01 47 47 0 0 0
20366 0.613343 -0.000868659 -0.0740039 0.01 47 47 0 0 0
20368 0.637286 -0.000796104 -0.0538888 0.01 47 47 0 0 0
20371 0.589859 -0.000939821 -0.0463985 0.01 84 84 0 0 0
20381 0.637286 -0.000796104 -0.0469969 0.01 45 45 0 0 0
20391 0.531512 -0.00111663 -0.028732 0.01 60 60 0 0 0
20392 0.608832 -0.000882326 -0.0740039 0.01 47 47 0 0 0
20401 0.589859 -0.000939821 -0.0267727 0.01 85 85 0 0 0
20405 0.567666 -0.00100707 -0.0249762 0.01 60 60 0 0 0
20410 0.589859 -0.000939821 -0.0267727 0.01 84 85 0 0 0
20415 0.594618 -0.000925401 -0.028797 0.01 84 84 -0.00331447 0.00475866 0
20430 0.589859 -0.000939821 -0.0267727 0.01 85 85 0 0 0
20438 0.613343 -0.000868659 -0.0740039 0.01 47 47 0 0 0
20449 0.589859 -0.000939821 -0.0267727 0.01 84 84 0 0 0
20450 0.589859 -0.000939821 -0.0335683 0.01 85 85 0 0 0
20456 0.514712 -0.00116754 -0.0188672 0.01 60 60 0 0 0
20457 0.589859 -0.000939821 -0.0335683 0.01 86 86 0 0 0
20466 0.589859 -0.000939821 -0.0267727 0.01 86 86 0 0 0
20471 0.589859 -0.000939821 -0.0388499 0.01 84 84 0 0 0
20474 0.589859 -0.000939821 -0.0335683 0.01 84 84 0 0 0
20482 0.617985 -0.000854591 -0.0541699 0.01 46 46 0 0 0
20485 0.589859 -0.000939821 -0.0439338 0.01 85 85 0 0 0
20527 0.589859 -0.000939821 -0.0141935 0.01 84 84 0 0 0
20531 0.58958 -0.000940665 -0.0739455 0.01 60 60 0 0 0
