max_pf 80 min_pf 46
individual DHm DSm DCp disp_rate patch_no b_patch_no mut_eff DDHm DDCp
18 0.628075 -0.000824016 -0.05466 0.01 47 47 0 0 0
34 0.647303 -0.00076575 -0.00689072 0.01 78 78 0 0 0
41 0.647303 -0.00076575 -0.00451881 0.01 79 78 0 0 0
59 0.628075 -0.000824016 -0.0631112 0.01 48 48 0 0 0
62 0.628075 -0.000824016 -0.0631112 0.01 47 47 0 0 0
67 0.647303 -0.00076575 -0.000631763 0.01 78 78 0.0235671 0 0.00625896
76 0.570002 -0.000999994 -0.0556249 0.01 60 60 -0.00203165 0 -0.0136626
87 0.570002 -0.000999994 -0.0564484 0.01 60 60 0 0 0
105 0.647303 -0.00076575 -0.00689072 0.01 79 79 0 0 0
106 0.628075 -0.000824016 -0.0631112 0.01 47 47 0 0 0
112 0.647303 -0.00076575 -0.00689072 0.01 78 78 0 0 0
114 0.647303 -0.00076575 -0.00451881 0.01 80 80 0 0 0
130 0.647303 -0.00076575 -0.00689072 0.01 79 79 0 0 0
137 0.619194 -0.000850927 -0.0807138 0.01 48 48 0 0 0
142 0.628075 -0.000824016 -0.0631112 0.01 48 48 0 0 0
156 0.647303 -0.00076575 -0.00451881 0.01 79 79 0 0 0
158 0.616911 -0.000857846 -0.0815232 0.01 60 60 0 0 0
160 0.647303 -0.00076575 -0.00451881 0.01 78 78 0 0 0
163 0.628075 -0.000824016 -0.0789241 0.01 48 48 0 0 0
167 0.628075 -0.000824016 -0.0789241 0.01 48 48 0 0 0
173 0.570002 -0.000999994 -0.033886 0.01 60 60 0 0 0
176 0.640963 -0.00078496 -0.0631112 0.01 48 48 0 0 0
177 0.647303 -0.00076575 -0.00451881 0.01 78 78 0 0 0
179 0.628075 -0.000824016 -0.0631112 0.01 48 48 0 0 0
189 0.647303 -0.00076575 -0.00689072 0.01 78 78 0 0 0
196 0.647303 -0.00076575 -0.00689072 0.01 78 78 0 0 0
199 0.628075 -0.000824016 -0.0672306 0.01 48 48 0 0 0
202 0.628075 -0.000824016 -0.0631112 0.01 48 48 0 0 0
210 0.647303 -0.00076575 -0.00689072 0.01 79 79 0 0 0
215 0.62173 -0.000843242 -0.0449643 0.01 60 60 0 0 0
225 0.671657 -0.000691947 -0.00689072 0.01 79 79 -0.0201632 0.0243548 0
243 0.617018 -0.000857521 -0.0631112 0.01 47 47 0 0 0
253 0.570002 -0.000999994 -0.0565989 0.01 60 60 0 0 0
257 0.647303 -0.00076575 -0.0137492 0.01 80 80 0 0 0
269 0.647303 -0.00076575 -0.00689072 0.01 78 78 0 0 0
279 0.554023 -0.00104842 -0.0564484 0.01 60 60 0 0 0
280 0.619194 -0.000850927 -0.0807138 0.01 48 48 0 0 0
291 0.647303 -0.00076575 -0.00689072 0.01 78 79 0 0 0
299 0.570002 -0.000999994 -0.0280874 0.01 60 60 0 0 0
302 0.570002 -0.000999994 -0.0437631 0.01 60 60 0 0 0
312 0.583484 -0.000959139 -0.0581936 0.01 60 60 0 0 0
329 0.62365 -0.000837425 -0.00689072 0.01 79 79 0 0 0
356 0.628075 -0.000824016 -0.0631112 0.01 48 48 0 0 0
376 0.647303 -0.00076575 -0.00451881 0.01 78 78 0 0 0
378 0.653916 -0.000745709 -0.00451881 0.01 78 78 0 0 0
385 0.647303 -0.00076575 -0.00451881 0.01 79 79 0 0 0
398 0.647303 -0.00076575 -0.00451881 0.01 78 78 0 0 0
408 0.570002 -0.000999994 -0.0280874 0.01 60 60 0 0 0
411 0.628075 -0.000824016 -0.0631112 0.01 48 48 0 0 0
447 0.679208 -0.000669067 -0.0493206 0.01 78 78 0 0 0
461 0.594299 -0.000926368 -0.0429003 0.01 60 60 0 0 0
473 0.647303 -0.00076575 -0.00451881 0.01 78 78 0 0 0
477 0.647303 -0.00076575 -0.00689072 0.01 80 80 0 0 0
480 0.583484 -0.000959139 -0.0583603 0.01 60 61 0 0 0
520 0.551243 -0.00105684 -0.0564484 0.01 60 60 0 0 0
521 0.647303 -0.00076575 -0.00689072 0.01 79 79 0 0 0
522 0.647303 -0.00076575 -0.00689072 0.01 79 79 0 0 0
528 0.579917 -0.000969947 -0.0419623 0.01 60 60 0 0 0
536 0.61916 -0.000851029 -0.0631112 0.01 47 47 0 0 0
542 0.551255 -0.0010568 -0.0418256 0.01 60 59 0 0 0
543 0.647303 -0.00076575 -0.00689072 0.01 78 78 0 0 0
549 0.636546 -0.000798346 -0.0703458 0.01 48 48 -0.000530422 0 -0.0072346
551 0.570002 -0.000999994 -0.0343243 0.01 60 60 0 0 0
554 0.647303 -0.00076575 -0.00689072 0.01 78 78 0 0 0
557 0.628075 -0.000824016 -0.0631112 0.01 48 49 0 0 0
569 0.638265 -0.000793135 -0.05386 0.01 60 61 0 0 0
577 0.570002 -0.000999994 -0.0633397 0.01 60 60 -0.00101823 0 -0.00689137
588 0.617018 -0.000857521 -0.0631112 0.01 47 47 0 0 0
591 0.628075 -0.000824016 -0.0455585 0.01 47 47 0.00173131 0 0.0175527
632 0.637375 -0.000795834 -0.00689072 0.01 79 79 0.00850168 -0.00992793 0
636 0.628075 -0.000824016 -0.0706447 0.01 48 48 0 0 0
642 0.581232 -0.000965963 -0.0417968 0.01 60 60 0 0 0
650 0.647303 -0.00076575 -0.00360068 0.01 79 77 0 0 0
661 0.628075 -0.000824016 -0.0631112 0.01 47 47 0 0 0
675 0.647303 -0.00076575 -0.00689072 0.01 78 78 0 0 0
687 0.65801 -0.000733303 -0.00451881 0.01 80 79 0 0 0
700 0.619194 -0.000850927 -0.0783437 0.01 48 51 0 0 0
715 0.628075 -0.000824016 -0.0631112 0.01 48 48 0 0 0
716 0.628075 -0.000824016 -0.0631112 0.01 48 48 0 0 0
720 0.602817 -0.000900555 -0.0515358 0.01 60 60 0 0 0
725 0.628075 -0.000824016 -0.0631112 0.01 46 47 0 0 0
748 0.593809 -0.000927853 -0.0642004 0.01 60 59 0 0 0
757 0.647303 -0.00076575 -0.00689072 0.01 78 78 0 0 0
761 0.594299 -0.000926368 -0.0429003 0.01 60 60 0 0 0
775 0.581232 -0.000965963 -0.0417968 0.01 60 60 0 0 0
819 0.607818 -0.000885399 -0.0631112 0.01 47 47 0 0 0
836 0.596762 -0.000918904 -0.0440675 0.01 60 60 0 0 0
888 0.628075 -0.000824016 -0.0631112 0.01 48 48 0 0 0
892 0.561192 -0.00102669 -0.0419623 0.01 60 60 0 0 0
897 0.633056 -0.00080892 -0.0449643 0.01 60 60 0 0 0
909 0.654902 -0.000742722 -0.0232952 0.01 60 61 0 0 0
916 0.643058 -0.000778612 -0.0530411 0.01 48 48 0 0 0
923 0.670125 -0.000696591 -0.00689072 0.01 78 78 -0.018809 0.0228226 0
926 0.617018 -0.000857521 -0.0631112 0.01 47 47 0 0 0
941 0.570002 -0.000999994 -0.0419623 0.01 60 60 0 0 0
944 0.647303 -0.00076575 -0.00689072 0.01 80 79 0 0 0
951 0.584807 -0.00095513 -0.0665164 0.01 60 61 0 0 0
954 0.60487 -0.000894332 -0.0679942 0.01 60 60 0 0 0
957 0.570002 -0.000999994 -0.0419623 0.01 60 60 0 0 0
960 0.633739 -0.00080685 -0.0631112 0.01 60 60 0 0 0
972 0.628075 -0.000824016 -0.0631112 0.01 47 47 0 0 0
982 0.628075 -0.000824016 -0.0631112 0.01 48 48 0 0 0
989 0.551255 -0.0010568 -0.0500376 0.01 60 60 0 0 0
991 0.628075 -0.000824016 -0.0500496 0.01 48 48 0 0 0
999 0.647303 -0.00076575 -0.00689072 0.01 78 78 0 0 0
1010 0.628075 -0.000824016 -0.0631112 0.01 48 48 0 0 0
1033 0.61916 -0.000851029 -0.0631112 0.01 47 47 0 0 0
1045 0.619194 -0.000850927 -0.0631112 0.01 48 48 0 0 0
1050 0.671622 -0.000692053 -0.00451881 0.01 78 78 -0.0204367 0.0243199 0
1078 0.628075 -0.000824016 -0.0631112 0.01 48 48 0 0 0
1084 0.628075 -0.000824016 -0.0631112 0.01 48 48 0 0 0
1093 0.593922 -0.000927508 -0.0501493 0.01 60 60 0 0 0
1101 0.570002 -0.000999994 -0.033886 0.01 60 60 0 0 0
1105 0.596762 -0.000918904 -0.0440675 0.01 60 60 0 0 0
1116 0.570002 -0.000999994 -0.0419623 0.01 60 60 0 0 0
1129 0.570002 -0.000999994 -0.0419623 0.01 60 60 0 0 0
1137 0.611632 -0.000873842 -0.0631112 0.01 48 48 0 0 0
1175 0.653916 -0.000745709 -0.00451881 0.01 78 78 0 0 0
1202 0.628075 -0.000824016 -0.0631112 0.01 48 48 0 0 0
1213 0.56545 -0.00101379 -0.0515358 0.01 60 60 0 0 0
1274 0.584807 -0.00095513 -0.0665164 0.01 60 60 0 0 0
1277 0.579221 -0.000972057 -0.0642004 0.01 60 60 0 0 0
1284 0.60487 -0.000894332 -0.0679942 0.01 60 60 0 0 0
1290 0.647303 -0.00076575 -0.00689072 0.01 79 79 0 0 0
1304 0.647303 -0.00076575 -0.00451881 0.01 79 79 0 0 0
1310 0.617018 -0.000857521 -0.0631112 0.01 47 47 0 0 0
1317 0.628075 -0.000824016 -0.0631112 0.01 48 48 0 0 0
1342 0.585883 -0.00095187 -0.0586546 0.01 60 60 0 0 0
1352 0.647303 -0.00076575 -0.00689072 0.01 78 78 0 0 0
1361 0.628075 -0.000824016 -0.0530411 0.01 48 48 0 0 0
1381 0.647303 -0.00076575 -0.00451881 0.01 78 78 0 0 0
1397 0.619194 -0.000850927 -0.0412065 0.01 60 60 0 0 0
1398 0.570002 -0.000999994 -0.0697979 0.01 60 60 0 0 0
1420 0.647303 -0.00076575 -0.00689072 0.01 78 78 0 0 0
1422 0.628075 -0.000824016 -0.0631112 0.01 48 48 0 0 0
1451 0.647303 -0.00076575 -0.00451881 0.01 78 78 0 0 0
1454 0.628075 -0.000824016 -0.0523334 0.01 47 49 0 0 0
1455 0.579221 -0.000972057 -0.0642004 0.01 60 60 0 0 0
1470 0.647303 -0.00076575 -0.00451881 0.01 78 78 0 0 0
1472 0.628075 -0.000824016 -0.0631112 0.01 48 48 0 0 0
1474 0.570002 -0.000999994 -0.0299941 0.01 60 59 0 0 0
1482 0.628075 -0.000824016 -0.0789241 0.01 48 48 0 0 0
1493 0.628075 -0.000824016 -0.058812 0.01 47 47 0 0 0
1499 0.647303 -0.00076575 -0.00689072 0.01 78 78 0 0 0
1503 0.647303 -0.00076575 -0.00451881 0.01 79 78 0 0 0
1514 0.570002 -0.000999994 -0.0419623 0.01 60 58 0 0 0
1526 0.647303 -0.00076575 -0.00689072 0.01 78 78 0 0 0
1534 0.647303 -0.00076575 -0.00689072 0.01 79 79 0 0 0
1536 0.628075 -0.000824016 -0.0631112 0.01 48 48 0 0 0
1538 0.570002 -0.000999994 -0.0419623 0.01 60 60 0 0 0
1573 0.628075 -0.000824016 -0.0631112 0.01 48 48 0 0 0
1579 0.647303 -0.00076575 -0.00689072 0.01 78 79 0 0 0
1591 0.647303 -0.00076575 -0.00689072 0.01 79 79 0 0 0
1597 0.636546 -0.000798346 -0.0631112 0.01 47 47 0 0 0
1606 0.628075 -0.000824016 -0.0631112 0.01 47 48 0 0 0
1618 0.647303 -0.00076575 -0.00451881 0.01 79 79 0 0 0
1636 0.65801 -0.000733303 -0.00451881 0.01 80 80 0 0 0
1642 0.643058 -0.000778612 -0.0530411 0.01 48 48 0 0 0
1646 0.630947 -0.000815312 -0.0586145 0.01 60 61 0 0 0
1663 0.594299 -0.000926368 -0.0429003 0.01 60 60 0 0 0
1664 0.625672 -0.000831296 -0.0815232 0.01 60 59 -0.00591736 0.00876141 0
1669 0.593809 -0.000927853 -0.0642004 0.01 60 60 0 0 0
1675 0.647303 -0.00076575 -0.00451881 0.01 78 78 0 0 0
1711 0.592996 -0.000930316 -0.0778373 0.01 60 61 0 0 0
1722 0.62365 -0.000837425 -0.00689072 0.01 79 79 0.0205316 -0.023653 0
1726 0.619194 -0.000850927 -0.0412065 0.01 60 60 0 0 0
1737 0.628075 -0.000824016 -0.0631112 0.01 47 47 0 0 0
1740 0.628075 -0.000824016 -0.058812 0.01 47 47 0 0 0
1741 0.647303 -0.00076575 -0.00689072 0.01 78 78 0 0 0
1746 0.628075 -0.000824016 -0.0631112 0.01 48 48 0 0 0
1759 0.580588 -0.000967916 -0.0871855 0.01 48 48 0 0 0
1765 0.647303 -0.00076575 -0.00451881 0.01 79 79 0 0 0
1799 0.628075 -0.000824016 -0.0631112 0.01 48 48 0 0 0
1811 0.613393 -0.000868506 -0.0631112 0.01 48 48 0.00762814 -0.0146819 0
1812 0.628075 -0.000824016 -0.0530411 0.01 48 48 0 0 0
1814 0.647303 -0.00076575 -0.00341524 0.01 78 78 0.00414616 0 0.00110357
1823 0.628075 -0.000824016 -0.0631112 0.01 48 49 0 0 0
1828 0.642371 -0.000780695 -0.078764 0.01 60 60 0 0 0
1838 0.628075 -0.000824016 -0.0530411 0.01 48 48 0 0 0
1843 0.62984 -0.000818665 -0.0463537 0.01 60 60 0 0 0
1865 0.647303 -0.00076575 -0.0301369 0.01 78 78 -0.0769667 0 -0.0232462
1877 0.567481 -0.00100763 -0.0778373 0.01 48 48 0 0 0
1900 0.647303 -0.00076575 -0.00451881 0.01 78 78 0 0 0
1901 0.628075 -0.000824016 -0.0631112 0.01 48 48 0 0 0
1904 0.570002 -0.000999994 -0.0564484 0.01 60 60 0 0 0
1906 0.636938 -0.000797157 -0.0688357 0.01 60 60 0 0 0
1916 0.628075 -0.000824016 -0.0631112 0.01 48 48 0 0 0
1918 0.628075 -0.000824016 -0.0631112 0.01 48 48 0 0 0
1920 0.628075 -0.000824016 -0.0631112 0.01 48 50 0 0 0
1923 0.570002 -0.000999994 -0.033886 0.01 60 60 0 0 0
1925 0.61916 -0.000851029 -0.0631112 0.01 47 47 0 0 0
1951 0.570002 -0.000999994 -0.0419623 0.01 60 60 0 0 0
1955 0.602817 -0.000900555 -0.0539636 0.01 60 60 0 0 0
1978 0.628075 -0.000824016 -0.0631112 0.01 48 48 0 0 0
1981 0.647303 -0.00076575 -0.00689072 0.01 78 78 0 0 0
1982 0.647303 -0.00076575 -0.00451881 0.01 78 78 0 0 0
1994 0.608419 -0.000883577 -0.0405549 0.01 60 60 0 0 0
2010 0.647303 -0.00076575 -0.00451881 0.01 80 80 0 0 0
2016 0.628075 -0.000824016 -0.0631112 0.01 47 47 0 0 0
2018 0.570002 -0.000999994 -0.0419623 0.01 60 60 0 0 0
2025 0.65801 -0.000733303 -0.00451881 0.01 80 80 0 0 0
2043 0.628075 -0.000824016 -0.0530411 0.01 48 48 0 0 0
2059 0.570002 -0.000999994 -0.0299605 0.01 60 59 0 0 0
2062 0.647303 -0.00076575 -0.00689072 0.01 78 78 0 0 0
2071 0.628075 -0.000824016 -0.0631112 0.01 47 47 0 0 0
2078 0.647303 -0.00076575 -0.00689072 0.01 79 79 0 0 0
2089 0.570002 -0.000999994 -0.0299605 0.01 60 60 0 0 0
2099 0.617159 -0.000857094 -0.0532754 0.01 47 47 0.00101019 0 0.00983584
2118 0.570002 -0.000999994 -0.0469017 0.01 60 60 0 0 0
2121 0.570002 -0.000999994 -0.0419623 0.01 60 60 0 0 0
2124 0.628075 -0.000824016 -0.058812 0.01 47 47 0 0 0
2129 0.60487 -0.000894332 -0.0642004 0.01 60 60 0 0 0
2153 0.647303 -0.00076575 -0.00451881 0.01 80 80 0 0 0
2170 0.647303 -0.00076575 -0.00451881 0.01 78 78 0 0 0
2189 0.570002 -0.000999994 -0.0419623 0.01 60 60 0 0 0
2195 0.628075 -0.000824016 -0.0631112 0.01 48 48 0 0 0
2200 0.647303 -0.00076575 -0.00451881 0.01 78 78 0 0 0
2230 0.643058 -0.000778612 -0.0530411 0.01 48 48 0 0 0
2231 0.647303 -0.00076575 -0.00689072 0.01 78 78 0 0 0
2254 0.647303 -0.00076575 -0.0137492 0.01 80 79 -0.0272661 0 -0.00685851
2255 0.628075 -0.000824016 -0.0631112 0.01 47 47 0 0 0
2266 0.583484 -0.000959139 -0.0460794 0.01 60 61 0 0 0
2290 0.628075 -0.000824016 -0.058812 0.01 47 47 0 0 0
2303 0.554023 -0.00104842 -0.0564484 0.01 60 60 0 0 0
2314 0.613956 -0.000866799 -0.0181501 0.01 60 60 0 0 0
2318 0.600906 -0.000906345 -0.0802236 0.01 60 60 0 0 0
2319 0.647303 -0.00076575 -0.00360068 0.01 78 77 0 0 0
2320 0.56545 -0.00101379 -0.0515358 0.01 60 60 0 0 0
2323 0.647303 -0.00076575 -0.00451881 0.01 78 78 0 0 0
2326 0.628075 -0.000824016 -0.0631112 0.01 48 48 0 0 0
2327 0.647303 -0.00076575 -0.00689072 0.01 79 79 0 0 0
2335 0.607818 -0.000885399 -0.0631112 0.01 47 47 0.0102316 -0.0202567 0
2338 0.647303 -0.00076575 -0.00689072 0.01 78 78 0 0 0
2355 0.603619 -0.000898124 -0.0233122 0.01 60 60 0 0 0
2356 0.647303 -0.00076575 -0.00689072 0.01 79 79 0 0 0
2384 0.647303 -0.00076575 -0.00689072 0.01 80 80 0 0 0
2414 0.647303 -0.00076575 -0.0226248 0.01 78 78 -0.0538001 0 -0.0157341
2443 0.647303 -0.00076575 -0.00689072 0.01 79 79 0 0 0
2453 0.570002 -0.000999994 -0.0565989 0.01 60 60 0 0 0
2456 0.619194 -0.000850927 -0.0807138 0.01 48 48 0 0 0
2460 0.62365 -0.000837425 -0.00689072 0.01 79 79 0 0 0
2467 0.647303 -0.00076575 -0.00689072 0.01 78 78 0 0 0
2491 0.647303 -0.00076575 -0.00451881 0.01 79 79 0 0 0
2492 0.570002 -0.000999994 -0.0419623 0.01 60 59 0 0 0
2507 0.576475 -0.000980378 -0.0469017 0.01 60 60 0 0 0
2509 0.577442 -0.000977449 -0.032811 0.01 60 62 0 0 0
2532 0.594299 -0.000926368 -0.0429003 0.01 60 60 0 0 0
2551 0.647303 -0.00076575 -0.00689072 0.01 79 79 0 0 0
2565 0.570002 -0.000999994 -0.0469052 0.01 60 60 0 0 0
2572 0.566053 -0.00101196 -0.0584622 0.01 60 60 0 0 0
2575 0.647303 -0.00076575 -0.00689072 0.01 78 78 0 0 0
2582 0.584807 -0.00095513 -0.0665164 0.01 60 60 0 0 0
2594 0.647303 -0.00076575 -0.00451881 0.01 78 77 0 0 0
2600 0.628075 -0.000824016 -0.0631112 0.01 48 47 0 0 0
2621 0.647303 -0.00076575 -0.00689072 0.01 78 78 0 0 0
2624 0.647303 -0.00076575 -0.00451881 0.01 80 80 0 0 0
2650 0.631734 -0.000812926 -0.024664 0.01 60 60 0 0 0
2661 0.567481 -0.00100763 -0.0778373 0.01 48 48 0 0 0
2671 0.647303 -0.00076575 -0.00689072 0.01 78 78 0 0 0
2678 0.570002 -0.000999994 -0.0405168 0.01 60 60 0 0 0
2690 0.628075 -0.000824016 -0.0631112 0.01 47 47 0 0 0
2695 0.628075 -0.000824016 -0.0631112 0.01 47 47 0 0 0
2697 0.577442 -0.000977449 -0.032811 0.01 60 60 0 0 0
2703 0.628075 -0.000824016 -0.0789241 0.01 48 48 0 0 0
2717 0.613956 -0.000866799 -0.0181501 0.01 60 60 0 0 0
2718 0.628075 -0.000824016 -0.0631112 0.01 48 48 0 0 0
2725 0.617018 -0.000857521 -0.0631112 0.01 47 47 0 0 0
2734 0.570002 -0.000999994 -0.0697979 0.01 60 60 0 0 0
2746 0.647303 -0.00076575 -0.00689072 0.01 80 80 0 0 0
2779 0.628075 -0.000824016 -0.0631112 0.01 48 48 0 0 0
2786 0.593922 -0.000927508 -0.0501493 0.01 60 59 0 0 0
2806 0.570002 -0.000999994 -0.0280874 0.01 60 61 0 0 0
2831 0.628075 -0.000824016 -0.0631112 0.01 48 48 0 0 0
2837 0.647303 -0.00076575 -0.00689072 0.01 78 78 0 0 0
2842 0.628075 -0.000824016 -0.0631112 0.01 47 47 0 0 0
2854 0.628075 -0.000824016 -0.0631112 0.01 48 48 0 0 0
2867 0.635081 -0.000802785 -0.0467208 0.01 60 60 0 0 0
2884 0.628075 -0.000824016 -0.0631112 0.01 48 48 0 0 0
2885 0.643185 -0.000778228 -0.0741293 0.01 60 60 0 0 0
2895 0.628075 -0.000824016 -0.0631112 0.01 48 48 0 0 0
2907 0.562436 -0.00102292 -0.0419623 0.01 60 60 0 0 0
2914 0.628075 -0.000824016 -0.0631112 0.01 48 48 0 0 0
2920 0.647303 -0.00076575 -0.00451881 0.01 78 78 0 0 0
2930 0.647303 -0.00076575 -0.00451881 0.01 79 79 0 0 0
2932 0.647303 -0.00076575 -0.00451881 0.01 78 77 0 0 0
2948 0.629387 -0.000820038 -0.078764 0.01 60 60 0 0 0
2951 0.611632 -0.000873842 -0.0631112 0.01 48 49 0 0 0
2962 0.628075 -0.000824016 -0.0631112 0.01 48 48 0 0 0
2982 0.592996 -0.000930316 -0.0778373 0.01 60 61 0 0 0
2984 0.647303 -0.00076575 -0.00689072 0.01 78 78 0 0 0
2989 0.647303 -0.00076575 -0.00689072 0.01 79 79 0 0 0
2991 0.628075 -0.000824016 -0.0631112 0.01 48 48 0 0 0
2994 0.647303 -0.00076575 -0.00451881 0.01 78 78 0 0 0
3001 0.647303 -0.00076575 -0.00689072 0.01 78 78 0 0 0
3004 0.647303 -0.00076575 -0.00451881 0.01 80 80 0 0 0
3019 0.570002 -0.000999994 -0.0419623 0.01 60 60 0 0 0
3024 0.570002 -0.000999994 -0.0473344 0.01 60 60 0 0 0
3025 0.570002 -0.000999994 -0.0419623 0.01 60 60 0 0 0
3034 0.628075 -0.000824016 -0.0789241 0.01 48 48 0 0 0
3036 0.647303 -0.00076575 -0.00451881 0.01 80 80 0 0 0
3048 0.636832 -0.000797478 -0.00451881 0.01 78 78 0 0 0
3054 0.636561 -0.0007983 -0.0517332 0.01 60 60 0 0 0
3063 0.628075 -0.000824016 -0.0631112 0.01 47 47 0 0 0
3078 0.647303 -0.00076575 -0.00451881 0.01 79 79 0 0 0
3085 0.647303 -0.00076575 -0.00689072 0.01 79 79 0 0 0
3126 0.628075 -0.000824016 -0.0631112 0.01 47 47 0 0 0
3132 0.551243 -0.00105684 -0.0564484 0.01 60 60 0 0 0
3147 0.571186 -0.000996407 -0.0419623 0.01 60 60 0 0 0
3166 0.60557 -0.000892212 -0.0558366 0.01 60 60 0 0 0
3184 0.628075 -0.000824016 -0.0631112 0.01 48 48 0 0 0
3191 0.619124 -0.000851138 -0.0631112 0.01 60 60 0 0 0
3196 0.628075 -0.000824016 -0.0631112 0.01 48 48 0 0 0
3198 0.551255 -0.0010568 -0.0500376 0.01 60 60 0 0 0
3218 0.602817 -0.000900555 -0.0515358 0.01 60 60 0 0 0
3220 0.628075 -0.000824016 -0.0631112 0.01 48 48 0 0 0
3222 0.647303 -0.00076575 -0.00451881 0.01 78 78 0 0 0
3224 0.628075 -0.000824016 -0.0631112 0.01 48 48 0 0 0
3226 0.647303 -0.00076575 -0.00451881 0.01 78 78 0 0 0
3248 0.570795 -0.000997591 -0.0419623 0.01 60 60 0 0 0
3258 0.560475 -0.00102886 -0.0419623 0.01 60 60 0 0 0
3270 0.579834 -0.000970201 -0.0333595 0.01 60 60 0 0 0
3291 0.647303 -0.00076575 -0.00689072 0.01 79 79 0 0 0
3299 0.633702 -0.000806964 -0.0511778 0.01 60 60 0 0 0
3303 0.594299 -0.000926368 -0.0429003 0.01 60 60 0 0 0
3305 0.562436 -0.00102292 -0.0419623 0.01 60 60 0 0 0
3307 0.570002 -0.000999994 -0.0437631 0.01 60 60 0 0 0
3317 0.628075 -0.000824016 -0.0631112 0.01 47 47 0 0 0
3320 0.647303 -0.00076575 -0.00451881 0.01 79 79 0 0 0
3327 0.647303 -0.00076575 -0.00451881 0.01 79 79 0 0 0
3330 0.647303 -0.00076575 -0.00689072 0.01 78 78 0 0 0
3338 0.65801 -0.000733303 -0.00451881 0.01 80 80 0 0 0
3341 0.570002 -0.000999994 -0.0343243 0.01 60 61 0 0 0
3345 0.619194 -0.000850927 -0.0807138 0.01 48 48 0 0 0
3354 0.647303 -0.00076575 -0.00689072 0.01 80 80 0 0 0
3370 0.570002 -0.000999994 -0.0280874 0.01 60 60 0 0 0
3373 0.619194 -0.000850927 -0.0744023 0.01 48 49 0 0 0
3400 0.647303 -0.00076575 -0.00689072 0.01 79 79 0 0 0
3412 0.628075 -0.000824016 -0.0655311 0.01 48 48 0 0 0
3420 0.62365 -0.000837425 -0.00689072 0.01 79 79 0 0 0
3466 0.619194 -0.000850927 -0.0733854 0.01 60 61 0 0 0
3473 0.636546 -0.000798346 -0.0703458 0.01 48 48 0 0 0
3477 0.628075 -0.000824016 -0.0631112 0.01 47 48 0 0 0
3478 0.628075 -0.000824016 -0.0530411 0.01 48 48 0 0 0
3498 0.628075 -0.000824016 -0.0631112 0.01 47 48 0 0 0
3506 0.563112 -0.00102087 -0.0268464 0.01 60 60 0 0 0
3511 0.647303 -0.00076575 -0.00689072 0.01 79 79 0 0 0
3546 0.628075 -0.000824016 -0.0631112 0.01 48 48 0 0 0
3555 0.647303 -0.00076575 -0.00689072 0.01 78 78 0 0 0
3569 0.617381 -0.000856423 -0.0722914 0.01 60 60 0 0 0
3572 0.647303 -0.00076575 -0.00689072 0.01 78 78 0 0 0
3577 0.636938 -0.000797157 -0.0688357 0.01 60 60 0 0 0
3584 0.619805 -0.000849075 -0.0631112 0.01 48 48 0.0042427 -0.00826973 0
3594 0.598834 -0.000912625 -0.076358 0.01 60 59 0 0 0
3604 0.583484 -0.000959139 -0.0583603 0.01 60 60 0 0 0
3611 0.619194 -0.000850927 -0.0807138 0.01 48 48 0 0 0
3620 0.570002 -0.000999994 -0.0419623 0.01 60 61 0 0 0
3641 0.570002 -0.000999994 -0.0223147 0.01 60 60 0 0 0
3647 0.647303 -0.00076575 -0.00689072 0.01 78 78 0 0 0
3650 0.647303 -0.00076575 -0.00689072 0.01 79 79 0 0 0
3657 0.647303 -0.00076575 -0.00689072 0.01 78 78 0 0 0
3666 0.628075 -0.000824016 -0.0631112 0.01 47 47 0 0 0
3687 0.593809 -0.000927853 -0.0642004 0.01 60 60 0 0 0
3692 0.570002 -0.000999994 -0.0419623 0.01 60 60 0 0 0
3694 0.567481 -0.00100763 -0.0778373 0.01 48 48 0 0 0
3697 0.583484 -0.000959139 -0.0705266 0.01 60 60 0 0 0
3704 0.61445 -0.000865304 -0.0609387 0.01 60 59 0 0 0
3709 0.633702 -0.000806964 -0.0511778 0.01 60 61 0 0 0
3710 0.616911 -0.000857846 -0.0931132 0.01 60 59 0 0 0
3718 0.570002 -0.000999994 -0.0419623 0.01 60 61 0 0 0
3749 0.628075 -0.000824016 -0.0631112 0.01 48 48 0 0 0
3770 0.570002 -0.000999994 -0.0163637 0.01 60 60 0 0 0
3782 0.647303 -0.00076575 -0.0091995 0.01 79 79 0 0 0
3783 0.647303 -0.00076575 -0.00689072 0.01 79 79 0 0 0
3789 0.62173 -0.000843242 -0.0304464 0.01 60 60 0 0 0
3792 0.570002 -0.000999994 -0.0417968 0.01 60 60 0 0 0
3805 0.628075 -0.000824016 -0.0631112 0.01 47 47 0 0 0
3819 0.628075 -0.000824016 -0.0631112 0.01 48 49 0 0 0
3821 0.570002 -0.000999994 -0.0299941 0.01 60 59 0 0 0
3842 0.584807 -0.00095513 -0.0665164 0.01 60 60 0 0 0
3843 0.628075 -0.000824016 -0.0631112 0.01 47 47 0 0 0
3850 0.579917 -0.000969947 -0.0419623 0.01 60 60 0 0 0
3852 0.628075 -0.000824016 -0.0631112 0.01 47 47 0 0 0
3865 0.583484 -0.000959139 -0.0583603 0.01 60 60 0 0 0
3897 0.643058 -0.000778612 -0.0530411 0.01 48 48 0 0 0
3906 0.647303 -0.00076575 -0.00689072 0.01 78 78 0 0 0
3907 0.664594 -0.000713351 -0.0631112 0.01 48 48 -0.0129704 0.0280482 0
3916 0.647303 -0.00076575 -0.00689072 0.01 79 79 0 0 0
3917 0.596762 -0.000918904 -0.0440675 0.01 60 60 0 0 0
3928 0.647303 -0.00076575 -0.00689072 0.01 78 78 0 0 0
3947 0.594182 -0.000926721 -0.0698542 0.01 60 59 0 0 0
3969 0.628075 -0.000824016 -0.0631112 0.01 48 48 0 0 0
3976 0.628075 -0.000824016 -0.0672306 0.01 48 48 0 0 0
3980 0.570002 -0.000999994 -0.0280874 0.01 60 60 0 0 0
4016 0.570002 -0.000999994 -0.0437631 0.01 60 60 0 0 0
4023 0.628075 -0.000824016 -0.0631112 0.01 48 48 0 0 0
4037 0.616243 -0.000859869 -0.0631112 0.01 47 47 0.00587558 -0.0118315 0
4038 0.628075 -0.000824016 -0.0631112 0.01 48 47 0 0 0
4056 0.647303 -0.00076575 -0.00689072 0.01 78 78 0 0 0
4057 0.628075 -0.000824016 -0.0631112 0.01 48 48 0 0 0
4061 0.655102 -0.000742116 -0.00689072 0.01 79 79 0.0136009 -0.0165555 0
4062 0.628075 -0.000824016 -0.0530411 0.01 48 48 0 0 0
4064 0.628075 -0.000824016 -0.0631112 0.01 48 48 0 0 0
4095 0.583484 -0.000959139 -0.0583603 0.01 60 60 0 0 0
4104 0.570002 -0.000999994 -0.0417968 0.01 60 60 0 0 0
4125 0.562436 -0.00102292 -0.0419623 0.01 60 60 0 0 0
4130 0.570795 -0.000997591 -0.0419623 0.01 60 60 0 0 0
4150 0.647303 -0.00076575 -0.00689072 0.01 78 78 0 0 0
4152 0.628075 -0.000824016 -0.0631112 0.01 48 47 0 0 0
4163 0.62173 -0.000843242 -0.0449643 0.01 60 60 0 0 0
4169 0.628075 -0.000824016 -0.0631112 0.01 48 48 0 0 0
4210 0.647303 -0.00076575 -0.00451881 0.01 78 78 0 0 0
4211 0.647303 -0.00076575 -0.00451881 0.01 79 79 0 0 0
4212 0.636546 -0.000798346 -0.0703458 0.01 48 48 0 0 0
4229 0.628075 -0.000824016 -0.058812 0.01 46 46 0 0 0
4239 0.628075 -0.000824016 -0.0672306 0.01 48 48 0.000883117 0 0.0116936
4252 0.584807 -0.00095513 -0.0665164 0.01 60 61 0 0 0
4259 0.628075 -0.000824016 -0.0631112 0.01 47 47 0 0 0
4262 0.570002 -0.000999994 -0.0419623 0.01 60 60 0 0 0
4265 0.628075 -0.000824016 -0.0631112 0.01 48 48 0 0 0
4288 0.647303 -0.00076575 -0.00451881 0.01 79 79 0 0 0
4290 0.584807 -0.00095513 -0.090487 0.01 60 60 0 0 0
4304 0.647303 -0.00076575 -0.00451881 0.01 78 78 0 0 0
4305 0.647303 -0.00076575 -0.00451881 0.01 78 78 0 0 0
4314 0.628075 -0.000824016 -0.0789241 0.01 48 48 0 0 0
4335 0.653916 -0.000745709 -0.00451881 0.01 78 78 0 0 0
4354 0.582546 -0.000961982 -0.0419623 0.01 60 60 0 0 0
4363 0.628075 -0.000824016 -0.0631112 0.01 47 47 0 0 0
4367 0.570002 -0.000999994 -0.0578614 0.01 60 59 0 0 0
4370 0.554023 -0.00104842 -0.0564484 0.01 60 60 0 0 0
4371 0.562436 -0.00102292 -0.0419623 0.01 60 60 0 0 0
4384 0.628075 -0.000824016 -0.0706447 0.01 48 48 0 0 0
4393 0.628075 -0.000824016 -0.0631112 0.01 48 48 0 0 0
4405 0.647303 -0.00076575 -0.00451881 0.01 79 79 0 0 0
4411 0.62365 -0.000837425 -0.00689072 0.01 79 79 0 0 0
4419 0.647303 -0.00076575 -0.00451881 0.01 79 79 0 0 0
4421 0.647303 -0.00076575 -0.00689072 0.01 78 78 0 0 0
4424 0.61558 -0.000861879 -0.0631112 0.01 48 48 0 0 0
4436 0.628075 -0.000824016 -0.0530411 0.01 47 47 0 0 0
4445 0.570002 -0.000999994 -0.0419623 0.01 60 59 0 0 0
4453 0.581232 -0.000965963 -0.0417968 0.01 60 60 0 0 0
4480 0.647303 -0.00076575 -0.00689072 0.01 78 78 0 0 0
4497 0.647303 -0.00076575 -0.00451881 0.01 78 78 0 0 0
4499 0.570002 -0.000999994 -0.0405168 0.01 60 60 0 0 0
4511 0.647303 -0.00076575 -0.00689072 0.01 79 79 0 0 0
4516 0.647303 -0.00076575 -0.00689072 0.01 79 79 0 0 0
4534 0.628075 -0.000824016 -0.0631112 0.01 48 48 0 0 0
4541 0.628075 -0.000824016 -0.0631112 0.01 47 47 0 0 0
4544 0.628075 -0.000824016 -0.0631112 0.01 48 48 0 0 0
4545 0.581232 -0.000965963 -0.0417968 0.01 60 60 0 0 0
4560 0.628075 -0.000824016 -0.0631112 0.01 47 47 0 0 0
4562 0.619194 -0.000850927 -0.0631112 0.01 48 48 0 0 0
4565 0.647303 -0.00076575 -0.00689072 0.01 78 78 0 0 0
4571 0.570002 -0.000999994 -0.0564484 0.01 60 59 0 0 0
4577 0.654735 -0.000743229 -0.00689072 0.01 80 80 -0.00628495 0.00743198 0
4579 0.628075 -0.000824016 -0.0631112 0.01 48 48 0 0 0
4590 0.647303 -0.00076575 -0.00451881 0.01 78 78 0 0 0
4591 0.647303 -0.00076575 -0.00689072 0.01 79 79 0 0 0
4592 0.647303 -0.00076575 -0.00689072 0.01 78 78 0 0 0
4594 0.628075 -0.000824016 -0.0631112 0.01 47 48 0 0 0
4604 0.647303 -0.00076575 -0.00689072 0.01 78 78 0 0 0
4605 0.647303 -0.00076575 -0.00451881 0.01 78 78 0 0 0
4625 0.570002 -0.000999994 -0.0419623 0.01 60 61 0 0 0
4632 0.647303 -0.00076575 -0.00689072 0.01 79 79 0 0 0
4636 0.647303 -0.00076575 -0.00451881 0.01 78 78 0 0 0
4637 0.628075 -0.000824016 -0.0601456 0.01 48 49 0 0 0
4646 0.647303 -0.00076575 -0.00689072 0.01 79 79 0 0 0
4651 0.650053 -0.000757417 -0.00689072 0.01 79 79 0 0 0
4661 0.647303 -0.00076575 -0.00689072 0.01 79 79 0 0 0
4663 0.647303 -0.00076575 -0.00689072 0.01 79 79 0 0 0
4674 0.554023 -0.00104842 -0.0564484 0.01 60 60 0 0 0
4692 0.628075 -0.000824016 -0.0631112 0.01 48 48 0 0 0
4697 0.570002 -0.000999994 -0.0417968 0.01 60 60 0 0 0
4714 0.647303 -0.00076575 -0.00451881 0.01 78 77 0 0 0
4716 0.628075 -0.000824016 -0.0631112 0.01 48 49 0 0 0
4721 0.628075 -0.000824016 -0.0631112 0.01 47 47 0 0 0
4722 0.561192 -0.00102669 -0.0419623 0.01 60 60 0 0 0
4732 0.628075 -0.000824016 -0.0631112 0.01 48 48 0 0 0
4733 0.584807 -0.00095513 -0.0665164 0.01 60 60 0 0 0
4736 0.594299 -0.000926368 -0.0429003 0.01 60 60 0 0 0
4752 0.570002 -0.000999994 -0.0163637 0.01 60 60 0 0 0
4761 0.647303 -0.00076575 -0.00451881 0.01 80 80 0 0 0
4785 0.643058 -0.000778612 -0.0530411 0.01 48 48 0 0 0
4796 0.647303 -0.00076575 -0.00689072 0.01 78 78 0 0 0
4797 0.611928 -0.000872945 -0.0631112 0.01 48 48 0 0 0
4805 0.632176 -0.000811588 -0.0631112 0.01 48 48 0 0 0
4823 0.647303 -0.00076575 -0.00689072 0.01 79 79 0 0 0
4828 0.628075 -0.000824016 -0.058812 0.01 46 47 0 0 0
4851 0.619124 -0.000851138 -0.0631112 0.01 60 59 0 0 0
4861 0.628075 -0.000824016 -0.0631112 0.01 48 48 0 0 0
4891 0.583484 -0.000959139 -0.0583603 0.01 60 60 0 0 0
4896 0.570795 -0.000997591 -0.0419623 0.01 60 61 0 0 0
4898 0.628075 -0.000824016 -0.0631112 0.01 47 47 0 0 0
4908 0.613956 -0.000866799 -0.0181501 0.01 60 60 0 0 0
4912 0.594299 -0.000926368 -0.0429003 0.01 60 60 0 0 0
4915 0.647303 -0.00076575 -0.00689072 0.01 78 78 0 0 0
4917 0.570002 -0.000999994 -0.0564484 0.01 60 60 0 0 0
4932 0.583484 -0.000959139 -0.0639403 0.01 60 60 0 0 0
4933 0.617018 -0.000857521 -0.0631112 0.01 47 47 0 0 0
4935 0.628075 -0.000824016 -0.0631112 0.01 47 47 0 0 0
4943 0.570002 -0.000999994 -0.0405168 0.01 60 60 0.000215977 0 0.00144553
4946 0.602817 -0.000900555 -0.0515358 0.01 60 60 0 0 0
4947 0.628075 -0.000824016 -0.0631112 0.01 47 47 0 0 0
4951 0.554023 -0.00104842 -0.0564484 0.01 60 60 0 0 0
4957 0.628075 -0.000824016 -0.0631112 0.01 48 48 0 0 0
4959 0.647303 -0.00076575 -0.00689072 0.01 78 78 0 0 0
4967 0.581232 -0.000965963 -0.0417968 0.01 60 60 0 0 0
4968 0.62173 -0.000843242 -0.0304464 0.01 60 60 0 0 0
5006 0.596762 -0.000918904 -0.0440675 0.01 60 60 0 0 0
5007 0.628075 -0.000824016 -0.0631112 0.01 48 48 0 0 0
5020 0.647303 -0.00076575 -0.00451881 0.01 79 79 0 0 0
5024 0.584807 -0.00095513 -0.0665164 0.01 60 60 0 0 0
5054 0.647303 -0.00076575 -0.00451881 0.01 78 78 0 0 0
5077 0.628075 -0.000824016 -0.0631112 0.01 47 47 0 0 0
5091 0.647303 -0.00076575 -0.00451881 0.01 79 79 0 0 0
5104 0.619194 -0.000850927 -0.0807138 0.01 48 48 0 0 0
5110 0.571186 -0.000996407 -0.0419623 0.01 60 60 0 0 0
5112 0.647303 -0.00076575 -0.00689072 0.01 79 79 0 0 0
5152 0.632176 -0.000811588 -0.0631112 0.01 48 48 0 0 0
5155 0.628075 -0.000824016 -0.0631112 0.01 47 47 0 0 0
5157 0.628075 -0.000824016 -0.0631112 0.01 47 47 0 0 0
5162 0.628075 -0.000824016 -0.0631112 0.01 48 48 0 0 0
5167 0.570002 -0.000999994 -0.0419623 0.01 60 60 0 0 0
5170 0.628075 -0.000824016 -0.0631112 0.01 48 48 0 0 0
5174 0.611632 -0.000873842 -0.0631112 0.01 48 48 0 0 0
5197 0.647303 -0.00076575 -0.00689072 0.01 78 78 0 0 0
5201 0.628075 -0.000824016 -0.0631112 0.01 47 47 0 0 0
5209 0.570002 -0.000999994 -0.0603557 0.01 60 60 0 0 0
5220 0.570002 -0.000999994 -0.0565989 0.01 60 60 0 0 0
5240 0.60487 -0.000894332 -0.0540189 0.01 60 60 0 0 0
5243 0.647303 -0.00076575 -0.00689072 0.01 78 78 0 0 0
5244 0.628075 -0.000824016 -0.0631112 0.01 47 47 0 0 0
5269 0.570002 -0.000999994 -0.0417968 0.01 60 60 0 0 0
5272 0.570002 -0.000999994 -0.0223147 0.01 60 60 0 0 0
5278 0.607818 -0.000885399 -0.0631112 0.01 47 47 0 0 0
5288 0.628075 -0.000824016 -0.0631112 0.01 48 48 0 0 0
5295 0.570795 -0.000997591 -0.0419623 0.01 60 60 0 0 0
5299 0.647303 -0.00076575 -0.00451881 0.01 78 78 0 0 0
5305 0.596762 -0.000918904 -0.0322399 0.01 60 60 0 0 0
5306 0.647303 -0.00076575 -0.00689072 0.01 78 78 0 0 0
5317 0.60487 -0.000894332 -0.0679942 0.01 60 60 0 0 0
5335 0.570002 -0.000999994 -0.0419623 0.01 60 60 0 0 0
5345 0.65801 -0.000733303 -0.00451881 0.01 80 80 0 0 0
5353 0.628075 -0.000824016 -0.0631112 0.01 48 48 0 0 0
5361 0.594299 -0.000926368 -0.0429003 0.01 60 60 0 0 0
5390 0.647303 -0.00076575 -0.00451881 0.01 79 79 0 0 0
5411 0.619194 -0.000850927 -0.0807138 0.01 48 48 0 0 0
5412 0.628075 -0.000824016 -0.0530411 0.01 48 48 0 0 0
5415 0.647303 -0.00076575 -0.00689072 0.01 78 78 0 0 0
5438 0.647303 -0.00076575 -0.00451881 0.01 79 79 0 0 0
5453 0.584807 -0.00095513 -0.0665164 0.01 60 60 0 0 0
5455 0.630927 -0.000815372 -0.0649858 0.01 48 49 0 0 0
5466 0.585883 -0.00095187 -0.0586546 0.01 60 60 0 0 0
5472 0.570002 -0.000999994 -0.0565989 0.01 60 60 0 0 0
5480 0.594299 -0.000926368 -0.0429003 0.01 60 60 0 0 0
5491 0.617018 -0.000857521 -0.0631112 0.01 46 46 0 0 0
5496 0.647303 -0.00076575 -0.00689072 0.01 78 78 0 0 0
5498 0.603619 -0.000898124 -0.0233122 0.01 60 60 0 0 0
5506 0.576475 -0.000980378 -0.0469017 0.01 60 60 -0.00522128 0.00647318 0
5515 0.628075 -0.000824016 -0.0631112 0.01 47 47 0 0 0
5529 0.570002 -0.000999994 -0.0565989 0.01 60 60 0 0 0
5543 0.570002 -0.000999994 -0.0417968 0.01 60 60 0 0 0
5566 0.647303 -0.00076575 -0.00689072 0.01 79 79 0 0 0
5606 0.647303 -0.00076575 -0.00451881 0.01 78 77 0 0 0
5621 0.544637 -0.00107686 -0.032811 0.01 60 60 0 0 0
5623 0.56545 -0.00101379 -0.0515358 0.01 60 60 0 0 0
5628 0.628075 -0.000824016 -0.0631112 0.01 47 47 0 0 0
5662 0.628075 -0.000824016 -0.0631112 0.01 48 48 0 0 0
5664 0.647303 -0.00076575 -0.00451881 0.01 78 78 0 0 0
5671 0.647303 -0.00076575 -0.00451881 0.01 78 78 0 0 0
5682 0.647303 -0.00076575 -0.00451881 0.01 78 78 0 0 0
5692 0.647303 -0.00076575 -0.00689072 0.01 78 78 0 0 0
5694 0.554023 -0.00104842 -0.0564484 0.01 60 60 0 0 0
5708 0.594182 -0.000926721 -0.0698542 0.01 60 60 0 0 0
5711 0.570002 -0.000999994 -0.0565989 0.01 60 60 0 0 0
5731 0.628075 -0.000824016 -0.0631112 0.01 48 48 0 0 0
5735 0.628075 -0.000824016 -0.0631112 0.01 48 49 0 0 0
5738 0.594299 -0.000926368 -0.0429003 0.01 60 60 0 0 0
5756 0.628075 -0.000824016 -0.0631112 0.01 48 48 0 0 0
5757 0.647303 -0.00076575 -0.00689072 0.01 78 78 0 0 0
5758 0.596762 -0.000918904 -0.0440675 0.01 60 60 0 0 0
5762 0.628075 -0.000824016 -0.0789241 0.01 48 48 0 0 0
5781 0.647303 -0.00076575 -0.00689072 0.01 78 78 0 0 0
5783 0.647303 -0.00076575 -0.00689072 0.01 79 79 0 0 0
5809 0.647303 -0.00076575 -0.00689072 0.01 80 79 0 0 0
5821 0.560953 -0.00102741 -0.0486993 0.01 60 60 0 0 0
5823 0.647303 -0.00076575 -0.0265604 0.01 78 77 0 0 0
5824 0.628075 -0.000824016 -0.0587938 0.01 47 47 0.000423804 0 0.0043174
5853 0.628075 -0.000824016 -0.0631112 0.01 48 48 0 0 0
5862 0.619194 -0.000850927 -0.0807138 0.01 48 48 0 0 0
5864 0.666547 -0.000707433 -0.00689072 0.01 78 78 0 0 0
5865 0.570002 -0.000999994 -0.0564484 0.01 60 60 0 0 0
5881 0.570002 -0.000999994 -0.0333595 0.01 60 61 0 0 0
5909 0.619194 -0.000850927 -0.0807138 0.01 48 48 0 0 0
5911 0.554023 -0.00104842 -0.0564484 0.01 60 60 0 0 0
5921 0.647303 -0.00076575 -0.00689072 0.01 80 80 0 0 0
5926 0.628075 -0.000824016 -0.0631112 0.01 48 48 0 0 0
5935 0.655416 -0.000741164 -0.0631112 0.01 48 48 -0.0130879 0.027341 0
5948 0.581232 -0.000965963 -0.0417968 0.01 60 60 0 0 0
5954 0.576475 -0.000980378 -0.0469017 0.01 60 60 0 0 0
5967 0.590025 -0.000939318 -0.0501493 0.01 60 60 0 0 0
5975 0.570002 -0.000999994 -0.0564484 0.01 60 60 0 0 0
6001 0.628075 -0.000824016 -0.0631112 0.01 48 48 0 0 0
6002 0.62984 -0.000818665 -0.0415917 0.01 60 60 0 0 0
6017 0.583728 -0.000958401 -0.0469052 0.01 60 63 0 0 0
6025 0.604991 -0.000893967 -0.0801686 0.01 60 60 0 0 0
6035 0.647303 -0.00076575 -0.00451881 0.01 78 78 0 0 0
6036 0.628075 -0.000824016 -0.0631112 0.01 48 48 0 0 0
6040 0.647303 -0.00076575 -0.00451881 0.01 78 78 0 0 0
6046 0.569124 -0.00100265 -0.0224749 0.01 60 60 0 0 0
6049 0.628075 -0.000824016 -0.0530411 0.01 48 48 0 0 0
6069 0.628075 -0.000824016 -0.0631112 0.01 47 47 0 0 0
6070 0.570002 -0.000999994 -0.0564484 0.01 60 59 0 0 0
6091 0.619124 -0.000851138 -0.0631112 0.01 60 59 0 0 0
6095 0.647303 -0.00076575 -0.00689072 0.01 78 78 0 0 0
6097 0.594299 -0.000926368 -0.0429003 0.01 60 60 0 0 0
6102 0.628075 -0.000824016 -0.0631112 0.01 48 48 0 0 0
6107 0.628075 -0.000824016 -0.0631112 0.01 47 48 0 0 0
6108 0.647303 -0.00076575 -0.00689072 0.01 78 78 0 0 0
6111 0.633739 -0.00080685 -0.0631112 0.01 60 60 0 0 0
6119 0.628075 -0.000824016 -0.0540775 0.01 48 47 0.000888057 0 0.00903375
6122 0.628075 -0.000824016 -0.0631112 0.01 48 48 0 0 0
6132 0.596762 -0.000918904 -0.0322399 0.01 60 60 0 0 0
6136 0.554023 -0.00104842 -0.0564484 0.01 60 60 0 0 0
6154 0.592996 -0.000930316 -0.0623073 0.01 60 60 0 0 0
6155 0.585883 -0.00095187 -0.0586546 0.01 60 60 0 0 0
6157 0.628075 -0.000824016 -0.0631112 0.01 48 48 0 0 0
6159 0.647303 -0.00076575 -0.00689072 0.01 79 79 0 0 0
6179 0.580588 -0.000967916 -0.0871855 0.01 48 48 0 0 0
6194 0.570002 -0.000999994 -0.0417968 0.01 60 59 0 0 0
6218 0.62173 -0.000843242 -0.0412389 0.01 60 61 0 0 0
6221 0.628075 -0.000824016 -0.0631112 0.01 47 47 0 0 0
6226 0.679208 -0.000669067 -0.0493206 0.01 78 78 0 0 0
6245 0.647303 -0.00076575 -0.00689072 0.01 80 80 0 0 0
6257 0.65801 -0.000733303 -0.00451881 0.01 79 79 -0.00919041 0.0107074 0
6260 0.628075 -0.000824016 -0.0631112 0.01 47 47 0 0 0
6271 0.591841 -0.000933814 -0.0440675 0.01 60 60 0 0 0
6281 0.60487 -0.000894332 -0.0540189 0.01 60 60 0 0 0
6290 0.647303 -0.00076575 -0.00689072 0.01 79 79 0 0 0
6302 0.628075 -0.000824016 -0.0530411 0.01 48 48 0 0 0
6305 0.62173 -0.000843242 -0.0449643 0.01 60 60 0 0 0
6309 0.560475 -0.00102886 -0.0426806 0.01 60 60 -0.000110954 0 -0.000718277
6324 0.647303 -0.00076575 -0.00689072 0.01 79 79 0 0 0
6325 0.647303 -0.00076575 -0.00689072 0.01 79 79 0 0 0
6333 0.628075 -0.000824016 -0.0631112 0.01 47 47 0 0 0
6347 0.647303 -0.00076575 -0.00689072 0.01 80 80 0 0 0
6351 0.647303 -0.00076575 -0.00689072 0.01 78 78 0 0 0
6404 0.647303 -0.00076575 -0.00689072 0.01 79 79 0 0 0
6406 0.647303 -0.00076575 -0.00451881 0.01 78 78 0 0 0
6407 0.654902 -0.000742722 -0.0232952 0.01 60 60 0 0 0
6414 0.643058 -0.000778612 -0.0530411 0.01 48 48 0 0 0
6417 0.628075 -0.000824016 -0.0631112 0.01 48 48 0 0 0
6435 0.647716 -0.000764498 -0.00451881 0.01 78 77 0 0 0
6450 0.647303 -0.00076575 -0.00451881 0.01 78 78 0 0 0
6467 0.629387 -0.000820038 -0.078764 0.01 60 60 0 0 0
6471 0.570002 -0.000999994 -0.0299605 0.01 60 60 0 0 0
6485 0.628075 -0.000824016 -0.0631112 0.01 48 48 0 0 0
6505 0.647303 -0.00076575 -0.00689072 0.01 78 78 0 0 0
6507 0.583484 -0.000959139 -0.0639403 0.01 60 60 0 0 0
6553 0.647303 -0.00076575 -0.00689072 0.01 78 78 0 0 0
6576 0.647303 -0.00076575 -0.00689072 0.01 78 78 0 0 0
6580 0.570002 -0.000999994 -0.0419623 0.01 60 60 0 0 0
6581 0.628075 -0.000824016 -0.0631112 0.01 48 48 0 0 0
6582 0.647303 -0.00076575 -0.00689072 0.01 79 79 0 0 0
6586 0.628075 -0.000824016 -0.0591438 0.01 48 49 -0.000340298 0 -0.00610265
6588 0.647303 -0.00076575 -0.00689072 0.01 80 79 0 0 0
6596 0.604991 -0.000893967 -0.0801686 0.01 60 60 0 0 0
6608 0.628075 -0.000824016 -0.0631112 0.01 48 48 0 0 0
6615 0.647303 -0.00076575 -0.00451881 0.01 78 78 0 0 0
6617 0.636546 -0.000798346 -0.0631112 0.01 47 48 0 0 0
6622 0.654902 -0.000742722 -0.0177813 0.01 60 60 0.00063841 0 0.00551391
6627 0.628075 -0.000824016 -0.0631112 0.01 48 48 0 0 0
6631 0.647303 -0.00076575 -0.00689072 0.01 78 78 0 0 0
6635 0.570002 -0.000999994 -0.0564484 0.01 60 60 0 0 0
6640 0.628075 -0.000824016 -0.0631112 0.01 48 49 0 0 0
6642 0.643058 -0.000778612 -0.0530411 0.01 48 48 0 0 0
6658 0.617018 -0.000857521 -0.0587857 0.01 47 47 0 0 0
6659 0.647303 -0.00076575 -0.00689072 0.01 78 78 0 0 0
6667 0.647303 -0.00076575 -0.00689072 0.01 78 78 0 0 0
6668 0.628075 -0.000824016 -0.0631112 0.01 47 48 0 0 0
6670 0.647303 -0.00076575 -0.00689072 0.01 79 78 0 0 0
6675 0.581232 -0.000965963 -0.0417968 0.01 60 60 0 0 0
6680 0.62173 -0.000843242 -0.0304464 0.01 60 60 0 0 0
6683 0.579221 -0.000972057 -0.0642004 0.01 60 60 0 0 0
6691 0.628075 -0.000824016 -0.0631112 0.01 47 47 0 0 0
6695 0.647303 -0.00076575 -0.00689072 0.01 78 78 0 0 0
6696 0.561192 -0.00102669 -0.0419623 0.01 60 61 0 0 0
6705 0.62226 -0.000841636 -0.0560406 0.01 60 61 0 0 0
6713 0.647303 -0.00076575 -0.00689072 0.01 79 79 0 0 0
6724 0.570002 -0.000999994 -0.0419623 0.01 60 60 0 0 0
6744 0.647303 -0.00076575 -0.00689072 0.01 78 78 0 0 0
6760 0.600234 -0.000908381 -0.0690585 0.01 60 61 0 0 0
6762 0.601561 -0.000904362 -0.0631112 0.01 48 49 0 0 0
6773 0.628075 -0.000824016 -0.0631112 0.01 48 48 0 0 0
6774 0.628075 -0.000824016 -0.0631112 0.01 47 47 0 0 0
6778 0.647303 -0.00076575 -0.00689072 0.01 79 79 0 0 0
6786 0.597112 -0.000917842 -0.0501493 0.01 60 60 -0.00239456 0.00319004 0
6794 0.563112 -0.00102087 -0.0268464 0.01 60 60 0 0 0
6806 0.628075 -0.000824016 -0.0631112 0.01 48 48 0 0 0
6833 0.570002 -0.000999994 -0.0437631 0.01 60 60 0 0 0
6840 0.551243 -0.00105684 -0.0564484 0.01 60 60 0 0 0
6864 0.570002 -0.000999994 -0.0564484 0.01 60 60 0 0 0
6891 0.647303 -0.00076575 -0.00689072 0.01 78 78 0 0 0
6912 0.654902 -0.000742722 -0.0232952 0.01 60 60 0 0 0
6932 0.628075 -0.000824016 -0.0631112 0.01 47 47 0 0 0
6950 0.647303 -0.00076575 -0.00451881 0.01 78 78 0 0 0
6956 0.570002 -0.000999994 -0.0419623 0.01 60 60 0 0 0
6958 0.570002 -0.000999994 -0.0299605 0.01 60 60 0 0 0
6985 0.570002 -0.000999994 -0.0564484 0.01 60 60 0 0 0
6995 0.647303 -0.00076575 -0.00689072 0.01 80 80 0 0 0
7002 0.61916 -0.000851029 -0.0631112 0.01 47 47 0 0 0
7007 0.647303 -0.00076575 -0.00689072 0.01 79 79 0 0 0
7013 0.570002 -0.000999994 -0.033886 0.01 60 60 0 0 0
7017 0.647303 -0.00076575 -0.00689072 0.01 78 78 0 0 0
7024 0.628075 -0.000824016 -0.0631112 0.01 47 47 0 0 0
7032 0.594182 -0.000926721 -0.0698542 0.01 60 60 0 0 0
7043 0.671657 -0.000691947 -0.00689072 0.01 79 79 0 0 0
7062 0.647303 -0.00076575 -0.00689072 0.01 79 79 0 0 0
7068 0.647303 -0.00076575 -0.00451881 0.01 79 79 0 0 0
7069 0.628075 -0.000824016 -0.0631112 0.01 48 48 0 0 0
7102 0.570002 -0.000999994 -0.0419623 0.01 60 60 0 0 0
7122 0.628075 -0.000824016 -0.067589 0.01 48 48 -0.000339866 0 -0.00447778
7123 0.617018 -0.000857521 -0.0587857 0.01 47 47 0.000443593 0 0.00432547
7178 0.628075 -0.000824016 -0.0631112 0.01 46 47 0 0 0
7183 0.628075 -0.000824016 -0.0530411 0.01 48 48 0 0 0
7189 0.583484 -0.000959139 -0.0500063 0.01 60 60 0 0 0
7192 0.647303 -0.00076575 -0.00689072 0.01 79 79 0 0 0
7203 0.628075 -0.000824016 -0.0631112 0.01 48 48 0 0 0
7205 0.62984 -0.000818665 -0.0415917 0.01 60 61 0 0 0
7221 0.601623 -0.000904174 -0.0631112 0.01 48 49 0.0145928 -0.0264522 0
7248 0.628075 -0.000824016 -0.0631112 0.01 48 48 0 0 0
7251 0.581232 -0.000965963 -0.0417968 0.01 60 60 0 0 0
7253 0.570002 -0.000999994 -0.0419623 0.01 60 60 0 0 0
7264 0.583484 -0.000959139 -0.0583603 0.01 60 60 0 0 0
7268 0.628075 -0.000824016 -0.0631112 0.01 48 48 0 0 0
7272 0.636546 -0.000798346 -0.0631112 0.01 48 48 0 0 0
7273 0.570002 -0.000999994 -0.0333595 0.01 60 61 0 0 0
7274 0.592996 -0.000930316 -0.0778373 0.01 60 59 0 0 0
7285 0.628075 -0.000824016 -0.0631112 0.01 47 48 0 0 0
7293 0.628075 -0.000824016 -0.0789241 0.01 48 48 0 0 0
7294 0.628075 -0.000824016 -0.0631112 0.01 47 47 0 0 0
7295 0.628075 -0.000824016 -0.0631112 0.01 48 48 0 0 0
7298 0.562436 -0.00102292 -0.0419623 0.01 60 60 0 0 0
7299 0.628075 -0.000824016 -0.0631112 0.01 48 48 0 0 0
7308 0.602817 -0.000900555 -0.0515358 0.01 60 60 0 0 0
7312 0.628075 -0.000824016 -0.0631112 0.01 48 48 0 0 0
7313 0.647303 -0.00076575 -0.00689072 0.01 78 78 0 0 0
7326 0.647303 -0.00076575 -0.00689072 0.01 79 79 0 0 0
7332 0.647303 -0.00076575 -0.00689072 0.01 78 78 0 0 0
7335 0.628075 -0.000824016 -0.0631112 0.01 47 47 0 0 0
7343 0.592996 -0.000930316 -0.0689524 0.01 60 60 0 0 0
7353 0.647303 -0.00076575 -0.00689072 0.01 79 78 0 0 0
7359 0.647303 -0.00076575 -0.00689072 0.01 78 78 0 0 0
7367 0.570002 -0.000999994 -0.0419623 0.01 60 60 0 0 0
7386 0.562436 -0.00102292 -0.0419623 0.01 60 60 0 0 0
7390 0.628075 -0.000824016 -0.0631112 0.01 48 48 0 0 0
7393 0.628075 -0.000824016 -0.0631112 0.01 47 47 0 0 0
7394 0.647303 -0.00076575 -0.00689072 0.01 79 79 0 0 0
7395 0.647303 -0.00076575 -0.00451881 0.01 78 78 0 0 0
7417 0.647303 -0.00076575 -0.00689072 0.01 78 78 0 0 0
7418 0.628075 -0.000824016 -0.0631112 0.01 48 48 0 0 0
7421 0.647303 -0.00076575 -0.00689072 0.01 80 80 0 0 0
7428 0.592996 -0.000930316 -0.0689524 0.01 60 59 0 0 0
7429 0.602817 -0.000900555 -0.0539636 0.01 60 60 0 0 0
7434 0.632176 -0.000811588 -0.0631112 0.01 48 48 0 0 0
7436 0.554434 -0.00104717 -0.0419623 0.01 60 61 0 0 0
7437 0.594182 -0.000926721 -0.0698542 0.01 60 60 0 0 0
7447 0.647303 -0.00076575 -0.00689072 0.01 79 79 0 0 0
7467 0.617018 -0.000857521 -0.0631112 0.01 47 47 0 0 0
7470 0.617018 -0.000857521 -0.0631112 0.01 47 47 0 0 0
7485 0.647303 -0.00076575 -0.00689072 0.01 79 79 0 0 0
7495 0.617018 -0.000857521 -0.0631112 0.01 47 47 0 0 0
7503 0.647303 -0.00076575 -0.00451881 0.01 78 78 0 0 0
7507 0.647303 -0.00076575 -0.00451881 0.01 78 78 0 0 0
7512 0.596762 -0.000918904 -0.0440675 0.01 60 60 0 0 0
7537 0.617018 -0.000857521 -0.0631112 0.01 46 46 0 0 0
7543 0.628075 -0.000824016 -0.0631112 0.01 47 47 0 0 0
7547 0.628075 -0.000824016 -0.0631112 0.01 48 48 0 0 0
7555 0.654735 -0.000743229 -0.00689072 0.01 80 80 0 0 0
7576 0.628075 -0.000824016 -0.0631112 0.01 48 48 0 0 0
7597 0.584807 -0.00095513 -0.0665164 0.01 60 60 0 0 0
7611 0.617018 -0.000857521 -0.0631112 0.01 47 47 0 0 0
7613 0.577442 -0.000977449 -0.032811 0.01 60 60 0 0 0
7626 0.628075 -0.000824016 -0.0530411 0.01 48 48 0 0 0
7632 0.647303 -0.00076575 -0.00451881 0.01 80 80 0 0 0
7641 0.594299 -0.000926368 -0.0429003 0.01 60 61 0 0 0
7658 0.647303 -0.00076575 -0.00689072 0.01 78 78 0 0 0
7682 0.628075 -0.000824016 -0.0789241 0.01 48 48 0 0 0
7683 0.628075 -0.000824016 -0.0631112 0.01 47 48 0 0 0
7706 0.650053 -0.000757417 -0.00689072 0.01 79 79 -0.00232559 0.00274998 0
7756 0.647303 -0.00076575 -0.00689072 0.01 78 78 0 0 0
7772 0.628075 -0.000824016 -0.0631112 0.01 47 47 0 0 0
7780 0.647303 -0.00076575 -0.00689072 0.01 79 79 0 0 0
7785 0.584807 -0.00095513 -0.0665164 0.01 60 60 0 0 0
7800 0.647303 -0.00076575 -0.00689072 0.01 79 79 0 0 0
7801 0.628075 -0.000824016 -0.0631112 0.01 48 48 0 0 0
7811 0.560953 -0.00102741 -0.0486993 0.01 60 60 0 0 0
7813 0.554023 -0.00104842 -0.0564484 0.01 60 60 0 0 0
7814 0.647303 -0.00076575 -0.00689072 0.01 80 80 0 0 0
7816 0.647303 -0.00076575 -0.00451881 0.01 80 80 0 0 0
7821 0.628075 -0.000824016 -0.0631112 0.01 47 47 0 0 0
7832 0.628075 -0.000824016 -0.0631112 0.01 47 47 0 0 0
7834 0.628075 -0.000824016 -0.0631112 0.01 48 48 0 0 0
7836 0.647303 -0.00076575 -0.00689072 0.01 79 79 0 0 0
7857 0.570002 -0.000999994 -0.0469052 0.01 60 61 0 0 0
7863 0.628075 -0.000824016 -0.0631112 0.01 48 48 0 0 0
7894 0.643058 -0.000778612 -0.0530411 0.01 48 48 -0.00738882 0.014983 0
7895 0.628075 -0.000824016 -0.0631112 0.01 48 48 0 0 0
7896 0.647303 -0.00076575 -0.00689072 0.01 78 78 0 0 0
7925 0.628075 -0.000824016 -0.0631112 0.01 47 47 0 0 0
7929 0.560475 -0.00102886 -0.0419623 0.01 60 59 0 0 0
7930 0.544637 -0.00107686 -0.032811 0.01 60 61 0 0 0
7945 0.628075 -0.000824016 -0.0631112 0.01 47 47 0 0 0
7961 0.583484 -0.000959139 -0.0581936 0.01 60 61 0 0 0
7977 0.628075 -0.000824016 -0.0631112 0.01 48 48 0 0 0
7985 0.628075 -0.000824016 -0.0631112 0.01 48 48 0 0 0
7987 0.570002 -0.000999994 -0.0419623 0.01 60 61 0 0 0
8014 0.647303 -0.00076575 -0.00689072 0.01 78 78 0 0 0
8015 0.628075 -0.000824016 -0.0631112 0.01 47 47 0 0 0
8032 0.628075 -0.000824016 -0.0631112 0.01 48 48 0 0 0
8033 0.628075 -0.000824016 -0.0631112 0.01 48 48 0 0 0
8040 0.617018 -0.000857521 -0.0631112 0.01 46 46 0 0 0
8043 0.581232 -0.000965963 -0.0417968 0.01 60 60 0 0 0
8046 0.563112 -0.00102087 -0.0268464 0.01 60 60 0 0 0
8049 0.647303 -0.00076575 -0.00451881 0.01 79 79 0 0 0
8051 0.647303 -0.00076575 -0.00451881 0.01 78 78 0 0 0
8052 0.647303 -0.00076575 -0.00451881 0.01 78 77 0 0 0
8055 0.628075 -0.000824016 -0.0631112 0.01 48 48 0 0 0
8067 0.647303 -0.00076575 -0.00451881 0.01 78 77 0 0 0
8074 0.647303 -0.00076575 -0.00451881 0.01 78 78 0 0 0
8090 0.647303 -0.00076575 -0.00689072 0.01 79 79 0 0 0
8113 0.593922 -0.000927508 -0.0501493 0.01 60 60 0 0 0
8142 0.647303 -0.00076575 -0.00689072 0.01 80 80 0 0 0
8157 0.628075 -0.000824016 -0.058812 0.01 47 47 0 0 0
8190 0.617018 -0.000857521 -0.0631112 0.01 47 47 0 0 0
8195 0.654157 -0.000744978 -0.0631112 0.01 48 48 -0.0125153 0.0260822 0
8205 0.647303 -0.00076575 -0.00451881 0.01 80 80 0 0 0
8206 0.647303 -0.00076575 -0.00689072 0.01 79 79 0 0 0
8218 0.628075 -0.000824016 -0.0631112 0.01 48 47 0 0 0
8219 0.570002 -0.000999994 -0.0437631 0.01 60 60 0 0 0
8223 0.554567 -0.00104677 -0.0419623 0.01 60 60 0.0129232 -0.0154353 0
8238 0.584807 -0.00095513 -0.0665164 0.01 60 60 0 0 0
8268 0.647303 -0.00076575 -0.00689072 0.01 78 78 0 0 0
8278 0.619194 -0.000850927 -0.0807138 0.01 48 50 0 0 0
8294 0.628075 -0.000824016 -0.0789241 0.01 47 48 0 0 0
8295 0.570002 -0.000999994 -0.0419623 0.01 60 60 0 0 0
8303 0.596762 -0.000918904 -0.0440675 0.01 60 60 0 0 0
8305 0.575583 -0.000983083 -0.0803812 0.01 48 49 0 0 0
8310 0.628075 -0.000824016 -0.0631112 0.01 48 48 0 0 0
8316 0.647303 -0.00076575 -0.00689072 0.01 78 78 0 0 0
8322 0.570002 -0.000999994 -0.0333595 0.01 60 60 0 0 0
8333 0.628075 -0.000824016 -0.0631112 0.01 48 48 0 0 0
8336 0.602817 -0.000900555 -0.0515358 0.01 60 60 0 0 0
8359 0.570002 -0.000999994 -0.0419623 0.01 60 60 0 0 0
8369 0.551243 -0.00105684 -0.0564484 0.01 60 60 0 0 0
8373 0.647303 -0.00076575 -0.00451881 0.01 79 79 0 0 0
8385 0.628075 -0.000824016 -0.0631112 0.01 48 48 0 0 0
8388 0.628075 -0.000824016 -0.0631112 0.01 48 48 0 0 0
8398 0.647303 -0.00076575 -0.00689072 0.01 79 79 0 0 0
8405 0.647303 -0.00076575 -0.00451881 0.01 79 79 0 0 0
8415 0.570002 -0.000999994 -0.0602907 0.01 60 60 0 0 0
8416 0.570002 -0.000999994 -0.0417968 0.01 60 60 0 0 0
8425 0.628075 -0.000824016 -0.0631112 0.01 47 47 0 0 0
8434 0.671657 -0.000691947 -0.00689072 0.01 79 79 0 0 0
8461 0.628075 -0.000824016 -0.0631112 0.01 48 48 0 0 0
8464 0.628075 -0.000824016 -0.0631112 0.01 48 48 0 0 0
8471 0.596762 -0.000918904 -0.0322399 0.01 60 60 0 0 0
8486 0.647303 -0.00076575 -0.00451881 0.01 78 78 0 0 0
8490 0.594182 -0.000926721 -0.0698542 0.01 60 59 0 0 0
8491 0.647303 -0.00076575 -0.00451881 0.01 79 79 0 0 0
8514 0.647303 -0.00076575 -0.00451881 0.01 78 78 0 0 0
8516 0.628075 -0.000824016 -0.058812 0.01 47 47 0 0 0
8528 0.570002 -0.000999994 -0.0419623 0.01 60 60 0 0 0
8538 0.628075 -0.000824016 -0.0631112 0.01 47 47 0 0 0
8545 0.570002 -0.000999994 -0.0564484 0.01 60 60 0 0 0
8548 0.600906 -0.000906345 -0.0802236 0.01 60 60 0 0 0
8549 0.619194 -0.000850927 -0.0807138 0.01 48 48 0 0 0
8552 0.647303 -0.00076575 -0.00451881 0.01 78 78 0 0 0
8562 0.567481 -0.00100763 -0.0778373 0.01 48 48 0 0 0
8573 0.628075 -0.000824016 -0.0631112 0.01 48 48 0 0 0
8601 0.647303 -0.00076575 -0.00689072 0.01 78 78 0 0 0
8614 0.628075 -0.000824016 -0.0631112 0.01 47 47 0 0 0
8615 0.628075 -0.000824016 -0.0500496 0.01 47 48 0.000996292 0 0.0130616
8627 0.570002 -0.000999994 -0.0417968 0.01 60 60 0 0 0
8630 0.645921 -0.000769937 -0.0647635 0.01 60 61 0 0 0
8639 0.570002 -0.000999994 -0.0223147 0.01 60 60 0 0 0
8647 0.628075 -0.000824016 -0.0631112 0.01 47 47 0 0 0
8678 0.643185 -0.000778228 -0.0741293 0.01 60 60 0 0 0
8685 0.61916 -0.000851029 -0.0631112 0.01 47 47 0.00440114 -0.00891447 0
8704 0.570002 -0.000999994 -0.0473344 0.01 60 60 0 0 0
8723 0.628075 -0.000824016 -0.0631112 0.01 48 48 0 0 0
8730 0.647303 -0.00076575 -0.00451881 0.01 78 78 0 0 0
8739 0.628075 -0.000824016 -0.0631112 0.01 47 48 0 0 0
8741 0.647303 -0.00076575 -0.00689072 0.01 78 78 0 0 0
8749 0.628075 -0.000824016 -0.0631112 0.01 46 47 0 0 0
8752 0.647303 -0.00076575 -0.00689072 0.01 79 79 0 0 0
8769 0.647303 -0.00076575 -0.00689072 0.01 78 78 0 0 0
8790 0.647303 -0.00076575 -0.00689072 0.01 78 78 0 0 0
8791 0.628075 -0.000824016 -0.0631112 0.01 47 47 0 0 0
8803 0.647303 -0.00076575 -0.00689072 0.01 78 78 0 0 0
8809 0.647303 -0.00076575 -0.00689072 0.01 78 78 0 0 0
8818 0.560475 -0.00102886 -0.0419623 0.01 60 60 0 0 0
8825 0.647303 -0.00076575 -0.00689072 0.01 78 78 0 0 0
8842 0.628075 -0.000824016 -0.0631112 0.01 47 47 0 0 0
8849 0.670471 -0.000695543 -0.00451881 0.01 78 78 -0.0194916 0.0231684 0
8859 0.647303 -0.00076575 -0.00451881 0.01 78 78 0 0 0
8873 0.647303 -0.00076575 -0.00689072 0.01 78 78 0 0 0
8879 0.628075 -0.000824016 -0.0450365 0.01 48 48 0.00138053 0 0.0180747
8880 0.647303 -0.00076575 -0.00689072 0.01 79 79 0 0 0
8931 0.647303 -0.00076575 -0.00689072 0.01 79 79 0 0 0
8936 0.628075 -0.000824016 -0.0631112 0.01 48 48 0 0 0
8939 0.647303 -0.00076575 -0.00451881 0.01 78 78 0 0 0
8945 0.570002 -0.000999994 -0.0458658 0.01 60 60 -0.000581592 0 -0.00390347
8949 0.647303 -0.00076575 -0.00689072 0.01 78 78 0 0 0
8951 0.570795 -0.000997591 -0.0419623 0.01 60 60 0 0 0
8955 0.593809 -0.000927853 -0.0642004 0.01 60 60 0 0 0
8967 0.535091 -0.00110579 -0.0299605 0.01 60 60 0 0 0
8970 0.647303 -0.00076575 -0.00451881 0.01 78 78 0 0 0
8981 0.596762 -0.000918904 -0.0440675 0.01 60 60 0 0 0
8983 0.600906 -0.000906345 -0.0802236 0.01 60 60 0 0 0
8988 0.647303 -0.00076575 -0.00689072 0.01 79 79 0 0 0
8991 0.647303 -0.00076575 -0.00689072 0.01 78 78 0 0 0
8997 0.577442 -0.000977449 -0.032811 0.01 60 60 0 0 0
9016 0.628075 -0.000824016 -0.0631112 0.01 47 47 0 0 0
9036 0.596762 -0.000918904 -0.0440675 0.01 60 60 0 0 0
9081 0.61916 -0.000851029 -0.0631112 0.01 47 47 0 0 0
9100 0.575285 -0.000983985 -0.0564484 0.01 60 60 0 0 0
9110 0.619194 -0.000850927 -0.0631112 0.01 48 48 0 0 0
9125 0.571186 -0.000996407 -0.0419623 0.01 60 60 -0.000965685 0.00118363 0
9141 0.619194 -0.000850927 -0.0807138 0.01 48 48 0 0 0
9145 0.628075 -0.000824016 -0.0631112 0.01 47 47 0 0 0
9147 0.647303 -0.00076575 -0.00451881 0.01 79 79 0 0 0
9152 0.647303 -0.00076575 -0.00689072 0.01 78 78 0 0 0
9158 0.632176 -0.000811588 -0.0631112 0.01 48 48 0 0 0
9159 0.581232 -0.000965963 -0.0417968 0.01 60 60 0 0 0
9160 0.619194 -0.000850927 -0.0631112 0.01 48 48 0 0 0
9167 0.596762 -0.000918904 -0.0317331 0.01 60 60 0 0 0
9175 0.60487 -0.000894332 -0.0679942 0.01 60 60 0 0 0
9180 0.570002 -0.000999994 -0.0565989 0.01 60 60 0 0 0
9186 0.642371 -0.000780695 -0.078764 0.01 60 60 0 0 0
9187 0.592996 -0.000930316 -0.0778373 0.01 60 61 0 0 0
9205 0.645183 -0.000772174 -0.00689072 0.01 78 78 0.00179192 -0.0021199 0
9212 0.617159 -0.000857094 -0.0631112 0.01 47 48 0 0 0
9233 0.628075 -0.000824016 -0.0631112 0.01 48 48 0 0 0
9238 0.570002 -0.000999994 -0.0419623 0.01 60 60 0 0 0
9286 0.647303 -0.00076575 -0.00689072 0.01 78 78 0 0 0
9289 0.647303 -0.00076575 -0.00689072 0.01 79 79 0 0 0
9291 0.570002 -0.000999994 -0.0565989 0.01 60 60 0 0 0
9312 0.628075 -0.000824016 -0.0631112 0.01 47 48 0 0 0
9333 0.56545 -0.00101379 -0.0515358 0.01 60 60 0 0 0
9345 0.647303 -0.00076575 -0.00451881 0.01 78 78 0 0 0
9346 0.646535 -0.000768076 -0.0768667 0.01 60 60 0 0 0
9352 0.617018 -0.000857521 -0.0631112 0.01 47 47 0 0 0
9376 0.628075 -0.000824016 -0.0562325 0.01 47 47 0.000675589 0 0.00687867
9387 0.581232 -0.000965963 -0.0417968 0.01 60 60 0 0 0
9404 0.647303 -0.00076575 -0.00689072 0.01 79 79 0 0 0
9407 0.647303 -0.00076575 -0.00689072 0.01 79 79 0 0 0
9408 0.62173 -0.000843242 -0.0449643 0.01 60 60 0 0 0
9419 0.628075 -0.000824016 -0.0631112 0.01 48 48 0 0 0
9422 0.671657 -0.000691947 -0.00689072 0.01 78 79 0 0 0
9426 0.603619 -0.000898124 -0.0233122 0.01 60 60 0 0 0
9428 0.628075 -0.000824016 -0.0631112 0.01 48 48 0 0 0
9447 0.570002 -0.000999994 -0.0564484 0.01 60 60 0 0 0
9449 0.647303 -0.00076575 -0.00689072 0.01 79 79 0 0 0
9455 0.570002 -0.000999994 -0.0223147 0.01 60 60 0 0 0
9464 0.584807 -0.00095513 -0.090487 0.01 60 60 -0.00334552 0 -0.0239707
9471 0.628075 -0.000824016 -0.0631112 0.01 48 49 0 0 0
9474 0.583484 -0.000959139 -0.0583603 0.01 60 60 0 0 0
9496 0.570002 -0.000999994 -0.0603557 0.01 60 61 0 0 0
9514 0.628075 -0.000824016 -0.0631112 0.01 48 48 0 0 0
9520 0.647303 -0.00076575 -0.00689072 0.01 78 78 0 0 0
9526 0.628075 -0.000824016 -0.0631112 0.01 47 47 0 0 0
9543 0.628075 -0.000824016 -0.0631112 0.01 47 47 0 0 0
9569 0.579834 -0.000970201 -0.0333595 0.01 60 60 0 0 0
9601 0.628075 -0.000824016 -0.0631112 0.01 48 48 0 0 0
9604 0.647303 -0.00076575 -0.00451881 0.01 78 78 0 0 0
9611 0.596762 -0.000918904 -0.0440675 0.01 60 60 0 0 0
9621 0.584807 -0.00095513 -0.0665164 0.01 60 60 0 0 0
9624 0.60487 -0.000894332 -0.0679942 0.01 60 60 0 0 0
9639 0.628075 -0.000824016 -0.0631112 0.01 48 48 0 0 0
9641 0.629387 -0.000820038 -0.078764 0.01 60 60 0 0 0
9645 0.570002 -0.000999994 -0.0223147 0.01 60 60 0 0 0
9647 0.647303 -0.00076575 -0.00451881 0.01 80 80 0 0 0
9664 0.608419 -0.000883577 -0.0405549 0.01 60 60 0 0 0
9668 0.603619 -0.000898124 -0.0233122 0.01 60 60 0 0 0
9677 0.647303 -0.00076575 -0.00451881 0.01 78 78 0 0 0
9697 0.616474 -0.000859169 -0.0741293 0.01 60 60 0.0177628 -0.0267106 0
9709 0.628875 -0.000821592 -0.0631112 0.01 47 47 -0.000387155 0.000799775 0
9744 0.570002 -0.000999994 -0.0564484 0.01 60 59 0 0 0
9758 0.628075 -0.000824016 -0.0631112 0.01 47 47 0 0 0
9759 0.611928 -0.000872945 -0.0631112 0.01 48 48 0.00841349 -0.0161468 0
9765 0.647303 -0.00076575 -0.00451881 0.01 79 79 0 0 0
9770 0.628075 -0.000824016 -0.0631112 0.01 48 47 0 0 0
9784 0.647303 -0.00076575 -0.00451881 0.01 79 79 0 0 0
9789 0.628075 -0.000824016 -0.0631112 0.01 47 47 0 0 0
9801 0.679208 -0.000669067 -0.0493206 0.01 78 78 0 0 0
9808 0.604991 -0.000893967 -0.0801686 0.01 60 60 0 0 0
9811 0.580588 -0.000967916 -0.0871855 0.01 48 49 0 0 0
9816 0.592996 -0.000930316 -0.0778373 0.01 60 60 0 0 0
9817 0.647303 -0.00076575 -0.00360068 0.01 78 77 0 0 0
9829 0.643058 -0.000778612 -0.0530411 0.01 48 48 0 0 0
9848 0.583484 -0.000959139 -0.0500063 0.01 60 60 0 0 0
9854 0.647303 -0.00076575 -0.00689072 0.01 79 79 0 0 0
9875 0.633056 -0.00080892 -0.0449643 0.01 60 60 0 0 0
9881 0.604991 -0.000893967 -0.0801686 0.01 60 60 0 0 0
9886 0.551243 -0.00105684 -0.0564484 0.01 60 60 0 0 0
9898 0.603619 -0.000898124 -0.0233122 0.01 60 59 0 0 0
9900 0.570002 -0.000999994 -0.0564484 0.01 60 60 0 0 0
9905 0.628075 -0.000824016 -0.0631112 0.01 48 48 0 0 0
9912 0.570002 -0.000999994 -0.0417968 0.01 60 60 0 0 0
9914 0.628075 -0.000824016 -0.0620712 0.01 47 47 0.000102378 0 0.00103999
9929 0.628075 -0.000824016 -0.0631112 0.01 47 47 0 0 0
9936 0.628075 -0.000824016 -0.0631112 0.01 47 47 0 0 0
9943 0.647303 -0.00076575 -0.00451881 0.01 79 78 0 0 0
9951 0.619194 -0.000850927 -0.0631112 0.01 48 50 0 0 0
9982 0.647303 -0.00076575 -0.00689072 0.01 80 80 0 0 0
9984 0.584807 -0.00095513 -0.0665164 0.01 60 60 0 0 0
9986 0.570002 -0.000999994 -0.0564484 0.01 60 59 0 0 0
10025 0.570002 -0.000999994 -0.0565989 0.01 60 60 0 0 0
10044 0.596762 -0.000918904 -0.0440675 0.01 60 60 0 0 0
10046 0.628075 -0.000824016 -0.0631112 0.01 48 48 0 0 0
10049 0.647303 -0.00076575 -0.00451881 0.01 78 77 0 0 0
10066 0.647303 -0.00076575 -0.00689072 0.01 78 78 0 0 0
10073 0.628075 -0.000824016 -0.0530411 0.01 48 48 0 0 0
10088 0.579221 -0.000972057 -0.0642004 0.01 60 60 0 0 0
10101 0.570002 -0.000999994 -0.0564484 0.01 60 59 0 0 0
10140 0.611632 -0.000873842 -0.0631112 0.01 48 49 0 0 0
10148 0.570002 -0.000999994 -0.0419623 0.01 60 61 0 0 0
10149 0.551243 -0.00105684 -0.0564484 0.01 60 60 0 0 0
10155 0.628075 -0.000824016 -0.0631112 0.01 47 47 0 0 0
10157 0.551255 -0.0010568 -0.0500376 0.01 60 60 0 0 0
10181 0.628075 -0.000824016 -0.0631112 0.01 47 47 0 0 0
10194 0.647303 -0.00076575 -0.00689072 0.01 79 79 0 0 0
10196 0.628075 -0.000824016 -0.0530411 0.01 48 48 0 0 0
10197 0.62173 -0.000843242 -0.0304464 0.01 60 60 0 0 0
10204 0.628075 -0.000824016 -0.0631112 0.01 48 48 0 0 0
10209 0.581232 -0.000965963 -0.0417968 0.01 60 60 0 0 0
10210 0.632176 -0.000811588 -0.0631112 0.01 48 48 0 0 0
10222 0.602817 -0.000900555 -0.0515358 0.01 60 60 0 0 0
10225 0.579221 -0.000972057 -0.0642004 0.01 60 60 0 0 0
10229 0.628075 -0.000824016 -0.0530411 0.01 48 48 0 0 0
10243 0.647303 -0.00076575 -0.00451881 0.01 78 78 0 0 0
10278 0.659235 -0.000729591 -0.00451881 0.01 78 78 -0.0101534 0.0119325 0
10280 0.590179 -0.000938852 -0.0515358 0.01 60 59 0 0 0
10285 0.647303 -0.00076575 -0.00451881 0.01 78 78 0 0 0
10288 0.628075 -0.000824016 -0.0631112 0.01 48 48 0 0 0
10292 0.570002 -0.000999994 -0.0603557 0.01 60 60 0 0 0
10298 0.628075 -0.000824016 -0.0631112 0.01 48 48 0 0 0
10319 0.628075 -0.000824016 -0.0530411 0.01 48 48 0 0 0
10358 0.628075 -0.000824016 -0.0631112 0.01 48 48 0 0 0
10396 0.617018 -0.000857521 -0.0631112 0.01 47 47 0 0 0
10406 0.628075 -0.000824016 -0.0677322 0.01 47 47 -0.000451185 0 -0.00462098
10428 0.647303 -0.00076575 -0.00689072 0.01 78 78 0 0 0
10434 0.567481 -0.00100763 -0.0778373 0.01 48 48 0 0 0
10437 0.617018 -0.000857521 -0.0631112 0.01 46 47 0 0 0
10441 0.628075 -0.000824016 -0.0631112 0.01 47 48 0 0 0
10444 0.628075 -0.000824016 -0.0631112 0.01 48 48 0 0 0
10457 0.570002 -0.000999994 -0.0307508 0.01 60 61 0 0 0
10475 0.596762 -0.000918904 -0.0440675 0.01 60 60 0 0 0
10478 0.647303 -0.00076575 -0.00689072 0.01 79 79 0 0 0
10480 0.628075 -0.000824016 -0.0530411 0.01 47 49 0 0 0
10516 0.628075 -0.000824016 -0.0631112 0.01 48 48 0 0 0
10541 0.602817 -0.000900555 -0.0515358 0.01 60 60 0 0 0
10547 0.619194 -0.000850927 -0.0807138 0.01 48 48 0 0 0
10552 0.570002 -0.000999994 -0.0565989 0.01 60 60 0 0 0
10556 0.628075 -0.000824016 -0.0631112 0.01 47 47 0 0 0
10563 0.628075 -0.000824016 -0.0631112 0.01 48 48 0 0 0
10584 0.647303 -0.00076575 -0.00689072 0.01 79 79 0 0 0
10585 0.570002 -0.000999994 -0.0419623 0.01 60 60 0 0 0
10587 0.628075 -0.000824016 -0.0631112 0.01 47 47 0 0 0
10590 0.628075 -0.000824016 -0.0631112 0.01 47 47 0 0 0
10592 0.628075 -0.000824016 -0.0631112 0.01 47 47 0 0 0
10599 0.657357 -0.000735283 -0.00689072 0.01 78 78 -0.00839379 0.0100542 0
10601 0.647303 -0.00076575 -0.00689072 0.01 78 78 0 0 0
10612 0.628075 -0.000824016 -0.0631112 0.01 48 48 0 0 0
10617 0.570002 -0.000999994 -0.0564484 0.01 60 60 0 0 0
10628 0.583484 -0.000959139 -0.0581936 0.01 60 60 0 0 0
10629 0.570002 -0.000999994 -0.0419623 0.01 60 60 0 0 0
10631 0.647303 -0.00076575 -0.00689072 0.01 78 78 0 0 0
10642 0.628075 -0.000824016 -0.0631112 0.01 48 48 0 0 0
10648 0.568508 -0.00100452 -0.0816196 0.01 60 60 0 0 0
10679 0.628075 -0.000824016 -0.0530411 0.01 47 47 0 0 0
10682 0.593809 -0.000927853 -0.0642004 0.01 60 60 0 0 0
10694 0.594299 -0.000926368 -0.0429003 0.01 60 60 0 0 0
10707 0.647303 -0.00076575 -0.00689072 0.01 79 78 0 0 0
10712 0.647303 -0.00076575 -0.00451881 0.01 78 78 0 0 0
10715 0.647303 -0.00076575 -0.00451881 0.01 79 79 0 0 0
10728 0.576475 -0.000980378 -0.0469017 0.01 60 60 0 0 0
10769 0.602817 -0.000900555 -0.0515358 0.01 60 60 0 0 0
10783 0.570002 -0.000999994 -0.0223147 0.01 60 60 0 0 0
10785 0.628075 -0.000824016 -0.0631112 0.01 46 47 0 0 0
10806 0.647303 -0.00076575 -0.00689072 0.01 78 78 0 0 0
10815 0.641417 -0.000783585 -0.00451881 0.01 80 80 0 0 0
10819 0.647303 -0.00076575 -0.00689072 0.01 78 78 0 0 0
10835 0.654902 -0.000742722 -0.0232952 0.01 60 61 0 0 0
10842 0.647303 -0.00076575 -0.00689072 0.01 78 78 0 0 0
10866 0.62173 -0.000843242 -0.0449643 0.01 60 60 0 0 0
10883 0.570002 -0.000999994 -0.0299941 0.01 60 60 0 0 0
10895 0.602817 -0.000900555 -0.0515358 0.01 60 60 0 0 0
10897 0.617018 -0.000857521 -0.0631112 0.01 47 47 0 0 0
10902 0.628075 -0.000824016 -0.0631112 0.01 48 48 0 0 0
10903 0.647303 -0.00076575 -0.00689072 0.01 78 78 0 0 0
10912 0.628075 -0.000824016 -0.0631112 0.01 48 48 0 0 0
10915 0.636546 -0.000798346 -0.0703458 0.01 48 48 0 0 0
10928 0.62173 -0.000843242 -0.0304464 0.01 60 60 0 0 0
10933 0.584807 -0.00095513 -0.0665164 0.01 60 60 0 0 0
10934 0.628075 -0.000824016 -0.0631112 0.01 47 47 0 0 0
10936 0.628075 -0.000824016 -0.0789241 0.01 48 48 0 0 0
10941 0.583484 -0.000959139 -0.0583603 0.01 60 60 0 0 0
10957 0.666547 -0.000707433 -0.00689072 0.01 78 78 -0.015918 0.0192446 0
10964 0.590025 -0.000939318 -0.0501493 0.01 60 60 0 0 0
10981 0.619194 -0.000850927 -0.0807138 0.01 48 48 0 0 0
10987 0.570002 -0.000999994 -0.0419623 0.01 60 58 0 0 0
11012 0.628075 -0.000824016 -0.0631112 0.01 48 48 0 0 0
11016 0.628075 -0.000824016 -0.0631112 0.01 47 47 0 0 0
11020 0.617018 -0.000857521 -0.0631112 0.01 47 47 0 0 0
11028 0.628075 -0.000824016 -0.0631112 0.01 48 48 0 0 0
11036 0.647303 -0.00076575 -0.00451881 0.01 80 80 0 0 0
11063 0.647303 -0.00076575 -0.00689072 0.01 79 79 0 0 0
11074 0.628075 -0.000824016 -0.0631112 0.01 48 48 0 0 0
11077 0.647303 -0.00076575 -0.00689072 0.01 78 78 0 0 0
11090 0.579221 -0.000972057 -0.0642004 0.01 60 60 0 0 0
11112 0.619194 -0.000850927 -0.0807138 0.01 48 48 0 0 0
11122 0.570002 -0.000999994 -0.0473344 0.01 60 60 0 0 0
11128 0.647303 -0.00076575 -0.00689072 0.01 79 79 0 0 0
11147 0.593809 -0.000927853 -0.0642004 0.01 60 60 0 0 0
11158 0.647303 -0.00076575 -0.00689072 0.01 79 79 0 0 0
11159 0.628075 -0.000824016 -0.0631112 0.01 47 47 0 0 0
11171 0.647303 -0.00076575 -0.00451881 0.01 78 78 0 0 0
11181 0.647303 -0.00076575 -0.00689072 0.01 78 78 0 0 0
11193 0.615901 -0.000860906 -0.00689072 0.01 79 79 0 0 0
11195 0.647303 -0.00076575 -0.00689072 0.01 80 80 0 0 0
11236 0.628075 -0.000824016 -0.0631112 0.01 47 47 0 0 0
11258 0.56545 -0.00101379 -0.0515358 0.01 60 61 0 0 0
11278 0.583484 -0.000959139 -0.0515358 0.01 60 60 0 0 0
11281 0.647303 -0.00076575 -0.00689072 0.01 79 79 0 0 0
11282 0.628075 -0.000824016 -0.058812 0.01 47 47 0 0 0
11300 0.551255 -0.0010568 -0.0500376 0.01 60 60 0 0 0
11323 0.56545 -0.00101379 -0.0515358 0.01 60 60 0 0 0
11328 0.570002 -0.000999994 -0.0564484 0.01 60 60 0 0 0
11359 0.570002 -0.000999994 -0.0564484 0.01 60 60 0 0 0
11364 0.628075 -0.000824016 -0.0631112 0.01 48 49 0 0 0
11373 0.647303 -0.00076575 -0.00689072 0.01 78 78 0 0 0
11379 0.647303 -0.00076575 -0.00689072 0.01 79 80 0 0 0
11383 0.570002 -0.000999994 -0.0419623 0.01 60 60 0 0 0
11386 0.628075 -0.000824016 -0.0631112 0.01 47 47 0 0 0
11397 0.628075 -0.000824016 -0.0789241 0.01 48 48 0 0 0
11398 0.647303 -0.00076575 -0.00689072 0.01 79 78 0 0 0
11409 0.647303 -0.00076575 -0.00689072 0.01 79 79 0 0 0
11412 0.647303 -0.00076575 -0.00689072 0.01 79 79 0 0 0
11424 0.617018 -0.000857521 -0.0631112 0.01 47 47 0 0 0
11426 0.628075 -0.000824016 -0.0631112 0.01 48 48 0 0 0
11427 0.647303 -0.00076575 -0.00451881 0.01 78 78 0 0 0
11438 0.616474 -0.000859169 -0.0741293 0.01 60 60 0 0 0
11459 0.628075 -0.000824016 -0.0631112 0.01 47 47 0 0 0
11461 0.600906 -0.000906345 -0.0802236 0.01 60 60 0 0 0
11474 0.628075 -0.000824016 -0.0631112 0.01 47 48 0 0 0
11475 0.5581 -0.00103606 -0.0419623 0.01 60 60 0 0 0
11494 0.619194 -0.000850927 -0.0631112 0.01 48 48 0 0 0
11507 0.628075 -0.000824016 -0.0631112 0.01 48 48 0 0 0
11514 0.647303 -0.00076575 -0.00689072 0.01 79 79 0 0 0
11523 0.647303 -0.00076575 -0.00451881 0.01 79 79 0 0 0
11530 0.636546 -0.000798346 -0.0631112 0.01 48 48 0 0 0
11554 0.628075 -0.000824016 -0.0631112 0.01 46 47 0 0 0
11560 0.632176 -0.000811588 -0.0631112 0.01 48 50 0 0 0
11574 0.60487 -0.000894332 -0.0642004 0.01 60 59 0 0 0
11576 0.570002 -0.000999994 -0.0419623 0.01 60 60 0 0 0
11584 0.647303 -0.00076575 -0.00451881 0.01 78 78 0 0 0
11610 0.65801 -0.000733303 -0.0163705 0.01 79 79 0 0 0
11613 0.647303 -0.00076575 -0.00689072 0.01 79 79 0 0 0
11628 0.628075 -0.000824016 -0.0631112 0.01 48 48 0 0 0
11639 0.570002 -0.000999994 -0.0419623 0.01 60 60 0 0 0
11656 0.570002 -0.000999994 -0.0603557 0.01 60 61 0 0 0
11657 0.577442 -0.000977449 -0.0498279 0.01 60 60 -0.0024825 0 -0.0170169
11660 0.628075 -0.000824016 -0.0631112 0.01 47 47 0 0 0
11661 0.585883 -0.00095187 -0.0586546 0.01 60 60 0 0 0
11664 0.628075 -0.000824016 -0.0631112 0.01 48 48 0 0 0
11668 0.617857 -0.000854979 -0.07395 0.01 60 61 0 0 0
11697 0.617018 -0.000857521 -0.0631112 0.01 47 47 0 0 0
11698 0.579221 -0.000972057 -0.0642004 0.01 60 60 0 0 0
11701 0.560953 -0.00102741 -0.0486993 0.01 60 60 0 0 0
11704 0.628075 -0.000824016 -0.0631112 0.01 48 48 0 0 0
11709 0.628075 -0.000824016 -0.0631112 0.01 47 48 0 0 0
11712 0.594299 -0.000926368 -0.0429003 0.01 60 60 0 0 0
11713 0.647303 -0.00076575 -0.00689072 0.01 78 78 0 0 0
11727 0.552068 -0.00105434 -0.0564484 0.01 60 60 0 0 0
11736 0.602817 -0.000900555 -0.0515358 0.01 60 60 0 0 0
11749 0.633702 -0.000806964 -0.0511778 0.01 60 60 0 0 0
11752 0.647303 -0.00076575 -0.00451881 0.01 79 79 0 0 0
11756 0.647303 -0.00076575 -0.00689072 0.01 78 78 0 0 0
11758 0.584807 -0.00095513 -0.0665164 0.01 60 60 0 0 0
11760 0.628075 -0.000824016 -0.0530411 0.01 47 47 0 0 0
11763 0.616911 -0.000857846 -0.0815232 0.01 60 60 0 0 0
11768 0.589283 -0.000941568 -0.0469017 0.01 60 60 -0.0100228 0.0128074 0
11777 0.65801 -0.000733303 -0.00451881 0.01 80 80 0 0 0
11781 0.647303 -0.00076575 -0.00689072 0.01 78 78 0 0 0
11802 0.647303 -0.00076575 -0.00689072 0.01 79 79 0 0 0
11811 0.635081 -0.000802785 -0.0467208 0.01 60 59 0 0 0
11830 0.628075 -0.000824016 -0.058812 0.01 47 47 0 0 0
11840 0.628075 -0.000824016 -0.0631112 0.01 48 48 0 0 0
11842 0.603619 -0.000898124 -0.0233122 0.01 60 60 0 0 0
11868 0.584807 -0.00095513 -0.0665164 0.01 60 60 0 0 0
11874 0.647303 -0.00076575 -0.00451881 0.01 79 79 0 0 0
11886 0.615901 -0.000860906 -0.00689072 0.01 79 79 0 0 0
11889 0.628075 -0.000824016 -0.0631112 0.01 48 49 0 0 0
11890 0.647303 -0.00076575 -0.00451881 0.01 78 78 0 0 0
11896 0.628075 -0.000824016 -0.0631112 0.01 48 48 0 0 0
11897 0.570002 -0.000999994 -0.0419623 0.01 60 61 0 0 0
11900 0.570002 -0.000999994 -0.033886 0.01 60 60 0 0 0
11905 0.643058 -0.000778612 -0.0530411 0.01 48 48 0 0 0
11912 0.641417 -0.000783585 -0.00451881 0.01 80 80 0.00516579 -0.0058856 0
11926 0.628075 -0.000824016 -0.0530411 0.01 48 48 0 0 0
11927 0.570002 -0.000999994 -0.0565989 0.01 60 60 0 0 0
11951 0.617159 -0.000857094 -0.0631112 0.01 48 48 0 0 0
11955 0.628075 -0.000824016 -0.0631112 0.01 48 48 0 0 0
11973 0.579917 -0.000969947 -0.0419623 0.01 60 60 0 0 0
11987 0.647303 -0.00076575 -0.00689072 0.01 78 78 0 0 0
11993 0.647303 -0.00076575 -0.00451881 0.01 79 79 0 0 0
12026 0.647303 -0.00076575 -0.00689072 0.01 78 78 0 0 0
12040 0.647303 -0.00076575 -0.00689072 0.01 79 79 0 0 0
12042 0.628075 -0.000824016 -0.0631112 0.01 48 48 0 0 0
12063 0.564818 -0.0010157 -0.0394427 0.01 60 60 0 0 0
12066 0.617018 -0.000857521 -0.0631112 0.01 47 47 0 0 0
12080 0.628075 -0.000824016 -0.0631112 0.01 47 47 0 0 0
12092 0.647303 -0.00076575 -0.00689072 0.01 79 78 0 0 0
12095 0.628075 -0.000824016 -0.0631112 0.01 47 47 0 0 0
12107 0.619194 -0.000850927 -0.0631112 0.01 47 48 0 0 0
12122 0.647303 -0.00076575 -0.00689072 0.01 78 78 0 0 0
12139 0.570002 -0.000999994 -0.0564484 0.01 60 60 0 0 0
12148 0.628075 -0.000824016 -0.0450365 0.01 48 48 0 0 0
12160 0.628075 -0.000824016 -0.0631112 0.01 48 48 0 0 0
12174 0.647303 -0.00076575 -0.00689072 0.01 78 78 0 0 0
12177 0.647303 -0.00076575 -0.00451881 0.01 79 79 0 0 0
12184 0.647303 -0.00076575 -0.00451881 0.01 78 78 0 0 0
12190 0.570002 -0.000999994 -0.0602907 0.01 60 60 0 0 0
12195 0.647303 -0.00076575 -0.00689072 0.01 79 79 0 0 0
12204 0.628075 -0.000824016 -0.0631112 0.01 48 48 0 0 0
12206 0.628075 -0.000824016 -0.0631112 0.01 47 47 0 0 0
12215 0.636546 -0.000798346 -0.0631112 0.01 47 48 0 0 0
12232 0.647303 -0.00076575 -0.00689072 0.01 80 80 0 0 0
12285 0.628075 -0.000824016 -0.0631112 0.01 48 48 0 0 0
12290 0.5581 -0.00103606 -0.0419623 0.01 60 60 0 0 0
12292 0.628075 -0.000824016 -0.0620712 0.01 47 47 0 0 0
12297 0.628075 -0.000824016 -0.0631112 0.01 48 48 0 0 0
12301 0.65801 -0.000733303 -0.00451881 0.01 80 80 0 0 0
12307 0.619194 -0.000850927 -0.0631112 0.01 48 48 0 0 0
12314 0.583484 -0.000959139 -0.0515358 0.01 60 60 0 0 0
12320 0.647303 -0.00076575 -0.00689072 0.01 78 78 0 0 0
12321 0.647303 -0.00076575 -0.00689072 0.01 78 78 0 0 0
12334 0.628075 -0.000824016 -0.0631112 0.01 48 48 0 0 0
12336 0.570002 -0.000999994 -0.0414229 0.01 60 60 0 0 0
12341 0.563112 -0.00102087 -0.0268464 0.01 60 60 0 0 0
12342 0.647303 -0.00076575 -0.0292985 0.01 78 78 -0.0832357 0 -0.0247797
12356 0.647303 -0.00076575 -0.00451881 0.01 78 77 0 0 0
12360 0.647303 -0.00076575 -0.00689072 0.01 79 79 0 0 0
12362 0.613956 -0.000866799 -0.0181501 0.01 60 60 0 0 0
12373 0.628075 -0.000824016 -0.0631112 0.01 48 48 0 0 0
12380 0.628075 -0.000824016 -0.0530411 0.01 48 48 0 0 0
12394 0.647303 -0.00076575 -0.00689072 0.01 78 78 0 0 0
12396 0.647303 -0.00076575 -0.0091995 0.01 79 79 -0.0093787 0 -0.00230878
12407 0.647303 -0.00076575 -0.00689072 0.01 78 78 0 0 0
12408 0.647303 -0.00076575 -0.00451881 0.01 78 77 0 0 0
12420 0.647303 -0.00076575 -0.00689072 0.01 79 79 0 0 0
12426 0.647303 -0.00076575 -0.00451881 0.01 78 78 0 0 0
12439 0.60487 -0.000894332 -0.0540189 0.01 60 60 0 0 0
12455 0.628075 -0.000824016 -0.0631112 0.01 48 48 0 0 0
12457 0.567481 -0.00100763 -0.0778373 0.01 48 48 0 0 0
12470 0.628075 -0.000824016 -0.0631112 0.01 48 48 0 0 0
12481 0.628075 -0.000824016 -0.0685812 0.01 48 48 -0.000415027 0 -0.00546996
12491 0.570002 -0.000999994 -0.033886 0.01 60 61 0 0 0
12497 0.628075 -0.000824016 -0.0631112 0.01 48 48 0 0 0
12498 0.647303 -0.00076575 -0.00451881 0.01 78 78 0 0 0
12500 0.628075 -0.000824016 -0.0631112 0.01 48 48 0 0 0
12507 0.628075 -0.000824016 -0.0631112 0.01 48 48 0 0 0
12520 0.570002 -0.000999994 -0.0417968 0.01 60 60 0 0 0
12535 0.62365 -0.000837425 -0.00689072 0.01 79 79 0 0 0
12537 0.65801 -0.000733303 -0.00451881 0.01 80 80 0 0 0
12538 0.628075 -0.000824016 -0.0789241 0.01 48 48 0 0 0
12551 0.628075 -0.000824016 -0.0631112 0.01 47 48 0 0 0
12552 0.608419 -0.000883577 -0.0405549 0.01 60 59 0 0 0
12558 0.647303 -0.00076575 -0.00451881 0.01 78 78 0 0 0
12569 0.62173 -0.000843242 -0.0412389 0.01 60 61 0 0 0
12571 0.564818 -0.0010157 -0.0394427 0.01 60 60 0 0 0
12578 0.617018 -0.000857521 -0.0631112 0.01 46 46 0 0 0
12583 0.628075 -0.000824016 -0.0631112 0.01 48 48 0 0 0
12590 0.647303 -0.00076575 -0.00451881 0.01 78 78 0 0 0
12591 0.647303 -0.00076575 -0.00451881 0.01 78 78 0 0 0
12600 0.636546 -0.000798346 -0.0631112 0.01 48 48 0 0 0
12608 0.617018 -0.000857521 -0.0631112 0.01 47 47 0 0 0
12615 0.628075 -0.000824016 -0.0631112 0.01 48 48 0 0 0
12631 0.619194 -0.000850927 -0.0631112 0.01 48 48 0 0 0
12634 0.551243 -0.00105684 -0.0564484 0.01 60 60 0 0 0
12652 0.628075 -0.000824016 -0.0631112 0.01 47 47 0 0 0
12657 0.628075 -0.000824016 -0.0631112 0.01 47 47 0 0 0
12678 0.570002 -0.000999994 -0.0419623 0.01 60 61 0 0 0
12684 0.628075 -0.000824016 -0.0631112 0.01 48 48 0 0 0
12688 0.628075 -0.000824016 -0.0631112 0.01 47 47 0 0 0
12714 0.647303 -0.00076575 -0.00689072 0.01 78 78 0 0 0
12728 0.593809 -0.000927853 -0.0642004 0.01 60 60 0 0 0
12742 0.62809 -0.00082397 -0.0631112 0.01 47 47 0 0 0
12743 0.647303 -0.00076575 -0.00451881 0.01 79 79 0 0 0
12757 0.59876 -0.000912848 -0.0501493 0.01 60 59 0 0 0
12764 0.628075 -0.000824016 -0.0631112 0.01 48 49 0 0 0
12774 0.617018 -0.000857521 -0.0631112 0.01 47 47 0 0 0
12795 0.628075 -0.000824016 -0.0631112 0.01 47 47 0 0 0
12803 0.554023 -0.00104842 -0.0564484 0.01 60 60 0 0 0
12804 0.647303 -0.00076575 -0.00451881 0.01 80 79 0 0 0
12807 0.570002 -0.000999994 -0.0417968 0.01 60 60 0 0 0
12811 0.647303 -0.00076575 -0.00689072 0.01 80 80 0 0 0
12818 0.65801 -0.000733303 -0.00451881 0.01 80 80 0 0 0
12819 0.630927 -0.000815372 -0.077506 0.01 48 49 0 0 0
12823 0.570002 -0.000999994 -0.0280874 0.01 60 60 0 0 0
12826 0.647303 -0.00076575 -0.00689072 0.01 79 79 0 0 0
12829 0.619194 -0.000850927 -0.0807138 0.01 47 48 0 0 0
12845 0.628075 -0.000824016 -0.0631112 0.01 48 47 0 0 0
12859 0.636546 -0.000798346 -0.0631112 0.01 48 48 0 0 0
12866 0.628075 -0.000824016 -0.0631112 0.01 47 47 0 0 0
12877 0.66124 -0.000723516 -0.00689072 0.01 79 79 -0.0116571 0.0139371 0
12880 0.570002 -0.000999994 -0.0419623 0.01 60 60 0 0 0
12889 0.647303 -0.00076575 -0.00689072 0.01 79 79 0 0 0
12898 0.616911 -0.000857846 -0.0931132 0.01 60 60 0 0 0
12902 0.628075 -0.000824016 -0.0631112 0.01 48 48 0 0 0
12908 0.570002 -0.000999994 -0.0343243 0.01 60 60 0 0 0
12913 0.596762 -0.000918904 -0.0440675 0.01 60 60 0 0 0
12915 0.628075 -0.000824016 -0.0530411 0.01 48 49 0 0 0
12917 0.628075 -0.000824016 -0.0631112 0.01 48 48 0 0 0
12920 0.570002 -0.000999994 -0.0299605 0.01 60 60 0 0 0
12924 0.619194 -0.000850927 -0.0807138 0.01 48 48 0 0 0
12927 0.572364 -0.000992838 -0.032811 0.01 60 60 0.00410774 -0.00507838 0
12929 0.603619 -0.000898124 -0.0233122 0.01 60 60 0 0 0
12936 0.602835 -0.000900501 -0.0631112 0.01 48 48 0.00776188 -0.0143244 0
12938 0.567481 -0.00100763 -0.0778373 0.01 48 49 0 0 0
12944 0.628075 -0.000824016 -0.0631112 0.01 47 47 0 0 0
12945 0.647303 -0.00076575 -0.00689072 0.01 80 80 0 0 0
12947 0.628075 -0.000824016 -0.0631112 0.01 48 48 0 0 0
12949 0.647303 -0.00076575 -0.00451881 0.01 79 79 0 0 0
12965 0.583484 -0.000959139 -0.0515358 0.01 60 61 0 0 0
12989 0.570002 -0.000999994 -0.0333595 0.01 60 60 0 0 0
13017 0.628075 -0.000824016 -0.0631112 0.01 48 48 0 0 0
13041 0.664594 -0.000713351 -0.0631112 0.01 48 48 0 0 0
13066 0.631397 -0.00081395 -0.0451361 0.01 60 60 0 0 0
13070 0.628075 -0.000824016 -0.0631112 0.01 48 48 0 0 0
13075 0.560953 -0.00102741 -0.0486993 0.01 60 60 0 0 0
13083 0.628075 -0.000824016 -0.0631112 0.01 47 47 0 0 0
13087 0.560953 -0.00102741 -0.0544895 0.01 60 60 0 0 0
13093 0.617018 -0.000857521 -0.0631112 0.01 47 47 0.00548243 -0.0110568 0
13112 0.628075 -0.000824016 -0.0631112 0.01 48 48 0 0 0
13136 0.628075 -0.000824016 -0.0631112 0.01 47 47 0 0 0
13140 0.647303 -0.00076575 -0.00451881 0.01 79 78 0 0 0
13147 0.572364 -0.000992838 -0.032811 0.01 60 60 0 0 0
13148 0.570002 -0.000999994 -0.0419623 0.01 60 60 0 0 0
13160 0.628075 -0.000824016 -0.058812 0.01 47 47 0 0 0
13170 0.647303 -0.00076575 -0.00451881 0.01 78 78 0 0 0
13177 0.647303 -0.00076575 -0.00689072 0.01 78 78 0 0 0
13182 0.583484 -0.000959139 -0.0583603 0.01 60 60 0 0 0
13188 0.647303 -0.00076575 -0.00451881 0.01 78 78 0 0 0
13199 0.617018 -0.000857521 -0.0631112 0.01 47 47 0 0 0
13214 0.635518 -0.000801461 -0.00689072 0.01 78 78 0.0100591 -0.0117846 0
13225 0.679208 -0.000669067 -0.0493206 0.01 78 78 0 0 0
13238 0.628075 -0.000824016 -0.0631112 0.01 47 47 0 0 0
13242 0.628075 -0.000824016 -0.0631112 0.01 47 47 0 0 0
13251 0.628075 -0.000824016 -0.0685812 0.01 48 48 0 0 0
13254 0.628075 -0.000824016 -0.0631112 0.01 47 47 0 0 0
13269 0.647303 -0.00076575 -0.00689072 0.01 79 79 0 0 0
13272 0.617018 -0.000857521 -0.0631112 0.01 46 46 0 0 0
13286 0.579917 -0.000969947 -0.0554484 0.01 60 60 0 0 0
13288 0.628075 -0.000824016 -0.0631112 0.01 48 48 0 0 0
13290 0.628075 -0.000824016 -0.0631112 0.01 48 48 0 0 0
13294 0.647303 -0.00076575 -0.00451881 0.01 78 79 0 0 0
13297 0.603619 -0.000898124 -0.0233122 0.01 60 59 0 0 0
13298 0.593809 -0.000927853 -0.0642004 0.01 60 60 0 0 0
13303 0.647303 -0.00076575 -0.00451881 0.01 79 79 0 0 0
13304 0.628075 -0.000824016 -0.0631112 0.01 47 48 0 0 0
13305 0.596762 -0.000918904 -0.0440675 0.01 60 60 0 0 0
13317 0.647303 -0.00076575 -0.00689072 0.01 78 78 0 0 0
13321 0.619194 -0.000850927 -0.0631112 0.01 48 48 0 0 0
13322 0.628075 -0.000824016 -0.0631112 0.01 47 47 0 0 0
13342 0.647303 -0.00076575 -0.00689072 0.01 78 78 0 0 0
13343 0.647303 -0.00076575 -0.00689072 0.01 79 78 0 0 0
13346 0.679208 -0.000669067 -0.0493206 0.01 78 78 0 0 0
13351 0.628075 -0.000824016 -0.0631112 0.01 47 48 0 0 0
13360 0.647303 -0.00076575 -0.00689072 0.01 78 77 0 0 0
13364 0.628075 -0.000824016 -0.0631112 0.01 47 47 0 0 0
13369 0.570002 -0.000999994 -0.0261143 0.01 60 60 0 0 0
13382 0.567481 -0.00100763 -0.0778373 0.01 48 48 0 0 0
13399 0.617018 -0.000857521 -0.0631112 0.01 46 47 0 0 0
13402 0.596762 -0.000918904 -0.0322399 0.01 60 60 0 0 0
13406 0.619194 -0.000850927 -0.0807138 0.01 48 48 0 0 0
13407 0.596762 -0.000918904 -0.0440675 0.01 60 60 0 0 0
13411 0.602817 -0.000900555 -0.0515358 0.01 60 60 0 0 0
13414 0.628075 -0.000824016 -0.0685812 0.01 48 48 0 0 0
13433 0.629387 -0.000820038 -0.078764 0.01 60 60 0.00844701 -0.0129832 0
13441 0.647303 -0.00076575 -0.00689072 0.01 78 78 0 0 0
13442 0.570002 -0.000999994 -0.0417968 0.01 60 60 0 0 0
13444 0.647303 -0.00076575 -0.00689072 0.01 79 79 0 0 0
13469 0.647303 -0.00076575 -0.00451881 0.01 78 78 0 0 0
13482 0.643185 -0.000778228 -0.0741293 0.01 60 60 0 0 0
13500 0.619194 -0.000850927 -0.0807138 0.01 48 48 0 0 0
13514 0.647303 -0.00076575 -0.00689072 0.01 78 78 0 0 0
13516 0.617018 -0.000857521 -0.0631112 0.01 46 46 0 0 0
13530 0.617018 -0.000857521 -0.0631112 0.01 47 47 0 0 0
13532 0.593809 -0.000927853 -0.0642004 0.01 60 60 0 0 0
13540 0.628075 -0.000824016 -0.0631112 0.01 48 48 0 0 0
13568 0.647303 -0.00076575 -0.00689072 0.01 79 79 0 0 0
13585 0.62173 -0.000843242 -0.0480518 0.01 60 60 -0.00039117 0 -0.00308755
13640 0.647303 -0.00076575 -0.00451881 0.01 79 79 0 0 0
13641 0.628075 -0.000824016 -0.0631112 0.01 47 47 0 0 0
13645 0.619194 -0.000850927 -0.0631112 0.01 48 48 0 0 0
13650 0.613956 -0.000866799 -0.0181501 0.01 60 60 0 0 0
13671 0.628075 -0.000824016 -0.0562325 0.01 47 47 0 0 0
13685 0.647303 -0.00076575 -0.00689072 0.01 78 78 0 0 0
13692 0.647303 -0.00076575 -0.00689072 0.01 79 79 0 0 0
13694 0.647303 -0.00076575 -0.00689072 0.01 78 78 0 0 0
13695 0.628075 -0.000824016 -0.0631112 0.01 48 48 0 0 0
13723 0.628075 -0.000824016 -0.0631112 0.01 47 47 0 0 0
13733 0.647303 -0.00076575 -0.00689072 0.01 79 79 0 0 0
13741 0.647303 -0.00076575 -0.00451881 0.01 78 78 0 0 0
13780 0.60487 -0.000894332 -0.0642004 0.01 60 60 0 0 0
13781 0.628075 -0.000824016 -0.0631112 0.01 48 48 0 0 0
13790 0.61558 -0.000861879 -0.0631112 0.01 48 48 0 0 0
13793 0.65801 -0.000733303 -0.00451881 0.01 80 80 0 0 0
13796 0.647303 -0.00076575 -0.00451881 0.01 79 79 0 0 0
13798 0.647303 -0.00076575 -0.00689072 0.01 78 78 0 0 0
13810 0.554023 -0.00104842 -0.0564484 0.01 60 60 0 0 0
13820 0.647303 -0.00076575 -0.00689072 0.01 78 78 0 0 0
13823 0.584807 -0.00095513 -0.0665164 0.01 60 60 0 0 0
13826 0.647303 -0.00076575 -0.00689072 0.01 79 79 0 0 0
13837 0.56545 -0.00101379 -0.0515358 0.01 60 60 0 0 0
13846 0.647303 -0.00076575 -0.00689072 0.01 79 79 0 0 0
13853 0.570002 -0.000999994 -0.0419623 0.01 60 60 0 0 0
13855 0.647303 -0.00076575 -0.00689072 0.01 79 79 0 0 0
13861 0.60557 -0.000892212 -0.0558366 0.01 60 60 0 0 0
13862 0.570002 -0.000999994 -0.0163637 0.01 60 60 0 0 0
13874 0.570002 -0.000999994 -0.0419623 0.01 60 60 0 0 0
13875 0.62365 -0.000837425 -0.00689072 0.01 79 79 0 0 0
13882 0.628075 -0.000824016 -0.0631112 0.01 48 48 0 0 0
13883 0.617159 -0.000857094 -0.0631112 0.01 47 47 0 0 0
13896 0.570002 -0.000999994 -0.033886 0.01 60 60 0 0 0
13940 0.647303 -0.00076575 -0.00689072 0.01 78 78 0 0 0
13945 0.655102 -0.000742116 -0.00689072 0.01 79 79 0 0 0
13952 0.647303 -0.00076575 -0.00451881 0.01 78 77 0 0 0
13961 0.647303 -0.00076575 -0.00451881 0.01 78 78 0 0 0
13963 0.647303 -0.00076575 -0.00451881 0.01 78 78 0 0 0
13992 0.594299 -0.000926368 -0.0429003 0.01 60 60 0 0 0
14006 0.647303 -0.00076575 -0.00689072 0.01 78 78 0 0 0
14025 0.628075 -0.000824016 -0.0631112 0.01 47 48 0 0 0
14033 0.628075 -0.000824016 -0.0620712 0.01 47 47 0 0 0
14038 0.647303 -0.00076575 -0.00689072 0.01 78 79 0 0 0
14039 0.628075 -0.000824016 -0.0530411 0.01 47 47 0 0 0
14041 0.617159 -0.000857094 -0.0631112 0.01 47 47 0 0 0
14051 0.647303 -0.00076575 -0.00689072 0.01 79 79 0 0 0
14056 0.647303 -0.00076575 -0.00689072 0.01 80 80 0 0 0
14061 0.628075 -0.000824016 -0.0789241 0.01 48 48 0 0 0
14092 0.570002 -0.000999994 -0.0419623 0.01 60 60 0 0 0
14103 0.631397 -0.00081395 -0.0451361 0.01 60 61 0 0 0
14110 0.647303 -0.00076575 -0.00689072 0.01 79 79 0 0 0
14111 0.633739 -0.00080685 -0.0631112 0.01 60 60 0 0 0
14116 0.647303 -0.00076575 -0.00689072 0.01 78 78 0 0 0
14124 0.617018 -0.000857521 -0.0631112 0.01 47 47 0 0 0
14129 0.570002 -0.000999994 -0.0163637 0.01 60 60 0 0 0
14130 0.570002 -0.000999994 -0.0437631 0.01 60 60 0 0 0
14141 0.576475 -0.000980378 -0.0469017 0.01 60 60 0 0 0
14147 0.617159 -0.000857094 -0.0631112 0.01 48 48 0 0 0
14151 0.647303 -0.00076575 -0.00689072 0.01 78 78 0 0 0
14155 0.569124 -0.00100265 -0.0224749 0.01 60 60 0 0 0
14161 0.647303 -0.00076575 -0.00689072 0.01 78 79 0 0 0
14163 0.628075 -0.000824016 -0.0631112 0.01 47 47 0 0 0
14169 0.647303 -0.00076575 -0.00689072 0.01 78 78 0 0 0
14171 0.628075 -0.000824016 -0.0655311 0.01 48 48 0 0 0
14185 0.628075 -0.000824016 -0.0631112 0.01 48 48 0 0 0
14197 0.602817 -0.000900555 -0.0515358 0.01 60 60 0 0 0
14213 0.628075 -0.000824016 -0.0631112 0.01 48 49 0 0 0
14224 0.579917 -0.000969947 -0.0554484 0.01 60 60 -0.0019438 0 -0.0134862
14236 0.647303 -0.00076575 -0.00451881 0.01 80 80 0 0 0
14243 0.647303 -0.00076575 -0.00451881 0.01 79 78 0 0 0
14244 0.603619 -0.000898124 -0.0233122 0.01 60 60 0 0 0
14245 0.628075 -0.000824016 -0.0631112 0.01 48 48 0 0 0
14264 0.570002 -0.000999994 -0.0419623 0.01 60 60 0 0 0
14288 0.579221 -0.000972057 -0.0642004 0.01 60 60 0 0 0
14292 0.628075 -0.000824016 -0.05466 0.01 47 47 0 0 0
14297 0.567481 -0.00100763 -0.0778373 0.01 48 48 0 0 0
14311 0.628075 -0.000824016 -0.0530411 0.01 48 48 0 0 0
14317 0.628075 -0.000824016 -0.0631112 0.01 48 48 0 0 0
14320 0.570002 -0.000999994 -0.0419623 0.01 60 60 0 0 0
14321 0.561192 -0.00102669 -0.0419623 0.01 60 61 0 0 0
14346 0.640963 -0.00078496 -0.0631112 0.01 48 48 0 0 0
14368 0.628075 -0.000824016 -0.0706447 0.01 48 48 0 0 0
14379 0.628075 -0.000824016 -0.0631112 0.01 48 48 0 0 0
14381 0.628075 -0.000824016 -0.0631112 0.01 48 48 0 0 0
14382 0.647303 -0.00076575 -0.00451881 0.01 80 80 0 0 0
14387 0.647303 -0.00076575 -0.00689072 0.01 78 79 0 0 0
14418 0.628075 -0.000824016 -0.0631112 0.01 47 48 0 0 0
14431 0.577442 -0.000977449 -0.0498279 0.01 60 60 0 0 0
14463 0.594299 -0.000926368 -0.0429003 0.01 60 60 0 0 0
14480 0.561192 -0.00102669 -0.0419623 0.01 60 60 0 0 0
14482 0.584201 -0.000956968 -0.0690585 0.01 60 61 0 0 0
14485 0.628075 -0.000824016 -0.0706447 0.01 48 48 -0.000570744 0 -0.00753351
14503 0.575039 -0.000984731 -0.0417968 0.01 60 60 -0.00408301 0.00503659 0
14518 0.647303 -0.00076575 -0.00451881 0.01 79 79 0 0 0
14530 0.65801 -0.000733303 -0.00451881 0.01 80 80 0 0 0
14533 0.647303 -0.00076575 -0.00451881 0.01 79 79 0 0 0
14546 0.647303 -0.00076575 -0.00689072 0.01 78 78 0 0 0
14550 0.647303 -0.00076575 -0.00689072 0.01 79 79 0 0 0
14553 0.647303 -0.00076575 -0.00451881 0.01 79 79 0 0 0
14608 0.635284 -0.000802169 -0.0642004 0.01 60 60 0 0 0
14629 0.628075 -0.000824016 -0.0631112 0.01 48 48 0 0 0
14636 0.647303 -0.00076575 -0.00689072 0.01 78 78 0 0 0
14644 0.632176 -0.000811588 -0.0631112 0.01 48 48 0 0 0
14647 0.628075 -0.000824016 -0.0631112 0.01 47 47 0 0 0
14651 0.628075 -0.000824016 -0.0631112 0.01 48 48 0 0 0
14655 0.570002 -0.000999994 -0.0578614 0.01 60 59 0 0 0
14662 0.61558 -0.000861879 -0.0631112 0.01 48 48 0 0 0
14670 0.560475 -0.00102886 -0.0419623 0.01 60 60 0 0 0
14672 0.628075 -0.000824016 -0.0631112 0.01 48 48 0 0 0
14678 0.628075 -0.000824016 -0.0631112 0.01 47 47 0 0 0
14680 0.596762 -0.000918904 -0.0322399 0.01 60 60 0 0 0
14692 0.551243 -0.00105684 -0.0564484 0.01 60 60 0 0 0
14700 0.647303 -0.00076575 -0.00451881 0.01 79 79 0 0 0
14713 0.647303 -0.00076575 -0.00689072 0.01 78 78 0 0 0
14755 0.628075 -0.000824016 -0.0631112 0.01 47 48 0 0 0
14764 0.628075 -0.000824016 -0.0631112 0.01 47 47 0 0 0
14774 0.647303 -0.00076575 -0.00689072 0.01 78 78 0 0 0
14795 0.619194 -0.000850927 -0.0807138 0.01 48 48 0 0 0
14805 0.628075 -0.000824016 -0.0631112 0.01 47 47 0 0 0
14819 0.628075 -0.000824016 -0.0631112 0.01 47 47 0 0 0
14830 0.560475 -0.00102886 -0.0419623 0.01 60 60 0 0 0
14834 0.628075 -0.000824016 -0.0631112 0.01 48 48 0 0 0
14841 0.647303 -0.00076575 -0.00689072 0.01 79 79 0 0 0
14860 0.594299 -0.000926368 -0.0429003 0.01 60 60 0 0 0
14861 0.647303 -0.00076575 -0.00451881 0.01 78 78 0 0 0
14866 0.629387 -0.000820038 -0.078764 0.01 60 60 0 0 0
14879 0.619194 -0.000850927 -0.0631112 0.01 48 50 0 0 0
14880 0.570002 -0.000999994 -0.0419623 0.01 60 60 0 0 0
14886 0.647303 -0.00076575 -0.00689072 0.01 79 79 0 0 0
14891 0.619194 -0.000850927 -0.0744023 0.01 48 49 0 0 0
14902 0.62173 -0.000843242 -0.0449643 0.01 60 60 0 0 0
14905 0.635026 -0.000802953 -0.0631112 0.01 48 49 -0.00359401 0.00695062 0
14907 0.647303 -0.00076575 -0.00451881 0.01 79 79 0 0 0
14927 0.607818 -0.000885399 -0.0631112 0.01 48 47 0 0 0
14930 0.60487 -0.000894332 -0.0642004 0.01 60 60 0 0 0
14934 0.628075 -0.000824016 -0.0631112 0.01 47 47 0 0 0
14940 0.647303 -0.00076575 -0.00689072 0.01 79 79 0 0 0
14971 0.628075 -0.000824016 -0.058812 0.01 47 47 0 0 0
15038 0.654902 -0.000742722 -0.0232952 0.01 60 60 0 0 0
15045 0.647303 -0.00076575 -0.00451881 0.01 78 78 0 0 0
15066 0.577442 -0.000977449 -0.032811 0.01 60 60 0 0 0
15089 0.628075 -0.000824016 -0.0631112 0.01 47 47 0 0 0
15111 0.647303 -0.00076575 -0.00689072 0.01 78 78 0 0 0
15115 0.570002 -0.000999994 -0.0419623 0.01 60 60 0 0 0
15139 0.596762 -0.000918904 -0.0440675 0.01 60 60 0 0 0
15143 0.570002 -0.000999994 -0.0419623 0.01 60 61 0 0 0
15144 0.647303 -0.00076575 -0.00451881 0.01 78 78 0 0 0
15158 0.647303 -0.00076575 -0.00451881 0.01 79 79 0 0 0
15188 0.647303 -0.00076575 -0.00689072 0.01 78 78 0 0 0
15192 0.647303 -0.00076575 -0.00689072 0.01 78 78 0 0 0
15200 0.647303 -0.00076575 -0.00689072 0.01 79 79 0 0 0
15214 0.619194 -0.000850927 -0.0412065 0.01 60 60 0 0 0
15215 0.628075 -0.000824016 -0.0631112 0.01 48 49 0 0 0
15221 0.647303 -0.00076575 -0.00689072 0.01 78 78 0 0 0
15223 0.647303 -0.00076575 -0.00451881 0.01 78 78 0 0 0
15230 0.570795 -0.000997591 -0.0419623 0.01 60 60 0 0 0
15244 0.647303 -0.00076575 -0.00451881 0.01 79 79 0 0 0
15245 0.593922 -0.000927508 -0.0501493 0.01 60 60 0 0 0
15264 0.647303 -0.00076575 -0.00689072 0.01 79 79 0 0 0
15265 0.647303 -0.00076575 -0.00689072 0.01 79 79 0 0 0
15290 0.647303 -0.00076575 -0.00451881 0.01 78 78 0 0 0
15299 0.647303 -0.00076575 -0.00451881 0.01 78 78 0 0 0
15351 0.628075 -0.000824016 -0.0631112 0.01 48 48 0 0 0
15363 0.628075 -0.000824016 -0.0631112 0.01 48 48 0 0 0
15367 0.647303 -0.00076575 -0.00689072 0.01 78 78 0 0 0
15380 0.584807 -0.00095513 -0.0665164 0.01 60 60 0 0 0
15388 0.65801 -0.000733303 -0.00451881 0.01 80 80 0 0 0
15390 0.584807 -0.00095513 -0.0665164 0.01 60 60 0 0 0
15391 0.602817 -0.000900555 -0.0515358 0.01 60 60 0 0 0
15400 0.628075 -0.000824016 -0.0631112 0.01 47 47 0 0 0
15413 0.570002 -0.000999994 -0.0417968 0.01 60 60 0 0 0
15414 0.570002 -0.000999994 -0.0419623 0.01 60 59 0 0 0
15416 0.628075 -0.000824016 -0.0631112 0.01 48 49 0 0 0
15445 0.567481 -0.00100763 -0.0778373 0.01 48 48 0 0 0
15447 0.628075 -0.000824016 -0.0540775 0.01 47 47 0 0 0
15456 0.570002 -0.000999994 -0.0343243 0.01 60 60 0 0 0
15464 0.628075 -0.000824016 -0.0631112 0.01 48 48 0 0 0
15478 0.608419 -0.000883577 -0.0405549 0.01 60 60 0 0 0
15480 0.628075 -0.000824016 -0.0631112 0.01 48 48 0 0 0
15495 0.628075 -0.000824016 -0.0631112 0.01 48 48 0 0 0
15511 0.628075 -0.000824016 -0.0631112 0.01 47 47 0 0 0
15523 0.619194 -0.000850927 -0.0807138 0.01 48 48 0 0 0
15534 0.628075 -0.000824016 -0.0540775 0.01 48 47 0 0 0
15546 0.647303 -0.00076575 -0.00689072 0.01 79 79 0 0 0
15550 0.570002 -0.000999994 -0.0565989 0.01 60 60 0 0 0
15552 0.596762 -0.000918904 -0.0322399 0.01 60 60 0 0 0
15553 0.628075 -0.000824016 -0.0631112 0.01 47 47 0 0 0
15555 0.628075 -0.000824016 -0.0631112 0.01 47 47 0 0 0
15583 0.628075 -0.000824016 -0.0631112 0.01 48 48 0 0 0
15596 0.647303 -0.00076575 -0.00451881 0.01 78 78 0 0 0
15613 0.628075 -0.000824016 -0.0631112 0.01 48 48 0 0 0
15617 0.647303 -0.00076575 -0.0091995 0.01 79 79 0 0 0
15642 0.647303 -0.00076575 -0.00689072 0.01 78 78 0 0 0
15655 0.647303 -0.00076575 -0.00689072 0.01 79 78 0 0 0
15666 0.628075 -0.000824016 -0.0631112 0.01 48 48 0 0 0
15673 0.628075 -0.000824016 -0.0631112 0.01 47 47 0 0 0
15698 0.628075 -0.000824016 -0.0631112 0.01 48 48 0 0 0
15703 0.647303 -0.00076575 -0.00689072 0.01 79 79 0 0 0
15718 0.647303 -0.00076575 -0.00689072 0.01 78 78 0 0 0
15721 0.628075 -0.000824016 -0.0631112 0.01 48 48 0 0 0
15728 0.647303 -0.00076575 -0.00689072 0.01 79 79 0 0 0
15732 0.628075 -0.000824016 -0.0631112 0.01 47 47 0 0 0
15758 0.628075 -0.000824016 -0.0631112 0.01 47 47 0 0 0
15766 0.647303 -0.00076575 -0.00451881 0.01 79 79 0 0 0
15796 0.566053 -0.00101196 -0.0584622 0.01 60 60 0 0 0
15806 0.647303 -0.00076575 -0.00451881 0.01 78 78 0 0 0
15814 0.628075 -0.000824016 -0.0631112 0.01 47 47 0 0 0
15822 0.654902 -0.000742722 -0.0232952 0.01 60 60 0 0 0
15826 0.581232 -0.000965963 -0.0417968 0.01 60 60 0 0 0
15861 0.619194 -0.000850927 -0.0807138 0.01 48 48 0 0 0
15864 0.613956 -0.000866799 -0.0181501 0.01 60 60 0 0 0
15871 0.628075 -0.000824016 -0.0631112 0.01 48 48 0 0 0
15881 0.654902 -0.000742722 -0.0232952 0.01 60 60 0 0 0
15904 0.628075 -0.000824016 -0.0631112 0.01 48 48 0 0 0
15911 0.628075 -0.000824016 -0.0631112 0.01 47 47 0 0 0
15914 0.647303 -0.00076575 -0.00689072 0.01 78 78 0 0 0
15915 0.628075 -0.000824016 -0.0540775 0.01 48 48 0 0 0
15928 0.65801 -0.000733303 -0.00451881 0.01 79 79 0 0 0
15942 0.628075 -0.000824016 -0.0631112 0.01 47 47 0 0 0
15947 0.570002 -0.000999994 -0.0419623 0.01 60 60 0 0 0
15949 0.628075 -0.000824016 -0.0631112 0.01 47 47 0 0 0
15951 0.653916 -0.000745709 -0.00451881 0.01 78 78 0 0 0
15956 0.628075 -0.000824016 -0.0629852 0.01 47 47 0 0 0
15988 0.628075 -0.000824016 -0.0631112 0.01 48 48 0 0 0
15989 0.647303 -0.00076575 -0.00689072 0.01 78 78 0 0 0
15995 0.647303 -0.00076575 -0.00689072 0.01 79 79 0 0 0
16010 0.628075 -0.000824016 -0.0631112 0.01 47 47 0 0 0
16011 0.628075 -0.000824016 -0.0631112 0.01 47 47 0 0 0
16019 0.628075 -0.000824016 -0.0631112 0.01 47 47 0 0 0
16030 0.631734 -0.000812926 -0.024664 0.01 60 60 0 0 0
16031 0.596762 -0.000918904 -0.0440675 0.01 60 60 0 0 0
16032 0.628075 -0.000824016 -0.0540775 0.01 47 47 0 0 0
16040 0.628075 -0.000824016 -0.0631112 0.01 48 48 0 0 0
16049 0.654902 -0.000742722 -0.0232952 0.01 60 60 0 0 0
16053 0.564775 -0.00101583 -0.0417968 0.01 60 60 0 0 0
16070 0.628075 -0.000824016 -0.0631112 0.01 48 48 0 0 0
16085 0.647303 -0.00076575 -0.00689072 0.01 78 78 0 0 0
16091 0.647303 -0.00076575 -0.00689072 0.01 78 78 0 0 0
16105 0.647303 -0.00076575 -0.00451881 0.01 78 78 0 0 0
16106 0.647303 -0.00076575 -0.00689072 0.01 78 78 0 0 0
16111 0.647303 -0.00076575 -0.00689072 0.01 78 78 0 0 0
16113 0.570002 -0.000999994 -0.0419623 0.01 60 60 0 0 0
16116 0.636546 -0.000798346 -0.0703458 0.01 48 48 0 0 0
16129 0.567481 -0.00100763 -0.0778373 0.01 48 48 0 0 0
16130 0.628075 -0.000824016 -0.0631112 0.01 48 48 0 0 0
16132 0.596762 -0.000918904 -0.0440675 0.01 60 60 0 0 0
16140 0.628075 -0.000824016 -0.0631112 0.01 48 48 0 0 0
16146 0.647303 -0.00076575 -0.00451881 0.01 79 79 0 0 0
16154 0.647303 -0.00076575 -0.00689072 0.01 79 79 0 0 0
16159 0.647303 -0.00076575 -0.00451881 0.01 78 78 0 0 0
16160 0.647303 -0.00076575 -0.00451881 0.01 78 78 0 0 0
16162 0.647303 -0.00076575 -0.00451881 0.01 78 78 0 0 0
16164 0.570002 -0.000999994 -0.0564484 0.01 60 60 0 0 0
16171 0.647303 -0.00076575 -0.00689072 0.01 78 78 0 0 0
16178 0.60487 -0.000894332 -0.0642004 0.01 60 60 0 0 0
16210 0.647303 -0.00076575 -0.00689072 0.01 78 78 0 0 0
16223 0.647303 -0.00076575 -0.00689072 0.01 79 79 0 0 0
16237 0.604991 -0.000893967 -0.0801686 0.01 60 60 0 0 0
16239 0.647303 -0.00076575 -0.00689072 0.01 78 78 0 0 0
16241 0.647303 -0.00076575 -0.00689072 0.01 80 80 0 0 0
16243 0.628075 -0.000824016 -0.0631112 0.01 48 48 0 0 0
16246 0.585883 -0.00095187 -0.0586546 0.01 60 60 0 0 0
16252 0.647303 -0.00076575 -0.00689072 0.01 79 79 0 0 0
16253 0.628075 -0.000824016 -0.0631112 0.01 47 47 0 0 0
16258 0.628075 -0.000824016 -0.0631112 0.01 48 48 0 0 0
16259 0.570002 -0.000999994 -0.0564484 0.01 60 60 0 0 0
16261 0.628075 -0.000824016 -0.0631112 0.01 48 48 0 0 0
16263 0.643058 -0.000778612 -0.0530411 0.01 48 48 0 0 0
16267 0.647303 -0.00076575 -0.00689072 0.01 78 78 0 0 0
16283 0.628075 -0.000824016 -0.0631112 0.01 47 47 0 0 0
16284 0.628075 -0.000824016 -0.058812 0.01 47 47 0 0 0
16293 0.628075 -0.000824016 -0.0631112 0.01 47 47 0 0 0
16298 0.570002 -0.000999994 -0.0223147 0.01 60 60 0 0 0
16303 0.628075 -0.000824016 -0.0631112 0.01 48 48 0 0 0
16314 0.570002 -0.000999994 -0.0333595 0.01 60 60 0 0 0
16320 0.617018 -0.000857521 -0.0631112 0.01 46 46 0 0 0
16340 0.647303 -0.00076575 -0.00451881 0.01 78 78 0 0 0
16343 0.647303 -0.00076575 -0.00689072 0.01 78 78 0 0 0
16356 0.643523 -0.000777202 -0.00451881 0.01 78 78 0.00892425 -0.0103925 0
16358 0.570002 -0.000999994 -0.0419623 0.01 60 60 0 0 0
16362 0.570002 -0.000999994 -0.0473344 0.01 60 60 0 0 0
16373 0.617018 -0.000857521 -0.0631112 0.01 46 46 0 0 0
16376 0.592996 -0.000930316 -0.0623073 0.01 60 60 0.00212196 0 0.01553
16381 0.594299 -0.000926368 -0.0429003 0.01 60 60 0 0 0
16392 0.628075 -0.000824016 -0.0631112 0.01 48 48 0 0 0
16398 0.647303 -0.00076575 -0.00451881 0.01 78 78 0 0 0
16399 0.647303 -0.00076575 -0.00689072 0.01 78 78 0 0 0
16404 0.647303 -0.00076575 -0.00689072 0.01 78 78 0 0 0
16407 0.61916 -0.000851029 -0.0631112 0.01 47 47 0 0 0
16438 0.647303 -0.00076575 -0.00689072 0.01 78 78 0 0 0
16450 0.554023 -0.00104842 -0.0564484 0.01 60 60 0 0 0
16451 0.647303 -0.00076575 -0.00689072 0.01 79 79 0 0 0
16462 0.628075 -0.000824016 -0.0631112 0.01 48 49 0 0 0
16468 0.594182 -0.000926721 -0.0698542 0.01 60 60 0 0 0
16469 0.594182 -0.000926721 -0.0698542 0.01 60 59 0 0 0
16471 0.570002 -0.000999994 -0.0419623 0.01 60 60 0 0 0
16475 0.647303 -0.00076575 -0.00689072 0.01 78 78 0 0 0
16489 0.647303 -0.00076575 -0.00689072 0.01 78 78 0 0 0
16502 0.584807 -0.00095513 -0.0665164 0.01 60 60 0 0 0
16503 0.571186 -0.000996407 -0.0419623 0.01 60 60 0 0 0
16505 0.628075 -0.000824016 -0.0669269 0.01 48 48 -0.000289515 0 -0.00381566
16508 0.647303 -0.00076575 -0.00689072 0.01 79 79 0 0 0
16512 0.647303 -0.00076575 -0.00689072 0.01 78 78 0 0 0
16513 0.628075 -0.000824016 -0.0631112 0.01 47 47 0 0 0
16518 0.647303 -0.00076575 -0.00689072 0.01 79 79 0 0 0
16525 0.647303 -0.00076575 -0.00689072 0.01 79 79 0 0 0
16527 0.647303 -0.00076575 -0.0091995 0.01 79 79 0 0 0
16544 0.603124 -0.000899625 -0.0558366 0.01 60 59 0 0 0
16546 0.647303 -0.00076575 -0.00689072 0.01 78 78 0 0 0
16547 0.647303 -0.00076575 -0.00451881 0.01 78 77 0 0 0
16548 0.628342 -0.000823206 -0.0631112 0.01 48 48 -0.00469609 0.00914788 0
16565 0.628075 -0.000824016 -0.0631112 0.01 47 47 0 0 0
16569 0.628075 -0.000824016 -0.0631112 0.01 47 47 0 0 0
16573 0.647303 -0.00076575 -0.013072 0.01 79 79 -0.024653 0 -0.00618132
16581 0.628075 -0.000824016 -0.0493556 0.01 48 48 0 0 0
16582 0.647303 -0.00076575 -0.00689072 0.01 78 78 0 0 0
16585 0.647303 -0.00076575 -0.00689072 0.01 79 79 0 0 0
16586 0.62809 -0.00082397 -0.0631112 0.01 47 47 -7.0706e-06 1.50204e-05 0
16595 0.630222 -0.000817509 -0.00451881 0.01 78 78 0.0149681 -0.0170805 0
16596 0.581232 -0.000965963 -0.0417968 0.01 60 60 0 0 0
16605 0.647303 -0.00076575 -0.00689072 0.01 78 78 0 0 0
16617 0.647303 -0.00076575 -0.00689072 0.01 78 78 0 0 0
16636 0.579917 -0.000969947 -0.0554484 0.01 60 60 0 0 0
16640 0.647303 -0.00076575 -0.00451881 0.01 79 79 0 0 0
16641 0.647303 -0.00076575 -0.00451881 0.01 79 79 0 0 0
16642 0.647303 -0.00076575 -0.00689072 0.01 78 78 0 0 0
16661 0.647303 -0.00076575 -0.00689072 0.01 79 79 0 0 0
16670 0.570002 -0.000999994 -0.0333595 0.01 60 60 0 0 0
16676 0.647303 -0.00076575 -0.00689072 0.01 79 79 0 0 0
16694 0.570002 -0.000999994 -0.0343243 0.01 60 60 0 0 0
16706 0.628075 -0.000824016 -0.0631112 0.01 48 48 0 0 0
16717 0.615901 -0.000860906 -0.00689072 0.01 79 79 0.00693795 -0.00774854 0
16718 0.647303 -0.00076575 -0.00689072 0.01 79 79 0 0 0
16721 0.560953 -0.00102741 -0.0486993 0.01 60 60 0 0 0
16724 0.647303 -0.00076575 -0.00451881 0.01 78 78 0 0 0
16734 0.570002 -0.000999994 -0.0343243 0.01 60 60 0 0 0
16741 0.647303 -0.00076575 -0.00451881 0.01 78 78 0 0 0
16743 0.647303 -0.00076575 -0.00451881 0.01 78 78 0 0 0
16748 0.647303 -0.00076575 -0.00689072 0.01 79 79 0 0 0
16764 0.593922 -0.000927508 -0.0501493 0.01 60 60 0 0 0
16769 0.647303 -0.00076575 -0.00689072 0.01 78 78 0 0 0
16792 0.647303 -0.00076575 -0.00689072 0.01 80 80 0 0 0
16800 0.649133 -0.000760202 -0.00689072 0.01 78 78 -0.00154215 0.00183088 0
16808 0.585883 -0.00095187 -0.0586546 0.01 60 60 0 0 0
16811 0.617018 -0.000857521 -0.0631112 0.01 46 46 0 0 0
16816 0.647303 -0.00076575 -0.00451881 0.01 80 80 0 0 0
16819 0.647303 -0.00076575 -0.00689072 0.01 80 80 0 0 0
16823 0.65801 -0.000733303 -0.00451881 0.01 80 80 0 0 0
16832 0.583484 -0.000959139 -0.0583603 0.01 60 60 0 0 0
16833 0.554023 -0.00104842 -0.0564484 0.01 60 60 0 0 0
16839 0.570002 -0.000999994 -0.0343243 0.01 60 60 0 0 0
16840 0.65801 -0.000733303 -0.00451881 0.01 80 80 0 0 0
16847 0.647303 -0.00076575 -0.00689072 0.01 79 79 0 0 0
16858 0.562436 -0.00102292 -0.0419623 0.01 60 60 0 0 0
16875 0.647303 -0.00076575 -0.00689072 0.01 79 79 0 0 0
16885 0.647303 -0.00076575 -0.00689072 0.01 79 79 0 0 0
16891 0.647303 -0.00076575 -0.00689072 0.01 80 80 0 0 0
16895 0.570002 -0.000999994 -0.0417968 0.01 60 60 0 0 0
16897 0.570002 -0.000999994 -0.0437631 0.01 60 60 0 0 0
16904 0.611632 -0.000873842 -0.0631112 0.01 48 48 0 0 0
16906 0.647303 -0.00076575 -0.00689072 0.01 78 78 0 0 0
16915 0.647303 -0.00076575 -0.00451881 0.01 79 79 0 0 0
16919 0.628075 -0.000824016 -0.0530411 0.01 48 48 0 0 0
16921 0.596762 -0.000918904 -0.0440675 0.01 60 60 0 0 0
16922 0.585883 -0.00095187 -0.0586546 0.01 60 60 0 0 0
16925 0.647303 -0.00076575 -0.00689072 0.01 80 80 0 0 0
16926 0.647303 -0.00076575 -0.00689072 0.01 79 79 0 0 0
16928 0.628075 -0.000824016 -0.058812 0.01 47 47 0 0 0
16930 0.61916 -0.000851029 -0.0631112 0.01 47 47 0 0 0
16935 0.581232 -0.000965963 -0.0417968 0.01 60 60 0 0 0
