max_pf 82 min_pf 45
individual DHm DSm DCp disp_rate patch_no b_patch_no mut_eff DDHm DDCp
14 0.521558 -0.00114679 -0.0820192 0.01 47 47 0 0 0
15 0.522087 -0.00114519 -0.0593626 0.01 46 46 0.00275061 0 0.0148794
22 0.540837 -0.00108837 -0.086 0.01 81 81 0 0 0
33 0.521558 -0.00114679 -0.0820192 0.01 46 46 0 0 0
36 0.499926 -0.00121235 -0.0833305 0.01 60 60 0 0 0
47 0.521558 -0.00114679 -0.0820192 0.01 47 47 0 0 0
51 0.521947 -0.00114562 -0.0820192 0.01 60 60 0 0 0
67 0.539165 -0.00109344 -0.0820192 0.01 47 47 0 0 0
69 0.519418 -0.00115328 -0.074242 0.01 45 45 0 0 0
70 0.518767 -0.00115525 -0.074242 0.01 45 45 0.00190464 -0.00279069 0
72 0.506922 -0.00119115 -0.0820192 0.01 47 47 0 0 0
89 0.555486 -0.00104398 -0.0820192 0.01 45 48 0 0 0
98 0.521558 -0.00114679 -0.074242 0.01 46 46 0 0 0
109 0.521558 -0.00114679 -0.0820192 0.01 46 46 0 0 0
119 0.521558 -0.00114679 -0.0820192 0.01 47 47 0 0 0
137 0.489631 -0.00124354 -0.0820192 0.01 47 47 0 0 0
144 0.521558 -0.00114679 -0.0820192 0.01 46 46 0 0 0
153 0.562327 -0.00102325 -0.0671643 0.01 60 60 0 0 0
166 0.507778 -0.00118855 -0.0602123 0.01 47 46 0 0 0
172 0.540837 -0.00108837 -0.086 0.01 81 81 0 0 0
174 0.502306 -0.00120513 -0.0642819 0.01 60 60 0 0 0
184 0.554816 -0.00104601 -0.0924473 0.01 60 60 0 0 0
198 0.521558 -0.00114679 -0.0820192 0.01 46 46 0 0 0
221 0.535783 -0.00110369 -0.0820192 0.01 46 46 0 0 0
225 0.521558 -0.00114679 -0.0820192 0.01 47 46 0 0 0
232 0.521558 -0.00114679 -0.074242 0.01 46 46 0 0 0
249 0.521558 -0.00114679 -0.074242 0.01 45 45 0 0 0
262 0.521558 -0.00114679 -0.0820192 0.01 46 46 0 0 0
266 0.50099 -0.00120912 -0.047863 0.01 60 60 0 0 0
290 0.546975 -0.00106977 -0.074242 0.01 46 46 0 0 0
328 0.501154 -0.00120862 -0.0820192 0.01 46 47 0 0 0
346 0.521558 -0.00114679 -0.074242 0.01 45 45 0 0 0
349 0.521947 -0.00114562 -0.0820192 0.01 60 59 0 0 0
358 0.497633 -0.00121929 -0.0907942 0.01 60 60 0 0 0
369 0.521558 -0.00114679 -0.074242 0.01 46 46 0 0 0
371 0.521558 -0.00114679 -0.074242 0.01 46 46 0 0 0
374 0.542263 -0.00108405 -0.086 0.01 80 80 0 0 0
377 0.528471 -0.00112584 -0.0820192 0.01 46 46 0 0 0
380 0.501154 -0.00120862 -0.0790911 0.01 45 45 0 0 0
382 0.524524 -0.00113781 -0.0764162 0.01 60 60 0 0 0
385 0.521558 -0.00114679 -0.0820192 0.01 46 46 0 0 0
387 0.521558 -0.00114679 -0.074242 0.01 45 45 0 0 0
395 0.521558 -0.00114679 -0.074242 0.01 45 47 0 0 0
408 0.521558 -0.00114679 -0.074242 0.01 45 45 0 0 0
414 0.510454 -0.00118044 -0.0689434 0.01 60 61 0 0 0
419 0.521558 -0.00114679 -0.074242 0.01 47 47 0 0 0
437 0.521558 -0.00114679 -0.0820192 0.01 47 47 0 0 0
442 0.604561 -0.00089527 -0.0744826 0.01 60 60 0 0 0
444 0.521558 -0.00114679 -0.0820192 0.01 47 47 0 0 0
445 0.529688 -0.00112216 -0.074242 0.01 45 45 -0.00542594 0.00813043 0
447 0.540837 -0.00108837 -0.086 0.01 80 80 0 0 0
463 0.521558 -0.00114679 -0.074242 0.01 46 46 0 0 0
474 0.563488 -0.00101973 -0.0697725 0.01 80 80 0 0 0
487 0.571273 -0.000996141 -0.0509352 0.01 60 60 0 0 0
491 0.521558 -0.00114679 -0.0820192 0.01 46 46 0 0 0
498 0.529466 -0.00112283 -0.0792391 0.01 47 48 0 0 0
503 0.521558 -0.00114679 -0.074242 0.01 46 46 0 0 0
511 0.521558 -0.00114679 -0.0821113 0.01 47 47 0 0 0
530 0.50099 -0.00120912 -0.0692257 0.01 60 60 0 0 0
534 0.524109 -0.00113906 -0.0788278 0.01 60 59 0 0 0
535 0.506923 -0.00119114 -0.074242 0.01 45 45 0 0 0
543 0.540837 -0.00108837 -0.091554 0.01 80 80 -0.0134324 0 -0.00555404
544 0.521947 -0.00114562 -0.0889294 0.01 60 60 0 0 0
551 0.524952 -0.00113651 -0.061103 0.01 60 60 0 0 0
557 0.521558 -0.00114679 -0.0846597 0.01 46 46 0 0 0
569 0.521558 -0.00114679 -0.074242 0.01 45 45 0 0 0
571 0.521558 -0.00114679 -0.074242 0.01 45 45 0 0 0
589 0.521006 -0.00114847 -0.0728202 0.01 60 60 0 0 0
625 0.540265 -0.00109011 -0.0820192 0.01 47 47 0 0 0
631 0.513821 -0.00117024 -0.0788278 0.01 60 60 0 0 0
637 0.564593 -0.00101638 -0.00689917 0.01 60 60 0 0 0
640 0.521558 -0.00114679 -0.08765 0.01 47 47 0 0 0
642 0.554816 -0.00104601 -0.0924473 0.01 60 60 0 0 0
644 0.522087 -0.00114519 -0.074242 0.01 46 46 0 0 0
646 0.494942 -0.00122745 -0.0729369 0.01 60 60 0 0 0
656 0.522087 -0.00114519 -0.074242 0.01 46 46 0 0 0
662 0.521558 -0.00114679 -0.074242 0.01 45 45 0 0 0
671 0.521558 -0.00114679 -0.0820192 0.01 47 47 0 0 0
678 0.521558 -0.00114679 -0.0793882 0.01 46 46 0 0 0
683 0.538335 -0.00109595 -0.0837437 0.01 47 47 0 0 0
685 0.535783 -0.00110369 -0.0730639 0.01 46 46 0 0 0
686 0.534691 -0.001107 -0.0663631 0.01 60 60 0 0 0
695 0.521558 -0.00114679 -0.074242 0.01 46 45 0 0 0
710 0.521947 -0.00114562 -0.0820192 0.01 60 60 0 0 0
714 0.521558 -0.00114679 -0.0820192 0.01 46 46 0 0 0
718 0.521558 -0.00114679 -0.0820192 0.01 46 46 0 0 0
727 0.521558 -0.00114679 -0.074242 0.01 45 45 0 0 0
730 0.521558 -0.00114679 -0.074242 0.01 46 45 0 0 0
751 0.521558 -0.00114679 -0.074242 0.01 45 45 0 0 0
753 0.499926 -0.00121235 -0.0646675 0.01 60 60 0 0 0
756 0.517478 -0.00115916 -0.0627569 0.01 46 46 0.00215907 0 0.0114851
763 0.521558 -0.00114679 -0.0846597 0.01 46 46 0 0 0
767 0.553996 -0.0010485 -0.0764162 0.01 60 60 0 0 0
783 0.521558 -0.00114679 -0.074242 0.01 46 46 0 0 0
786 0.535783 -0.00110369 -0.0820192 0.01 46 46 0 0 0
795 0.521558 -0.00114679 -0.0820192 0.01 46 46 0 0 0
799 0.521006 -0.00114847 -0.0702866 0.01 60 60 0 0 0
801 0.538335 -0.00109595 -0.0623299 0.01 47 47 0 0 0
821 0.50664 -0.001192 -0.0820192 0.01 46 46 0.010783 -0.0149179 0
827 0.542263 -0.00108405 -0.086 0.01 80 80 0 0 0
835 0.521558 -0.00114679 -0.074242 0.01 45 45 0 0 0
847 0.521558 -0.00114679 -0.074242 0.01 45 45 0 0 0
850 0.495081 -0.00122703 -0.074242 0.01 45 45 0.0189808 -0.0264763 0
860 0.52477 -0.00113706 -0.0851181 0.01 60 60 0 0 0
864 0.520644 -0.00114956 -0.0728172 0.01 60 60 0 0 0
872 0.521558 -0.00114679 -0.0820192 0.01 47 47 0 0 0
875 0.514537 -0.00116807 -0.0820192 0.01 47 47 0 0 0
879 0.535783 -0.00110369 -0.0820192 0.01 46 46 0 0 0
880 0.521558 -0.00114679 -0.0820192 0.01 46 46 0 0 0
881 0.500954 -0.00120923 -0.0820192 0.01 47 47 0 0 0
883 0.521558 -0.00114679 -0.0820192 0.01 47 47 0 0 0
888 0.521558 -0.00114679 -0.074242 0.01 46 46 0 0 0
901 0.521558 -0.00114679 -0.074242 0.01 45 45 0 0 0
910 0.524167 -0.00113889 -0.074525 0.01 60 60 0 0 0
912 0.540837 -0.00108837 -0.086 0.01 80 80 0 0 0
917 0.521558 -0.00114679 -0.0820192 0.01 47 47 0 0 0
918 0.554816 -0.00104601 -0.0924473 0.01 60 60 0 0 0
923 0.521558 -0.00114679 -0.074242 0.01 45 45 0 0 0
926 0.521558 -0.00114679 -0.0821113 0.01 46 47 0 0 0
934 0.521558 -0.00114679 -0.0820192 0.01 46 46 0 0 0
939 0.521558 -0.00114679 -0.0820192 0.01 46 46 0 0 0
960 0.494942 -0.00122745 -0.0729369 0.01 60 61 0 0 0
962 0.521558 -0.00114679 -0.074242 0.01 45 45 0 0 0
965 0.521558 -0.00114679 -0.0546161 0.01 45 45 0.00437827 0 0.0196259
967 0.521558 -0.00114679 -0.0820192 0.01 47 47 0 0 0
978 0.540837 -0.00108837 -0.086 0.01 80 80 0 0 0
979 0.521558 -0.00114679 -0.074242 0.01 45 45 0 0 0
988 0.521558 -0.00114679 -0.074242 0.01 45 45 0 0 0
992 0.571273 -0.000996141 -0.0509352 0.01 60 60 0 0 0
994 0.540837 -0.00108837 -0.086 0.01 81 81 0 0 0
1008 0.493256 -0.00123256 -0.0932724 0.01 60 59 0 0 0
1015 0.563488 -0.00101973 -0.05787 0.01 81 81 0 0 0
1035 0.521558 -0.00114679 -0.074242 0.01 46 46 0 0 0
1044 0.547917 -0.00106692 -0.074242 0.01 46 46 0 0 0
1046 0.540837 -0.00108837 -0.086 0.01 80 80 0 0 0
1049 0.556269 -0.00104161 -0.0685803 0.01 60 60 0 0 0
1050 0.518154 -0.00115711 -0.086 0.01 82 82 0 0 0
1055 0.521558 -0.00114679 -0.08765 0.01 47 47 0 0 0
1057 0.53045 -0.00111985 -0.0788278 0.01 60 60 0 0 0
1066 0.521558 -0.00114679 -0.0820192 0.01 47 47 0 0 0
1069 0.521558 -0.00114679 -0.075566 0.01 47 47 0 0 0
1079 0.542179 -0.0010843 -0.0764162 0.01 60 61 0 0 0
1080 0.512186 -0.00117519 -0.0820192 0.01 60 60 -0.00434548 0.00450647 0
1081 0.522245 -0.00114471 -0.0820192 0.01 60 60 0.00681454 -0.00743115 0
1085 0.521558 -0.00114679 -0.0793882 0.01 46 46 0 0 0
1090 0.535783 -0.00110369 -0.0730639 0.01 45 46 0 0 0
1096 0.521558 -0.00114679 -0.0820192 0.01 46 46 0 0 0
1116 0.540837 -0.00108837 -0.086 0.01 82 82 0 0 0
1122 0.538335 -0.00109595 -0.0820192 0.01 47 47 0 0 0
1127 0.521558 -0.00114679 -0.074242 0.01 46 46 0 0 0
1130 0.526049 -0.00113319 -0.079592 0.01 60 60 0 0 0
1137 0.521558 -0.00114679 -0.0820192 0.01 47 48 0 0 0
1142 0.540837 -0.00108837 -0.086 0.01 80 80 0 0 0
1150 0.521558 -0.00114679 -0.0820192 0.01 46 46 0 0 0
1152 0.501154 -0.00120862 -0.0790911 0.01 45 45 0 0 0
1159 0.542179 -0.0010843 -0.0696312 0.01 60 60 0 0 0
1163 0.556168 -0.00104191 -0.0705733 0.01 60 60 0 0 0
1168 0.521558 -0.00114679 -0.074242 0.01 45 45 0 0 0
1176 0.578705 -0.000973622 -0.0924473 0.01 60 60 0 0 0
1187 0.521558 -0.00114679 -0.074242 0.01 45 45 0 0 0
1190 0.521558 -0.00114679 -0.0820192 0.01 46 46 0 0 0
1196 0.521558 -0.00114679 -0.074242 0.01 45 45 0 0 0
1197 0.521558 -0.00114679 -0.074242 0.01 45 45 0 0 0
1204 0.501154 -0.00120862 -0.0820192 0.01 47 47 0 0 0
1206 0.524524 -0.00113781 -0.0764162 0.01 60 60 0 0 0
1225 0.521558 -0.00114679 -0.0820192 0.01 46 46 0 0 0
1241 0.512974 -0.00117281 -0.0820192 0.01 47 48 0 0 0
1261 0.521558 -0.00114679 -0.074242 0.01 46 46 0 0 0
1268 0.530156 -0.00112074 -0.0837437 0.01 47 47 0 0 0
1275 0.494942 -0.00122745 -0.0729369 0.01 60 60 0 0 0
1288 0.513294 -0.00117184 -0.074242 0.01 47 47 0 0 0
1291 0.521558 -0.00114679 -0.074242 0.01 46 46 0 0 0
1304 0.521558 -0.00114679 -0.0820192 0.01 47 47 0 0 0
1309 0.502234 -0.00120535 -0.0820192 0.01 47 47 0.0146616 -0.0193236 0
1314 0.571273 -0.000996141 -0.0509352 0.01 60 60 0 0 0
1316 0.520644 -0.00114956 -0.0728172 0.01 60 60 0 0 0
1326 0.521006 -0.00114847 -0.0702866 0.01 60 60 0 0 0
1336 0.521558 -0.00114679 -0.074242 0.01 45 45 0 0 0
1348 0.510126 -0.00118144 -0.10711 0.01 60 60 0 0 0
1352 0.522087 -0.00114519 -0.074242 0.01 46 46 0 0 0
1353 0.526049 -0.00113319 -0.0764162 0.01 60 60 0 0 0
1362 0.521558 -0.00114679 -0.0820192 0.01 46 46 0 0 0
1365 0.521558 -0.00114679 -0.0819124 0.01 46 46 1.90586e-05 0 0.000106715
1367 0.521558 -0.00114679 -0.0820192 0.01 47 47 0 0 0
1385 0.521558 -0.00114679 -0.074242 0.01 47 47 0 0 0
1394 0.530991 -0.00111821 -0.0408467 0.01 60 61 0 0 0
1398 0.497633 -0.00121929 -0.0907942 0.01 60 60 0 0 0
1420 0.539165 -0.00109344 -0.0820192 0.01 46 47 0 0 0
1434 0.546644 -0.00107077 -0.086 0.01 80 80 0 0 0
1435 0.540837 -0.00108837 -0.086 0.01 81 81 0 0 0
1440 0.540837 -0.00108837 -0.104264 0.01 80 80 0 0 0
1455 0.521558 -0.00114679 -0.0658304 0.01 45 45 0 0 0
1459 0.521558 -0.00114679 -0.0669804 0.01 45 45 0 0 0
1471 0.501154 -0.00120862 -0.0790911 0.01 45 45 0 0 0
1472 0.521558 -0.00114679 -0.0820192 0.01 47 47 0 0 0
1481 0.494942 -0.00122745 -0.0729369 0.01 60 60 0 0 0
1483 0.521558 -0.00114679 -0.074242 0.01 45 45 0 0 0
1485 0.521558 -0.00114679 -0.075566 0.01 47 47 0 0 0
1486 0.521558 -0.00114679 -0.075566 0.01 47 47 0 0 0
1488 0.521558 -0.00114679 -0.074242 0.01 46 46 0 0 0
1501 0.522087 -0.00114519 -0.074242 0.01 46 46 0 0 0
1506 0.529466 -0.00112283 -0.0837437 0.01 47 47 0 0 0
1514 0.521558 -0.00114679 -0.0820192 0.01 47 47 0 0 0
1529 0.526049 -0.00113319 -0.079592 0.01 60 60 0 0 0
1541 0.532648 -0.00111319 -0.074242 0.01 46 46 0 0 0
1543 0.521558 -0.00114679 -0.0820192 0.01 47 48 0 0 0
1544 0.521558 -0.00114679 -0.074242 0.01 45 45 0 0 0
1549 0.521558 -0.00114679 -0.0820192 0.01 47 47 0 0 0
1563 0.521558 -0.00114679 -0.074242 0.01 45 45 0 0 0
1581 0.511289 -0.00117791 -0.0913038 0.01 60 60 0 0 0
1582 0.521558 -0.00114679 -0.074242 0.01 45 45 0 0 0
1583 0.521558 -0.00114679 -0.0820192 0.01 47 47 0 0 0
1584 0.521947 -0.00114562 -0.0889294 0.01 60 60 0 0 0
1585 0.510126 -0.00118144 -0.0907942 0.01 60 60 0 0 0
1594 0.521558 -0.00114679 -0.0820192 0.01 47 47 0 0 0
1599 0.527791 -0.00112791 -0.0729369 0.01 60 60 0 0 0
1603 0.521558 -0.00114679 -0.074242 0.01 45 45 0 0 0
1605 0.521558 -0.00114679 -0.0820192 0.01 46 46 0 0 0
1610 0.521558 -0.00114679 -0.0820192 0.01 46 46 0 0 0
1612 0.542263 -0.00108405 -0.086 0.01 80 80 0 0 0
1639 0.521558 -0.00114679 -0.074242 0.01 45 45 0 0 0
1640 0.546644 -0.00107077 -0.086 0.01 81 81 0 0 0
1664 0.523652 -0.00114045 -0.0764162 0.01 60 60 0 0 0
1666 0.521558 -0.00114679 -0.074242 0.01 46 46 0 0 0
1699 0.521558 -0.00114679 -0.074242 0.01 45 45 0 0 0
1701 0.521558 -0.00114679 -0.0820192 0.01 47 47 0 0 0
1729 0.604561 -0.00089527 -0.0744826 0.01 60 60 0 0 0
1746 0.520644 -0.00114956 -0.0728172 0.01 60 60 0 0 0
1753 0.522087 -0.00114519 -0.074242 0.01 45 46 0 0 0
1759 0.521558 -0.00114679 -0.074242 0.01 45 45 0 0 0
1762 0.521558 -0.00114679 -0.074242 0.01 46 46 0 0 0
1776 0.521558 -0.00114679 -0.074242 0.01 46 46 0 0 0
1780 0.521558 -0.00114679 -0.0820192 0.01 47 47 0 0 0
1788 0.494942 -0.00122745 -0.0729369 0.01 60 60 0 0 0
1796 0.521947 -0.00114562 -0.0820192 0.01 60 60 0 0 0
1824 0.535783 -0.00110369 -0.0820192 0.01 45 46 0 0 0
1825 0.510126 -0.00118144 -0.10711 0.01 60 60 0 0 0
1830 0.521558 -0.00114679 -0.0820192 0.01 47 47 0 0 0
1834 0.521558 -0.00114679 -0.0820192 0.01 45 46 0 0 0
1840 0.521558 -0.00114679 -0.074242 0.01 46 46 0 0 0
1843 0.542263 -0.00108405 -0.086 0.01 80 80 0 0 0
1851 0.521558 -0.00114679 -0.0820192 0.01 47 47 0 0 0
1865 0.521558 -0.00114679 -0.074242 0.01 45 46 0 0 0
1867 0.540837 -0.00108837 -0.086 0.01 80 80 0 0 0
1876 0.521558 -0.00114679 -0.0821113 0.01 47 47 0 0 0
1880 0.521558 -0.00114679 -0.0820192 0.01 46 46 0 0 0
1883 0.521558 -0.00114679 -0.0820192 0.01 47 49 0 0 0
1897 0.501154 -0.00120862 -0.0790911 0.01 46 46 0 0 0
1900 0.521558 -0.00114679 -0.0820192 0.01 46 46 0 0 0
1920 0.521947 -0.00114562 -0.0820192 0.01 60 60 0 0 0
1923 0.517478 -0.00115916 -0.074242 0.01 46 46 0 0 0
1938 0.522087 -0.00114519 -0.074242 0.01 46 46 0 0 0
1942 0.515333 -0.00116566 -0.0764162 0.01 60 59 0 0 0
1944 0.541036 -0.00108777 -0.074242 0.01 46 46 0 0 0
1947 0.521558 -0.00114679 -0.0751118 0.01 47 47 0 0 0
1949 0.52327 -0.00114161 -0.0820192 0.01 46 46 0 0 0
1954 0.521558 -0.00114679 -0.0602123 0.01 45 45 0 0 0
1970 0.521558 -0.00114679 -0.0577781 0.01 45 45 0.00366499 0 0.0164639
1980 0.540837 -0.00108837 -0.086 0.01 80 80 0 0 0
1982 0.521558 -0.00114679 -0.074242 0.01 45 45 0 0 0
1988 0.521006 -0.00114847 -0.0728202 0.01 60 59 0 0 0
1993 0.521558 -0.00114679 -0.074242 0.01 47 46 0 0 0
1999 0.522087 -0.00114519 -0.074242 0.01 45 46 0 0 0
2002 0.543789 -0.00107943 -0.0820192 0.01 47 50 0 0 0
2007 0.529252 -0.00112348 -0.074242 0.01 45 45 0 0 0
2014 0.521558 -0.00114679 -0.07521 0.01 46 46 0 0 0
2016 0.521558 -0.00114679 -0.074242 0.01 45 45 0 0 0
2019 0.522717 -0.00114328 -0.0788278 0.01 60 60 0 0 0
2025 0.521558 -0.00114679 -0.0800723 0.01 46 46 0 0 0
2026 0.510126 -0.00118144 -0.0907942 0.01 60 59 0 0 0
2029 0.521558 -0.00114679 -0.074242 0.01 46 46 0 0 0
2032 0.521558 -0.00114679 -0.0820192 0.01 47 47 0 0 0
2033 0.510979 -0.00117885 -0.0807166 0.01 60 60 -0.000756174 0 -0.00430047
2035 0.521558 -0.00114679 -0.0669804 0.01 45 45 0 0 0
2037 0.541436 -0.00108656 -0.0788278 0.01 60 60 0 0 0
2038 0.521558 -0.00114679 -0.074242 0.01 47 48 0 0 0
2048 0.521015 -0.00114844 -0.0736008 0.01 60 60 0 0 0
2052 0.563079 -0.00102097 -0.0509352 0.01 60 60 0 0 0
2057 0.522087 -0.00114519 -0.074242 0.01 46 46 0 0 0
2061 0.571112 -0.00099663 -0.00689917 0.01 60 60 0 0 0
2062 0.571659 -0.000994974 -0.0755206 0.01 60 60 0 0 0
2064 0.563488 -0.00101973 -0.0697725 0.01 82 81 0 0 0
2068 0.510126 -0.00118144 -0.117156 0.01 60 60 0 0 0
2073 0.521558 -0.00114679 -0.074242 0.01 45 45 0 0 0
2077 0.540265 -0.00109011 -0.0933912 0.01 47 48 0 0 0
2080 0.522109 -0.00114512 -0.0764162 0.01 60 57 0 0 0
2082 0.50099 -0.00120912 -0.0692257 0.01 60 60 0 0 0
2085 0.540837 -0.00108837 -0.086 0.01 80 80 0 0 0
2087 0.494942 -0.00122745 -0.0729369 0.01 60 60 0 0 0
2099 0.501154 -0.00120862 -0.0790911 0.01 45 45 0 0 0
2103 0.521558 -0.00114679 -0.074242 0.01 45 45 0 0 0
2106 0.540837 -0.00108837 -0.086 0.01 80 80 0 0 0
2132 0.521558 -0.00114679 -0.074242 0.01 45 45 0 0 0
2137 0.494942 -0.00122745 -0.0729369 0.01 60 60 0 0 0
2141 0.521558 -0.00114679 -0.0820192 0.01 47 47 0 0 0
2146 0.540837 -0.00108837 -0.086 0.01 81 81 0 0 0
2163 0.535783 -0.00110369 -0.0820192 0.01 46 47 0 0 0
2184 0.538335 -0.00109595 -0.0820192 0.01 47 47 0 0 0
2192 0.521558 -0.00114679 -0.074242 0.01 46 46 0 0 0
2214 0.506078 -0.0011937 -0.0788278 0.01 60 60 0 0 0
2219 0.499926 -0.00121235 -0.0833305 0.01 60 60 0 0 0
2229 0.564593 -0.00101638 -0.00689917 0.01 60 60 0 0 0
2246 0.524952 -0.00113651 -0.061103 0.01 60 60 0 0 0
2248 0.521558 -0.00114679 -0.0820192 0.01 46 46 0 0 0
2250 0.512999 -0.00117273 -0.0820192 0.01 47 47 0 0 0
2254 0.531166 -0.00111768 -0.0408467 0.01 60 60 0 0 0
2255 0.521558 -0.00114679 -0.0820192 0.01 47 47 0 0 0
2271 0.563488 -0.00101973 -0.0697725 0.01 80 80 0 0 0
2273 0.540265 -0.00109011 -0.0820192 0.01 47 47 0 0 0
2285 0.521558 -0.00114679 -0.074242 0.01 45 45 0 0 0
2286 0.521558 -0.00114679 -0.074242 0.01 45 45 0 0 0
2293 0.535783 -0.00110369 -0.0820192 0.01 47 47 0 0 0
2305 0.535783 -0.00110369 -0.0820192 0.01 47 47 0 0 0
2326 0.501154 -0.00120862 -0.0820192 0.01 47 47 0 0 0
2328 0.522087 -0.00114519 -0.0593626 0.01 47 46 0 0 0
2334 0.532662 -0.00111315 -0.0837437 0.01 47 48 0 0 0
2337 0.521558 -0.00114679 -0.074242 0.01 45 45 0 0 0
2338 0.521558 -0.00114679 -0.074242 0.01 45 45 0 0 0
2357 0.540837 -0.00108837 -0.086 0.01 81 81 0 0 0
2363 0.540837 -0.00108837 -0.086 0.01 80 80 0 0 0
2368 0.524952 -0.00113651 -0.0440291 0.01 60 59 0 0 0
2370 0.521558 -0.00114679 -0.074242 0.01 45 45 0 0 0
2375 0.497633 -0.00121929 -0.0907942 0.01 60 60 0 0 0
2380 0.538335 -0.00109595 -0.0837437 0.01 47 47 0 0 0
2382 0.521558 -0.00114679 -0.074242 0.01 45 45 0 0 0
2387 0.521558 -0.00114679 -0.074242 0.01 47 46 0 0 0
2407 0.535783 -0.00110369 -0.0820192 0.01 47 47 0 0 0
2432 0.521558 -0.00114679 -0.0820192 0.01 46 46 0 0 0
2467 0.539165 -0.00109344 -0.0820192 0.01 47 47 0 0 0
2469 0.521558 -0.00114679 -0.074242 0.01 45 45 0 0 0
2483 0.564593 -0.00101638 -0.00689917 0.01 60 60 0 0 0
2497 0.506078 -0.0011937 -0.0788278 0.01 60 60 0 0 0
2505 0.535783 -0.00110369 -0.0820192 0.01 46 46 0 0 0
2509 0.521558 -0.00114679 -0.074242 0.01 46 46 0 0 0
2510 0.535783 -0.00110369 -0.0820192 0.01 46 46 0 0 0
2512 0.521558 -0.00114679 -0.0820192 0.01 47 49 0 0 0
2515 0.521558 -0.00114679 -0.074242 0.01 47 46 0 0 0
2520 0.540837 -0.00108837 -0.086 0.01 81 81 0 0 0
2525 0.52477 -0.00113706 -0.0764162 0.01 60 60 0 0 0
2526 0.554816 -0.00104601 -0.0924473 0.01 60 60 0 0 0
2529 0.521558 -0.00114679 -0.0820192 0.01 46 46 0 0 0
2532 0.521558 -0.00114679 -0.074242 0.01 46 46 0 0 0
2535 0.521558 -0.00114679 -0.074242 0.01 46 46 0 0 0
2540 0.521558 -0.00114679 -0.0820192 0.01 46 46 0 0 0
2542 0.521558 -0.00114679 -0.0820192 0.01 47 47 0 0 0
2558 0.559193 -0.00103275 -0.0764162 0.01 60 60 0 0 0
2563 0.527791 -0.00112791 -0.0593036 0.01 60 60 0 0 0
2573 0.500954 -0.00120923 -0.0820192 0.01 46 46 0 0 0
2583 0.521558 -0.00114679 -0.0771939 0.01 46 46 0 0 0
2588 0.522087 -0.00114519 -0.074242 0.01 46 46 0 0 0
2591 0.523417 -0.00114116 -0.074242 0.01 46 46 0 0 0
2593 0.521558 -0.00114679 -0.0820192 0.01 46 46 0 0 0
2597 0.540837 -0.00108837 -0.086 0.01 81 81 0 0 0
2599 0.540837 -0.00108837 -0.086 0.01 80 80 0 0 0
2600 0.521558 -0.00114679 -0.074242 0.01 47 46 0 0 0
2603 0.521558 -0.00114679 -0.074242 0.01 45 45 0 0 0
2608 0.526049 -0.00113319 -0.079592 0.01 60 61 0 0 0
2609 0.521558 -0.00114679 -0.0820192 0.01 47 46 0 0 0
2618 0.521558 -0.00114679 -0.0675476 0.01 45 45 0 0 0
2620 0.521558 -0.00114679 -0.074242 0.01 46 46 0 0 0
2622 0.521558 -0.00114679 -0.074242 0.01 45 45 0 0 0
2642 0.521558 -0.00114679 -0.0832649 0.01 46 46 -0.00165048 0 -0.00902292
2647 0.542263 -0.00108405 -0.086 0.01 80 80 0 0 0
2658 0.521558 -0.00114679 -0.0820192 0.01 46 47 0 0 0
2664 0.521558 -0.00114679 -0.074242 0.01 46 46 0 0 0
2686 0.500954 -0.00120923 -0.0820192 0.01 47 46 0 0 0
2699 0.521558 -0.00114679 -0.074242 0.01 45 45 0 0 0
2705 0.530508 -0.00111967 -0.0729369 0.01 60 61 0 0 0
2708 0.571659 -0.000994974 -0.0755206 0.01 60 60 0 0 0
2709 0.562327 -0.00102325 -0.0671643 0.01 60 60 0 0 0
2718 0.501154 -0.00120862 -0.0820192 0.01 47 47 0 0 0
2727 0.521558 -0.00114679 -0.0820192 0.01 47 47 0 0 0
2733 0.522087 -0.00114519 -0.074242 0.01 46 46 0 0 0
2734 0.510126 -0.00118144 -0.0907942 0.01 60 60 0 0 0
2742 0.521558 -0.00114679 -0.074242 0.01 46 46 0 0 0
2746 0.526951 -0.00113045 -0.0667382 0.01 60 61 0 0 0
2756 0.521558 -0.00114679 -0.0820192 0.01 46 46 0 0 0
2758 0.540837 -0.00108837 -0.086 0.01 80 80 0 0 0
2759 0.52994 -0.00112139 -0.0814039 0.01 47 47 0 0 0
2775 0.483916 -0.00126086 -0.0780931 0.01 60 60 0 0 0
2780 0.521558 -0.00114679 -0.0820192 0.01 47 47 0 0 0
2781 0.510126 -0.00118144 -0.0907942 0.01 60 60 0 0 0
2785 0.521015 -0.00114844 -0.0736008 0.01 60 60 0 0 0
2786 0.576044 -0.000981685 -0.0912163 0.01 60 60 0 0 0
2798 0.521558 -0.00114679 -0.0820192 0.01 47 47 0 0 0
2811 0.521558 -0.00114679 -0.0700606 0.01 46 46 0 0 0
2820 0.540837 -0.00108837 -0.095965 0.01 80 80 -0.0235646 0 -0.00996503
2825 0.521558 -0.00114679 -0.0675476 0.01 45 45 0 0 0
2830 0.521558 -0.00114679 -0.074242 0.01 45 45 0 0 0
2837 0.521558 -0.00114679 -0.074242 0.01 46 46 0 0 0
2843 0.547917 -0.00106692 -0.074242 0.01 47 46 0 0 0
2852 0.50099 -0.00120912 -0.0692257 0.01 60 60 0 0 0
2853 0.503155 -0.00120256 -0.066 0.01 60 60 0 0 0
2879 0.521558 -0.00114679 -0.074242 0.01 47 47 0 0 0
2903 0.521558 -0.00114679 -0.074242 0.01 46 46 0 0 0
2911 0.530156 -0.00112074 -0.0837437 0.01 47 47 -0.000486046 0.000689924 0
2925 0.540837 -0.00108837 -0.086 0.01 81 81 0 0 0
2950 0.521558 -0.00114679 -0.074242 0.01 45 45 0 0 0
2961 0.510979 -0.00117885 -0.0764162 0.01 60 60 0 0 0
2969 0.521558 -0.00114679 -0.074242 0.01 46 46 0 0 0
2970 0.563079 -0.00102097 -0.0509352 0.01 60 60 0 0 0
2976 0.522087 -0.00114519 -0.074242 0.01 46 46 0 0 0
2982 0.521558 -0.00114679 -0.074242 0.01 46 45 0 0 0
2983 0.521558 -0.00114679 -0.074242 0.01 46 46 0 0 0
2985 0.521558 -0.00114679 -0.0554613 0.01 45 45 0.00418727 0 0.0187807
2993 0.521947 -0.00114562 -0.0891706 0.01 60 59 0 0 0
3004 0.542179 -0.0010843 -0.0696312 0.01 60 60 0 0 0
3006 0.521558 -0.00114679 -0.074242 0.01 45 45 0 0 0
3022 0.547571 -0.00106797 -0.074242 0.01 45 46 -0.0174566 0.0260136 0
3026 0.540837 -0.00108837 -0.086 0.01 80 80 0 0 0
3041 0.521558 -0.00114679 -0.074242 0.01 45 46 0 0 0
3042 0.521947 -0.00114562 -0.0820192 0.01 60 60 0 0 0
3046 0.521558 -0.00114679 -0.074242 0.01 45 45 0 0 0
3047 0.521558 -0.00114679 -0.074242 0.01 45 45 0 0 0
3053 0.521558 -0.00114679 -0.0946776 0.01 47 47 0 0 0
3056 0.540056 -0.00109074 -0.0640276 0.01 45 45 0 0 0
3058 0.521558 -0.00114679 -0.074242 0.01 45 45 0 0 0
3062 0.526049 -0.00113319 -0.0954878 0.01 60 60 0 0 0
3071 0.521558 -0.00114679 -0.0820192 0.01 47 47 0 0 0
3086 0.521558 -0.00114679 -0.0820192 0.01 46 46 0 0 0
3087 0.541543 -0.00108623 -0.0774721 0.01 60 60 0 0 0
3093 0.521558 -0.00114679 -0.0820192 0.01 47 47 0 0 0
3095 0.540837 -0.00108837 -0.086 0.01 80 80 0 0 0
3110 0.498047 -0.00121804 -0.074242 0.01 46 46 0 0 0
3111 0.521558 -0.00114679 -0.0820192 0.01 47 47 0 0 0
3117 0.571659 -0.000994974 -0.0755206 0.01 60 60 0 0 0
3139 0.521558 -0.00114679 -0.0820192 0.01 47 47 0 0 0
3152 0.521558 -0.00114679 -0.074242 0.01 46 46 0 0 0
3169 0.540837 -0.00108837 -0.0889445 0.01 80 80 -0.00721776 0 -0.00294448
3180 0.563488 -0.00101973 -0.05787 0.01 80 79 0 0 0
3182 0.521558 -0.00114679 -0.0820192 0.01 47 47 0 0 0
3183 0.521558 -0.00114679 -0.0820192 0.01 47 47 0 0 0
3189 0.521558 -0.00114679 -0.0820192 0.01 46 46 0 0 0
3190 0.494942 -0.00122745 -0.0729369 0.01 60 60 0 0 0
3196 0.536151 -0.00110257 -0.0730639 0.01 46 46 -0.000246108 0.000368297 0
3210 0.564593 -0.00101638 -0.00689917 0.01 60 60 0 0 0
3215 0.521558 -0.00114679 -0.0820192 0.01 46 46 0 0 0
3216 0.499926 -0.00121235 -0.0833305 0.01 60 60 0 0 0
3223 0.521947 -0.00114562 -0.0820192 0.01 60 60 0 0 0
3236 0.523374 -0.00114129 -0.0928641 0.01 60 60 0 0 0
3241 0.535783 -0.00110369 -0.0820192 0.01 47 47 0 0 0
3245 0.521558 -0.00114679 -0.074242 0.01 45 45 0 0 0
3246 0.521558 -0.00114679 -0.074242 0.01 45 45 0 0 0
3249 0.521558 -0.00114679 -0.074242 0.01 45 45 0 0 0
3254 0.578705 -0.000973622 -0.0924473 0.01 60 60 0 0 0
3259 0.514301 -0.00116879 -0.0764162 0.01 60 61 0 0 0
3262 0.521558 -0.00114679 -0.074242 0.01 45 45 0 0 0
3266 0.521558 -0.00114679 -0.074242 0.01 45 45 0 0 0
3268 0.521558 -0.00114679 -0.0820192 0.01 47 47 0 0 0
3270 0.521558 -0.00114679 -0.074242 0.01 45 45 0 0 0
3272 0.538583 -0.0010952 -0.0543973 0.01 60 60 0 0 0
3281 0.521558 -0.00114679 -0.074242 0.01 45 45 0 0 0
3288 0.521558 -0.00114679 -0.074242 0.01 45 45 0 0 0
3290 0.521558 -0.00114679 -0.0820192 0.01 47 47 0 0 0
3336 0.521006 -0.00114847 -0.0728202 0.01 60 60 0 0 0
3346 0.521558 -0.00114679 -0.0846597 0.01 46 46 0 0 0
3347 0.521558 -0.00114679 -0.074242 0.01 45 45 0 0 0
3353 0.521558 -0.00114679 -0.074242 0.01 46 46 0 0 0
3356 0.521558 -0.00114679 -0.0820192 0.01 46 46 0 0 0
3360 0.521558 -0.00114679 -0.0675476 0.01 45 45 0 0 0
3365 0.521947 -0.00114562 -0.0820192 0.01 60 60 0 0 0
3383 0.50099 -0.00120912 -0.0692257 0.01 60 60 0 0 0
3404 0.540837 -0.00108837 -0.086 0.01 80 80 0 0 0
3421 0.522109 -0.00114512 -0.0738325 0.01 60 60 0 0 0
3428 0.521558 -0.00114679 -0.074242 0.01 47 46 0 0 0
3443 0.510126 -0.00118144 -0.10711 0.01 60 60 0 0 0
3446 0.521558 -0.00114679 -0.074242 0.01 45 45 0 0 0
3460 0.529537 -0.00112262 -0.10622 0.01 60 60 0.000179768 0 0.00110317
3461 0.506876 -0.00119128 -0.10711 0.01 60 60 0 0 0
3472 0.521558 -0.00114679 -0.0820192 0.01 47 47 0 0 0
3483 0.521558 -0.00114679 -0.074242 0.01 45 45 0 0 0
3491 0.521558 -0.00114679 -0.074242 0.01 46 45 0 0 0
3535 0.521558 -0.00114679 -0.0820192 0.01 47 47 0 0 0
3541 0.52477 -0.00113706 -0.0576955 0.01 60 60 0 0 0
3542 0.521558 -0.00114679 -0.074242 0.01 47 47 0 0 0
3556 0.549019 -0.00106358 -0.0850811 0.01 60 60 0 0 0
3558 0.513579 -0.00117097 -0.0820192 0.01 46 46 0 0 0
3559 0.521558 -0.00114679 -0.074242 0.01 45 45 0 0 0
3569 0.521558 -0.00114679 -0.0820192 0.01 47 47 0 0 0
3572 0.521558 -0.00114679 -0.0820192 0.01 46 46 0 0 0
3573 0.521558 -0.00114679 -0.0821113 0.01 47 47 0 0 0
3583 0.500954 -0.00120923 -0.0820192 0.01 46 46 0 0 0
3591 0.521558 -0.00114679 -0.0820192 0.01 46 46 0 0 0
3606 0.529537 -0.00112262 -0.107323 0.01 60 60 0 0 0
3609 0.521558 -0.00114679 -0.0820192 0.01 47 47 0 0 0
3610 0.510126 -0.00118144 -0.114712 0.01 60 60 0 0 0
3612 0.521558 -0.00114679 -0.0496369 0.01 46 46 0 0 0
3613 0.535783 -0.00110369 -0.0820192 0.01 46 46 0 0 0
3626 0.521558 -0.00114679 -0.074242 0.01 46 46 0 0 0
3627 0.521558 -0.00114679 -0.074242 0.01 45 45 0 0 0
3662 0.494942 -0.00122745 -0.0729369 0.01 60 60 0 0 0
3668 0.563488 -0.00101973 -0.05787 0.01 81 80 0 0 0
3671 0.521558 -0.00114679 -0.0820192 0.01 47 47 0 0 0
3676 0.494942 -0.00122745 -0.0729369 0.01 60 60 0 0 0
3689 0.521558 -0.00114679 -0.074242 0.01 45 45 0 0 0
3695 0.521558 -0.00114679 -0.0820192 0.01 46 46 0 0 0
3698 0.521558 -0.00114679 -0.0820192 0.01 47 47 0 0 0
3699 0.524952 -0.00113651 -0.0440291 0.01 60 60 0 0 0
3701 0.521558 -0.00114679 -0.074242 0.01 45 45 0 0 0
3702 0.521558 -0.00114679 -0.0820192 0.01 47 47 0 0 0
3703 0.483556 -0.00126195 -0.0907942 0.01 60 60 0 0 0
3704 0.521558 -0.00114679 -0.0820192 0.01 47 47 0 0 0
3705 0.521558 -0.00114679 -0.0820192 0.01 47 47 0 0 0
3728 0.563079 -0.00102097 -0.0509352 0.01 60 60 0 0 0
3729 0.521558 -0.00114679 -0.074242 0.01 45 45 0 0 0
3748 0.535783 -0.00110369 -0.0820192 0.01 46 46 0 0 0
3752 0.521947 -0.00114562 -0.0820192 0.01 60 59 0 0 0
3755 0.521558 -0.00114679 -0.0751118 0.01 47 47 0 0 0
3767 0.521558 -0.00114679 -0.074242 0.01 47 48 0 0 0
3769 0.521558 -0.00114679 -0.074242 0.01 45 45 0 0 0
3799 0.521558 -0.00114679 -0.0817549 0.01 45 46 4.77284e-05 0 0.000264272
3803 0.543789 -0.00107943 -0.0739922 0.01 47 50 0 0 0
3810 0.521558 -0.00114679 -0.0820192 0.01 46 46 0 0 0
3814 0.521558 -0.00114679 -0.074242 0.01 45 45 0 0 0
3822 0.538335 -0.00109595 -0.0820192 0.01 47 47 0 0 0
3823 0.521558 -0.00114679 -0.0820192 0.01 47 47 0 0 0
3825 0.523023 -0.00114236 -0.0764162 0.01 60 60 0 0 0
3844 0.521558 -0.00114679 -0.074242 0.01 45 45 0 0 0
3846 0.521558 -0.00114679 -0.074242 0.01 45 45 0 0 0
3853 0.521558 -0.00114679 -0.0820192 0.01 46 46 0 0 0
3857 0.521558 -0.00114679 -0.074242 0.01 45 45 0 0 0
3861 0.521947 -0.00114562 -0.0820192 0.01 60 60 0 0 0
3865 0.521558 -0.00114679 -0.0820192 0.01 47 47 0 0 0
3866 0.542263 -0.00108405 -0.086 0.01 80 80 0 0 0
3870 0.513579 -0.00117097 -0.0820192 0.01 46 46 0 0 0
3875 0.521558 -0.00114679 -0.0771939 0.01 46 46 0 0 0
3887 0.521558 -0.00114679 -0.0669804 0.01 45 45 0 0 0
3889 0.526049 -0.00113319 -0.0954878 0.01 60 60 0 0 0
3895 0.538335 -0.00109595 -0.0820192 0.01 47 47 0 0 0
3901 0.521558 -0.00114679 -0.074242 0.01 45 45 0 0 0
3903 0.521558 -0.00114679 -0.0793882 0.01 46 46 0 0 0
3906 0.521558 -0.00114679 -0.074242 0.01 45 46 0 0 0
3908 0.50099 -0.00120912 -0.0542334 0.01 60 59 0 0 0
3909 0.521558 -0.00114679 -0.074242 0.01 45 45 0 0 0
3916 0.563488 -0.00101973 -0.0697725 0.01 80 80 0 0 0
3917 0.521558 -0.00114679 -0.0697241 0.01 47 47 0 0 0
3924 0.528952 -0.00112439 -0.0820192 0.01 47 47 -0.010642 0.0145836 0
3934 0.487004 -0.0012515 -0.066 0.01 60 59 0 0 0
3939 0.521558 -0.00114679 -0.0675476 0.01 45 45 0 0 0
3945 0.517478 -0.00115916 -0.074242 0.01 46 46 0 0 0
3949 0.527791 -0.00112791 -0.0593036 0.01 60 60 0 0 0
3952 0.533732 -0.0011099 -0.0764162 0.01 60 60 0 0 0
3962 0.540837 -0.00108837 -0.086 0.01 82 82 0 0 0
3965 0.526348 -0.00113228 -0.074242 0.01 45 45 0 0 0
3966 0.521558 -0.00114679 -0.0820192 0.01 47 47 0 0 0
3969 0.521558 -0.00114679 -0.0820192 0.01 47 47 0 0 0
3970 0.521558 -0.00114679 -0.074242 0.01 45 45 0 0 0
3971 0.521558 -0.00114679 -0.0675476 0.01 45 45 0 0 0
3973 0.540837 -0.00108837 -0.100783 0.01 80 80 -0.0341186 0 -0.0147832
3980 0.521558 -0.00114679 -0.074242 0.01 45 45 0 0 0
3985 0.518154 -0.00115711 -0.086 0.01 82 82 0 0 0
3999 0.521006 -0.00114847 -0.0702866 0.01 60 60 0 0 0
4005 0.522087 -0.00114519 -0.074242 0.01 46 46 0 0 0
4009 0.522087 -0.00114519 -0.074242 0.01 46 46 0 0 0
4013 0.521558 -0.00114679 -0.074242 0.01 46 46 0 0 0
4022 0.521558 -0.00114679 -0.074242 0.01 46 46 0 0 0
4031 0.50099 -0.00120912 -0.0542334 0.01 60 60 0 0 0
4047 0.519418 -0.00115328 -0.074242 0.01 46 45 0 0 0
4063 0.521558 -0.00114679 -0.074242 0.01 47 47 0 0 0
4067 0.521558 -0.00114679 -0.0820192 0.01 46 46 0 0 0
4072 0.521558 -0.00114679 -0.0744388 0.01 45 45 0 0 0
4073 0.497633 -0.00121929 -0.0907942 0.01 60 60 0 0 0
4078 0.521558 -0.00114679 -0.0821113 0.01 47 47 0 0 0
4080 0.521558 -0.00114679 -0.0820192 0.01 47 47 0 0 0
4083 0.521558 -0.00114679 -0.0669804 0.01 45 45 0 0 0
4094 0.521558 -0.00114679 -0.074242 0.01 45 45 0 0 0
4103 0.522109 -0.00114512 -0.0764162 0.01 60 60 0 0 0
4119 0.604561 -0.00089527 -0.0744826 0.01 60 60 0 0 0
4121 0.494942 -0.00122745 -0.0729369 0.01 60 60 0 0 0
4125 0.517776 -0.00115825 -0.0788278 0.01 60 60 0 0 0
4131 0.538335 -0.00109595 -0.0672311 0.01 47 48 0 0 0
4139 0.533732 -0.0011099 -0.0764162 0.01 60 60 0 0 0
4140 0.521558 -0.00114679 -0.0820192 0.01 47 47 0 0 0
4145 0.522087 -0.00114519 -0.074242 0.01 46 46 0 0 0
4148 0.524952 -0.00113651 -0.0440291 0.01 60 60 0 0 0
4165 0.521558 -0.00114679 -0.074242 0.01 47 47 0 0 0
4192 0.54863 -0.00106476 -0.0788278 0.01 60 60 -0.0160067 0.0181797 0
4197 0.521947 -0.00114562 -0.0820192 0.01 60 61 0 0 0
4210 0.521558 -0.00114679 -0.074242 0.01 45 45 0 0 0
4211 0.503269 -0.00120221 -0.0820192 0.01 46 46 0.0133109 -0.0182883 0
4216 0.529537 -0.00112262 -0.107323 0.01 60 60 0 0 0
4225 0.521558 -0.00114679 -0.074242 0.01 45 45 0 0 0
4226 0.521558 -0.00114679 -0.074242 0.01 46 46 0 0 0
4236 0.521558 -0.00114679 -0.0820192 0.01 47 47 0 0 0
4239 0.521558 -0.00114679 -0.074242 0.01 47 47 0 0 0
4253 0.540265 -0.00109011 -0.0820192 0.01 47 47 0 0 0
4261 0.521558 -0.00114679 -0.0820192 0.01 47 49 0 0 0
4272 0.50664 -0.001192 -0.0820192 0.01 46 46 0 0 0
4316 0.523998 -0.0011394 -0.0820192 0.01 60 60 0 0 0
4333 0.526348 -0.00113228 -0.074242 0.01 45 45 0 0 0
4334 0.521558 -0.00114679 -0.075566 0.01 47 47 0 0 0
4337 0.540837 -0.00108837 -0.086 0.01 80 80 0 0 0
4340 0.521558 -0.00114679 -0.074242 0.01 46 47 0 0 0
4343 0.514294 -0.00116881 -0.0820192 0.01 60 60 0 0 0
4351 0.521558 -0.00114679 -0.074242 0.01 45 45 0 0 0
4360 0.538335 -0.00109595 -0.0820192 0.01 47 47 0 0 0
4366 0.521558 -0.00114679 -0.074242 0.01 45 45 0 0 0
4398 0.498047 -0.00121804 -0.074242 0.01 46 46 0.0178126 -0.0240399 0
4400 0.521558 -0.00114679 -0.0820192 0.01 46 46 0 0 0
4410 0.521558 -0.00114679 -0.074242 0.01 46 46 0 0 0
4424 0.521558 -0.00114679 -0.074242 0.01 45 45 0 0 0
4441 0.510126 -0.00118144 -0.117156 0.01 60 60 0 0 0
4475 0.521558 -0.00114679 -0.074242 0.01 46 46 0 0 0
4479 0.521558 -0.00114679 -0.074242 0.01 45 45 0 0 0
4480 0.540837 -0.00108837 -0.086 0.01 81 81 0 0 0
4491 0.521558 -0.00114679 -0.0820192 0.01 47 47 0 0 0
4495 0.522281 -0.0011446 -0.0730639 0.01 46 46 0.00927435 -0.0135019 0
4500 0.521558 -0.00114679 -0.0820192 0.01 47 47 0 0 0
4514 0.521558 -0.00114679 -0.0820192 0.01 47 47 0 0 0
4515 0.521558 -0.00114679 -0.074242 0.01 47 47 0 0 0
4527 0.522087 -0.00114519 -0.074242 0.01 46 46 0 0 0
4532 0.526049 -0.00113319 -0.0954878 0.01 60 60 0 0 0
4544 0.521558 -0.00114679 -0.0820192 0.01 47 47 0 0 0
4556 0.521558 -0.00114679 -0.074242 0.01 46 46 0 0 0
4557 0.507778 -0.00118855 -0.0602123 0.01 46 46 0 0 0
4559 0.521558 -0.00114679 -0.074242 0.01 47 46 0 0 0
4571 0.521558 -0.00114679 -0.074242 0.01 46 46 0 0 0
4572 0.521558 -0.00114679 -0.0820192 0.01 46 46 0 0 0
4575 0.521558 -0.00114679 -0.0820192 0.01 46 47 0 0 0
4577 0.526049 -0.00113319 -0.079592 0.01 60 60 0 0 0
4585 0.521558 -0.00114679 -0.0820192 0.01 47 47 0 0 0
4586 0.501154 -0.00120862 -0.0790911 0.01 46 46 0 0 0
4594 0.540837 -0.00108837 -0.086 0.01 81 81 0 0 0
4602 0.521558 -0.00114679 -0.074242 0.01 46 46 0 0 0
4605 0.532558 -0.00111346 -0.0764162 0.01 60 60 0 0 0
4614 0.539165 -0.00109344 -0.0820192 0.01 47 47 0 0 0
4615 0.521558 -0.00114679 -0.080187 0.01 47 46 0 0 0
4618 0.521558 -0.00114679 -0.074242 0.01 45 45 0 0 0
4623 0.521558 -0.00114679 -0.0820192 0.01 47 47 0 0 0
4632 0.521558 -0.00114679 -0.074242 0.01 45 45 0 0 0
4636 0.521558 -0.00114679 -0.0496369 0.01 45 45 0 0 0
4663 0.540837 -0.00108837 -0.086 0.01 81 80 0 0 0
4681 0.50099 -0.00120912 -0.0692257 0.01 60 60 0 0 0
4693 0.501154 -0.00120862 -0.0820192 0.01 47 47 0 0 0
4694 0.521558 -0.00114679 -0.0820192 0.01 47 48 0 0 0
4703 0.521558 -0.00114679 -0.0820192 0.01 47 47 0 0 0
4705 0.521558 -0.00114679 -0.0793882 0.01 46 46 0 0 0
4724 0.506078 -0.0011937 -0.0650681 0.01 60 60 0 0 0
4726 0.521558 -0.00114679 -0.074242 0.01 45 45 0 0 0
4737 0.522109 -0.00114512 -0.0764162 0.01 60 60 0 0 0
4748 0.546975 -0.00106977 -0.074242 0.01 46 46 0 0 0
4756 0.521558 -0.00114679 -0.074242 0.01 47 47 0 0 0
4760 0.530508 -0.00111967 -0.0729369 0.01 60 61 0 0 0
4764 0.521558 -0.00114679 -0.074242 0.01 46 46 0 0 0
4768 0.521558 -0.00114679 -0.074242 0.01 45 46 0 0 0
4782 0.535783 -0.00110369 -0.0820192 0.01 47 46 0 0 0
4783 0.52477 -0.00113706 -0.0764162 0.01 60 60 0 0 0
4784 0.521558 -0.00114679 -0.074242 0.01 47 47 0 0 0
4785 0.521558 -0.00114679 -0.074242 0.01 46 46 0 0 0
4787 0.521558 -0.00114679 -0.0744388 0.01 45 45 0 0 0
4792 0.521558 -0.00114679 -0.0820192 0.01 47 47 0 0 0
4794 0.501705 -0.00120696 -0.0820192 0.01 47 47 0 0 0
4797 0.521558 -0.00114679 -0.0820192 0.01 47 47 0 0 0
4807 0.521558 -0.00114679 -0.0820192 0.01 46 46 0 0 0
4816 0.538335 -0.00109595 -0.0820192 0.01 47 47 0 0 0
4827 0.521558 -0.00114679 -0.074242 0.01 47 47 0 0 0
4828 0.523023 -0.00114236 -0.0764162 0.01 60 60 0 0 0
4834 0.554816 -0.00104601 -0.0924473 0.01 60 60 0 0 0
4838 0.521558 -0.00114679 -0.0793882 0.01 46 46 0 0 0
4846 0.5332 -0.00111152 -0.0837437 0.01 47 49 0 0 0
4849 0.522087 -0.00114519 -0.074242 0.01 46 46 0 0 0
4853 0.521558 -0.00114679 -0.0820192 0.01 46 46 0 0 0
4860 0.521558 -0.00114679 -0.0748792 0.01 47 47 0 0 0
4861 0.539818 -0.00109146 -0.0672311 0.01 47 47 0 0 0
4865 0.526951 -0.00113045 -0.0441117 0.01 60 60 0.00383765 0 0.0226266
4867 0.521558 -0.00114679 -0.0861294 0.01 47 48 0 0 0
4869 0.522087 -0.00114519 -0.074242 0.01 46 46 0 0 0
4873 0.521558 -0.00114679 -0.074242 0.01 45 45 0 0 0
4874 0.483556 -0.00126195 -0.0907942 0.01 60 60 0 0 0
4881 0.521558 -0.00114679 -0.0820192 0.01 46 46 0 0 0
4895 0.521558 -0.00114679 -0.074242 0.01 45 45 0 0 0
4899 0.521558 -0.00114679 -0.07521 0.01 46 46 0.00124592 0 0.00680912
4908 0.540837 -0.00108837 -0.086 0.01 81 81 0 0 0
4911 0.521558 -0.00114679 -0.074242 0.01 46 46 0 0 0
4916 0.521558 -0.00114679 -0.0820192 0.01 46 46 0 0 0
4917 0.521558 -0.00114679 -0.0820192 0.01 46 47 0 0 0
4918 0.501705 -0.00120696 -0.0820192 0.01 47 47 0 0 0
4923 0.521558 -0.00114679 -0.0820192 0.01 46 47 0 0 0
4934 0.521558 -0.00114679 -0.074242 0.01 46 46 0 0 0
4940 0.521558 -0.00114679 -0.0820192 0.01 47 46 0 0 0
4951 0.521558 -0.00114679 -0.0847986 0.01 47 47 0 0 0
4961 0.520956 -0.00114862 -0.0820192 0.01 47 47 0 0 0
4974 0.549387 -0.00106246 -0.0820192 0.01 47 47 0 0 0
4982 0.522592 -0.00114366 -0.0820192 0.01 60 60 -0.000598222 0.000645161 0
4990 0.521558 -0.00114679 -0.0861294 0.01 47 47 0 0 0
4991 0.521558 -0.00114679 -0.0820192 0.01 46 46 0 0 0
5004 0.511071 -0.00117857 -0.0729369 0.01 60 60 0 0 0
5007 0.521558 -0.00114679 -0.0820192 0.01 47 47 0 0 0
5025 0.521558 -0.00114679 -0.074242 0.01 46 46 0 0 0
5036 0.521558 -0.00114679 -0.074242 0.01 45 45 0 0 0
5063 0.521558 -0.00114679 -0.074242 0.01 45 45 0 0 0
5068 0.521558 -0.00114679 -0.0820192 0.01 47 47 0 0 0
5087 0.510126 -0.00118144 -0.0907942 0.01 60 60 0 0 0
5090 0.521558 -0.00114679 -0.0820192 0.01 46 46 0 0 0
5093 0.521558 -0.00114679 -0.074242 0.01 47 47 0 0 0
5102 0.521558 -0.00114679 -0.074242 0.01 46 46 0 0 0
5105 0.50099 -0.00120912 -0.0631926 0.01 60 60 0 0 0
5113 0.521558 -0.00114679 -0.074242 0.01 47 47 0 0 0
5119 0.521558 -0.00114679 -0.0820192 0.01 46 46 0 0 0
5120 0.521947 -0.00114562 -0.0889294 0.01 60 60 0 0 0
5126 0.521558 -0.00114679 -0.074242 0.01 45 45 0 0 0
5129 0.521558 -0.00114679 -0.0820192 0.01 47 47 0 0 0
5130 0.540837 -0.00108837 -0.086 0.01 80 80 0 0 0
5132 0.564593 -0.00101638 -0.00689917 0.01 60 60 0 0 0
5133 0.521558 -0.00114679 -0.074242 0.01 45 45 0 0 0
5143 0.540837 -0.00108837 -0.086 0.01 80 80 0 0 0
5150 0.521558 -0.00114679 -0.0818944 0.01 47 47 0 0 0
5162 0.540837 -0.00108837 -0.086 0.01 80 80 0 0 0
5164 0.485417 -0.00125631 -0.0960052 0.01 60 60 0 0 0
5165 0.523023 -0.00114236 -0.0764162 0.01 60 60 0 0 0
5172 0.521558 -0.00114679 -0.074242 0.01 46 46 0 0 0
5180 0.521558 -0.00114679 -0.074242 0.01 45 45 0 0 0
5188 0.521558 -0.00114679 -0.074242 0.01 46 46 0 0 0
5190 0.547917 -0.00106692 -0.074242 0.01 46 46 0 0 0
5196 0.540837 -0.00108837 -0.086 0.01 81 81 0 0 0
5200 0.521558 -0.00114679 -0.0820192 0.01 47 47 0 0 0
5202 0.540837 -0.00108837 -0.086 0.01 81 81 0 0 0
5205 0.540837 -0.00108837 -0.086 0.01 81 81 0 0 0
5212 0.526049 -0.00113319 -0.0764162 0.01 60 59 0 0 0
5227 0.535783 -0.00110369 -0.0820192 0.01 46 46 0 0 0
5228 0.521558 -0.00114679 -0.074242 0.01 45 45 0 0 0
5230 0.521558 -0.00114679 -0.0820192 0.01 47 47 0 0 0
5239 0.521558 -0.00114679 -0.074242 0.01 45 45 0 0 0
5241 0.521558 -0.00114679 -0.0820192 0.01 46 47 0 0 0
5258 0.501705 -0.00120696 -0.0820192 0.01 47 47 0 0 0
5269 0.535783 -0.00110369 -0.0820192 0.01 47 47 0 0 0
5274 0.539165 -0.00109344 -0.0820192 0.01 47 47 0 0 0
5288 0.521558 -0.00114679 -0.0820192 0.01 46 47 0 0 0
5289 0.560767 -0.00102798 -0.046978 0.01 60 61 0 0 0
5290 0.549019 -0.00106358 -0.0850811 0.01 60 60 0 0 0
5295 0.522717 -0.00114328 -0.0870561 0.01 60 60 0 0 0
5307 0.521558 -0.00114679 -0.0820192 0.01 45 46 0 0 0
5317 0.521558 -0.00114679 -0.0820192 0.01 47 47 0 0 0
5321 0.521558 -0.00114679 -0.0820192 0.01 46 46 0 0 0
5322 0.521558 -0.00114679 -0.074242 0.01 46 46 0 0 0
5327 0.563079 -0.00102097 -0.0509352 0.01 60 60 0 0 0
5334 0.521558 -0.00114679 -0.0793882 0.01 46 46 0 0 0
5337 0.521558 -0.00114679 -0.0820192 0.01 46 46 0 0 0
5340 0.521558 -0.00114679 -0.0820192 0.01 47 47 0 0 0
5347 0.521558 -0.00114679 -0.0820192 0.01 47 47 0 0 0
5351 0.521558 -0.00114679 -0.0793882 0.01 46 46 0 0 0
5352 0.507129 -0.00119052 -0.0593626 0.01 46 46 0 0 0
5383 0.521947 -0.00114562 -0.0820192 0.01 60 60 0 0 0
5393 0.521558 -0.00114679 -0.0732621 0.01 47 47 0 0 0
5406 0.521558 -0.00114679 -0.074242 0.01 45 45 0 0 0
5407 0.521558 -0.00114679 -0.074242 0.01 45 45 0 0 0
5453 0.521558 -0.00114679 -0.0820192 0.01 47 47 0 0 0
5463 0.521558 -0.00114679 -0.074242 0.01 47 47 0 0 0
5481 0.506922 -0.00119115 -0.0820192 0.01 47 47 0 0 0
5484 0.521558 -0.00114679 -0.074242 0.01 46 46 0 0 0
5493 0.521558 -0.00114679 -0.0820192 0.01 45 46 0 0 0
5494 0.51247 -0.00117433 -0.074242 0.01 46 46 0.00654517 -0.00908762 0
5503 0.500954 -0.00120923 -0.0820192 0.01 46 46 0 0 0
5504 0.522721 -0.00114327 -0.0820192 0.01 47 47 0 0 0
5506 0.521558 -0.00114679 -0.0820192 0.01 47 47 0 0 0
5515 0.521558 -0.00114679 -0.074242 0.01 46 46 0 0 0
5518 0.490622 -0.00124054 -0.0820192 0.01 47 47 0.00851628 -0.0105326 0
5526 0.521558 -0.00114679 -0.074242 0.01 46 46 0 0 0
5532 0.521558 -0.00114679 -0.074242 0.01 45 45 0 0 0
5536 0.540837 -0.00108837 -0.086 0.01 80 80 0 0 0
5553 0.521558 -0.00114679 -0.074242 0.01 45 45 0 0 0
5559 0.521558 -0.00114679 -0.0820192 0.01 46 46 0 0 0
5567 0.540837 -0.00108837 -0.086 0.01 80 80 0 0 0
5569 0.521558 -0.00114679 -0.0820192 0.01 47 47 0 0 0
5572 0.521558 -0.00114679 -0.0820192 0.01 47 47 0 0 0
5574 0.521558 -0.00114679 -0.0820192 0.01 46 46 0 0 0
5579 0.521558 -0.00114679 -0.0577781 0.01 45 45 0 0 0
5602 0.512999 -0.00117273 -0.0840921 0.01 47 47 0 0 0
5606 0.521558 -0.00114679 -0.074242 0.01 46 46 0 0 0
5620 0.489631 -0.00124354 -0.0820192 0.01 47 47 0.0248502 -0.0319268 0
5627 0.535783 -0.00110369 -0.0820192 0.01 47 46 0 0 0
5631 0.521015 -0.00114844 -0.0736008 0.01 60 60 0 0 0
5650 0.521558 -0.00114679 -0.0820192 0.01 47 47 0 0 0
5656 0.521558 -0.00114679 -0.0820192 0.01 47 47 0 0 0
5667 0.519418 -0.00115328 -0.074242 0.01 45 45 0 0 0
5678 0.521558 -0.00114679 -0.0820192 0.01 46 46 0 0 0
5691 0.563079 -0.00102097 -0.0509352 0.01 60 60 0 0 0
5697 0.521558 -0.00114679 -0.0820192 0.01 47 47 0 0 0
5712 0.540837 -0.00108837 -0.086 0.01 81 81 0 0 0
5723 0.521558 -0.00114679 -0.074242 0.01 45 45 0 0 0
5734 0.521558 -0.00114679 -0.074242 0.01 45 45 0 0 0
5735 0.546644 -0.00107077 -0.086 0.01 80 80 0 0 0
5745 0.521558 -0.00114679 -0.0820192 0.01 47 47 0 0 0
5756 0.538335 -0.00109595 -0.0780891 0.01 47 48 0 0 0
5771 0.521558 -0.00114679 -0.074242 0.01 46 45 0 0 0
5774 0.521558 -0.00114679 -0.0496369 0.01 45 45 0 0 0
5777 0.521558 -0.00114679 -0.0820192 0.01 47 47 0 0 0
5794 0.507778 -0.00118855 -0.0602123 0.01 45 45 0 0 0
5803 0.540837 -0.00108837 -0.086 0.01 80 80 0 0 0
5821 0.521558 -0.00114679 -0.0820192 0.01 46 46 0 0 0
5824 0.501705 -0.00120696 -0.0820192 0.01 47 47 0 0 0
5827 0.521558 -0.00114679 -0.074242 0.01 47 47 0 0 0
5839 0.507129 -0.00119052 -0.0593626 0.01 46 46 0.0110503 -0.0149576 0
5874 0.521558 -0.00114679 -0.074242 0.01 46 46 0 0 0
5883 0.521558 -0.00114679 -0.0820192 0.01 47 47 0 0 0
5891 0.521558 -0.00114679 -0.074242 0.01 45 45 0 0 0
5911 0.494942 -0.00122745 -0.0729369 0.01 60 60 0 0 0
5921 0.535783 -0.00110369 -0.0820192 0.01 47 47 0 0 0
5944 0.538335 -0.00109595 -0.0623299 0.01 46 47 0 0 0
5949 0.521558 -0.00114679 -0.0820192 0.01 47 48 0 0 0
5955 0.540837 -0.00108837 -0.086 0.01 81 81 0 0 0
5962 0.521558 -0.00114679 -0.0820192 0.01 45 46 0 0 0
5963 0.521558 -0.00114679 -0.0771939 0.01 46 46 0 0 0
5967 0.521558 -0.00114679 -0.074242 0.01 46 46 0 0 0
5969 0.521558 -0.00114679 -0.074242 0.01 45 45 0 0 0
5970 0.540837 -0.00108837 -0.086 0.01 81 81 0 0 0
5980 0.526049 -0.00113319 -0.0764162 0.01 60 60 0 0 0
5981 0.564593 -0.00101638 -0.00689917 0.01 60 60 0 0 0
5985 0.513101 -0.00117242 -0.0788278 0.01 60 59 0 0 0
5986 0.521558 -0.00114679 -0.074242 0.01 46 46 0 0 0
5987 0.521558 -0.00114679 -0.0820192 0.01 47 47 0 0 0
5989 0.521558 -0.00114679 -0.0820192 0.01 47 47 0 0 0
5991 0.521558 -0.00114679 -0.0820192 0.01 47 47 0 0 0
5996 0.510454 -0.00118044 -0.0729369 0.01 60 61 0 0 0
6012 0.521558 -0.00114679 -0.074242 0.01 46 46 0 0 0
6017 0.521558 -0.00114679 -0.0748792 0.01 47 47 0 0 0
6021 0.521558 -0.00114679 -0.0820192 0.01 47 47 0 0 0
6024 0.521558 -0.00114679 -0.0820192 0.01 47 47 0 0 0
6025 0.521558 -0.00114679 -0.074242 0.01 46 46 0 0 0
6039 0.535783 -0.00110369 -0.0820192 0.01 47 47 0 0 0
6050 0.535783 -0.00110369 -0.0820192 0.01 46 46 0 0 0
6055 0.522374 -0.00114432 -0.0764162 0.01 60 61 0 0 0
6056 0.521558 -0.00114679 -0.074242 0.01 45 45 0 0 0
6065 0.540837 -0.00108837 -0.086 0.01 80 80 0 0 0
6072 0.521558 -0.00114679 -0.074242 0.01 45 45 0 0 0
6106 0.521558 -0.00114679 -0.074242 0.01 45 45 0 0 0
6109 0.521558 -0.00114679 -0.074242 0.01 45 45 0 0 0
6115 0.521558 -0.00114679 -0.074242 0.01 45 45 0 0 0
6146 0.521558 -0.00114679 -0.074242 0.01 45 45 0 0 0
6154 0.521558 -0.00114679 -0.074242 0.01 45 45 0 0 0
6155 0.540265 -0.00109011 -0.0933912 0.01 47 48 0 0 0
6156 0.513101 -0.00117242 -0.0788278 0.01 60 60 0 0 0
6157 0.521558 -0.00114679 -0.0751118 0.01 47 47 0 0 0
6163 0.517137 -0.00116019 -0.0907942 0.01 60 60 -0.00664958 0.00701088 0
6166 0.521558 -0.00114679 -0.0820192 0.01 47 47 0 0 0
6171 0.521558 -0.00114679 -0.074242 0.01 46 46 0 0 0
6172 0.521558 -0.00114679 -0.0820192 0.01 46 46 0 0 0
6178 0.521558 -0.00114679 -0.074242 0.01 45 45 0 0 0
6184 0.494942 -0.00122745 -0.0729369 0.01 60 60 0 0 0
6191 0.540837 -0.00108837 -0.086 0.01 81 81 0 0 0
6196 0.538335 -0.00109595 -0.0837437 0.01 47 47 0 0 0
6204 0.521558 -0.00114679 -0.074242 0.01 46 47 0 0 0
6210 0.522087 -0.00114519 -0.074242 0.01 46 46 0 0 0
6211 0.563488 -0.00101973 -0.0697725 0.01 81 81 0 0 0
6213 0.494942 -0.00122745 -0.0667669 0.01 60 60 0.00114703 0 0.00617001
6222 0.521558 -0.00114679 -0.0820192 0.01 46 46 0 0 0
6253 0.521558 -0.00114679 -0.074242 0.01 45 46 0 0 0
6256 0.544974 -0.00107584 -0.0780313 0.01 47 47 0 0 0
6260 0.521558 -0.00114679 -0.0820192 0.01 47 47 0 0 0
6266 0.535783 -0.00110369 -0.0820192 0.01 47 47 0 0 0
6268 0.521558 -0.00114679 -0.0820192 0.01 47 47 0 0 0
6269 0.521558 -0.00114679 -0.0820192 0.01 47 47 0 0 0
6290 0.521558 -0.00114679 -0.0820192 0.01 47 46 0 0 0
6291 0.521947 -0.00114562 -0.0820192 0.01 60 60 0 0 0
6292 0.521558 -0.00114679 -0.0820192 0.01 47 47 0 0 0
6299 0.521558 -0.00114679 -0.0820192 0.01 47 46 0 0 0
6301 0.52252 -0.00114388 -0.0820192 0.01 47 47 0 0 0
6316 0.517478 -0.00115916 -0.074242 0.01 46 46 0 0 0
6318 0.529537 -0.00112262 -0.107323 0.01 60 60 0 0 0
6319 0.523465 -0.00114101 -0.074242 0.01 47 47 -0.0013963 0.00190741 0
6320 0.521558 -0.00114679 -0.074242 0.01 45 45 0 0 0
6322 0.535783 -0.00110369 -0.0820192 0.01 46 46 0 0 0
6331 0.510979 -0.00117885 -0.0764162 0.01 60 60 0 0 0
6334 0.535783 -0.00110369 -0.0820192 0.01 47 47 0 0 0
6340 0.540837 -0.00108837 -0.086 0.01 81 81 0 0 0
6349 0.543789 -0.00107943 -0.0739922 0.01 47 47 0 0 0
6384 0.554816 -0.00104601 -0.0924473 0.01 60 60 0 0 0
6385 0.540837 -0.00108837 -0.086 0.01 80 80 0 0 0
6387 0.521558 -0.00114679 -0.0820192 0.01 47 47 0 0 0
6416 0.540837 -0.00108837 -0.086 0.01 81 81 0 0 0
6438 0.521558 -0.00114679 -0.074242 0.01 45 45 0 0 0
6452 0.527791 -0.00112791 -0.0729369 0.01 60 60 0 0 0
6463 0.521558 -0.00114679 -0.0820192 0.01 47 47 0 0 0
6466 0.521558 -0.00114679 -0.0820192 0.01 47 47 0 0 0
6467 0.521558 -0.00114679 -0.074242 0.01 46 45 0 0 0
6474 0.540837 -0.00108837 -0.086 0.01 80 80 0 0 0
6476 0.521558 -0.00114679 -0.0820192 0.01 47 49 0 0 0
6487 0.521558 -0.00114679 -0.0820192 0.01 46 46 0 0 0
6492 0.521558 -0.00114679 -0.074242 0.01 45 45 0 0 0
6502 0.521558 -0.00114679 -0.0820192 0.01 47 46 0 0 0
6504 0.563488 -0.00101973 -0.0697725 0.01 80 80 0 0 0
6508 0.520644 -0.00114956 -0.0728172 0.01 60 60 0 0 0
6514 0.523235 -0.00114171 -0.0713274 0.01 46 46 0 0 0
6534 0.529676 -0.00112219 -0.0820192 0.01 60 61 0 0 0
6535 0.521558 -0.00114679 -0.0821113 0.01 46 47 0 0 0
6538 0.499926 -0.00121235 -0.0833305 0.01 60 60 0 0 0
6543 0.521558 -0.00114679 -0.0820192 0.01 47 47 0 0 0
6547 0.523023 -0.00114236 -0.0764162 0.01 60 60 0 0 0
6551 0.526835 -0.0011308 -0.0820192 0.01 47 48 0 0 0
6552 0.539165 -0.00109344 -0.0820192 0.01 47 47 0 0 0
6557 0.542119 -0.00108449 -0.0764162 0.01 60 60 0 0 0
6558 0.521558 -0.00114679 -0.0820192 0.01 47 47 0 0 0
6585 0.521558 -0.00114679 -0.0820192 0.01 47 47 0 0 0
6590 0.521558 -0.00114679 -0.0820192 0.01 46 47 0 0 0
6591 0.492054 -0.0012362 -0.0907942 0.01 60 60 0.00561398 -0.00557956 0
6598 0.521558 -0.00114679 -0.0820192 0.01 46 46 0 0 0
6618 0.542179 -0.0010843 -0.0696312 0.01 60 60 0 0 0
6619 0.521558 -0.00114679 -0.074242 0.01 45 45 0 0 0
6621 0.521558 -0.00114679 -0.0732621 0.01 47 47 0 0 0
6622 0.542263 -0.00108405 -0.086 0.01 80 80 0 0 0
6623 0.540265 -0.00109011 -0.0820192 0.01 47 47 0 0 0
6627 0.540837 -0.00108837 -0.086 0.01 80 80 0 0 0
6632 0.527791 -0.00112791 -0.0729369 0.01 60 60 0 0 0
6635 0.521558 -0.00114679 -0.0820192 0.01 47 46 0 0 0
6639 0.559193 -0.00103275 -0.0718317 0.01 60 60 0 0 0
6663 0.540837 -0.00108837 -0.086 0.01 81 81 0 0 0
6682 0.560767 -0.00102798 -0.046978 0.01 60 60 0 0 0
6701 0.521558 -0.00114679 -0.0700606 0.01 46 46 0 0 0
6704 0.540837 -0.00108837 -0.086 0.01 81 81 0 0 0
6708 0.521558 -0.00114679 -0.0820192 0.01 46 46 0 0 0
6715 0.521558 -0.00114679 -0.0820192 0.01 47 47 0 0 0
6726 0.501154 -0.00120862 -0.0790911 0.01 45 45 0 0 0
6729 0.521558 -0.00114679 -0.074242 0.01 47 47 0 0 0
6736 0.501705 -0.00120696 -0.0820192 0.01 47 47 0 0 0
6737 0.521558 -0.00114679 -0.0697241 0.01 47 47 0 0 0
6743 0.521558 -0.00114679 -0.074242 0.01 45 45 0 0 0
6744 0.539578 -0.00109219 -0.0764162 0.01 60 60 0 0 0
6756 0.554816 -0.00104601 -0.0924473 0.01 60 60 0 0 0
6762 0.521558 -0.00114679 -0.0820192 0.01 46 46 0 0 0
6775 0.539414 -0.00109269 -0.110103 0.01 60 61 0 0 0
6782 0.501154 -0.00120862 -0.0790911 0.01 46 46 0 0 0
6783 0.521558 -0.00114679 -0.0820192 0.01 46 46 0 0 0
6784 0.536177 -0.00110249 -0.0820192 0.01 47 48 0 0 0
6789 0.584142 -0.000957146 -0.0788278 0.01 60 59 0 0 0
6791 0.540837 -0.00108837 -0.086 0.01 82 82 0 0 0
6793 0.539165 -0.00109344 -0.0820192 0.01 47 47 0 0 0
6794 0.563488 -0.00101973 -0.0697725 0.01 80 80 0 0 0
6796 0.521558 -0.00114679 -0.074242 0.01 45 45 0 0 0
6804 0.521015 -0.00114844 -0.0736008 0.01 60 60 0 0 0
6806 0.535783 -0.00110369 -0.0820192 0.01 45 46 0 0 0
6807 0.513579 -0.00117097 -0.0820192 0.01 45 46 0 0 0
6815 0.52343 -0.00114112 -0.0820192 0.01 47 47 -0.00136152 0.00187206 0
6826 0.502306 -0.00120513 -0.0525505 0.01 60 60 0 0 0
6827 0.521558 -0.00114679 -0.074242 0.01 46 46 0 0 0
6842 0.521558 -0.00114679 -0.0861294 0.01 47 47 0 0 0
6844 0.521947 -0.00114562 -0.0702382 0.01 60 59 0 0 0
6849 0.521558 -0.00114679 -0.0820192 0.01 47 47 0 0 0
6851 0.521558 -0.00114679 -0.0820192 0.01 46 46 0 0 0
6854 0.521558 -0.00114679 -0.074242 0.01 45 46 0 0 0
6865 0.521558 -0.00114679 -0.074242 0.01 47 47 0 0 0
6868 0.521558 -0.00114679 -0.0820192 0.01 47 47 0 0 0
6870 0.501154 -0.00120862 -0.0790911 0.01 45 45 0 0 0
6879 0.51514 -0.00116624 -0.0820192 0.01 47 48 0.004923 -0.00641799 0
6881 0.52477 -0.00113706 -0.0764162 0.01 60 60 0 0 0
6900 0.521558 -0.00114679 -0.074242 0.01 45 45 0 0 0
6925 0.539414 -0.00109269 -0.110103 0.01 60 60 0 0 0
6929 0.506771 -0.0011916 -0.0788278 0.01 60 60 0 0 0
6937 0.521947 -0.00114562 -0.0820192 0.01 60 60 0 0 0
6939 0.521558 -0.00114679 -0.0820192 0.01 46 46 0 0 0
6940 0.521558 -0.00114679 -0.0713274 0.01 47 47 0 0 0
6956 0.523374 -0.00114129 -0.0928641 0.01 60 60 0 0 0
6966 0.483556 -0.00126195 -0.0907942 0.01 60 60 0.0269453 -0.02696 0
6968 0.524524 -0.00113781 -0.0764162 0.01 60 60 0 0 0
6969 0.510406 -0.00118059 -0.0729369 0.01 60 60 -0.0153374 0.0154637 0
6991 0.517264 -0.00115981 -0.0907942 0.01 60 59 0 0 0
6998 0.540837 -0.00108837 -0.086 0.01 81 81 0 0 0
7006 0.517478 -0.00115916 -0.074242 0.01 46 46 0 0 0
7007 0.521558 -0.00114679 -0.0820192 0.01 46 46 0 0 0
7015 0.521558 -0.00114679 -0.0820192 0.01 45 46 0 0 0
7016 0.521558 -0.00114679 -0.0820192 0.01 47 47 0 0 0
7027 0.521558 -0.00114679 -0.0821113 0.01 46 46 0 0 0
7028 0.535783 -0.00110369 -0.0820192 0.01 47 46 0 0 0
7030 0.521558 -0.00114679 -0.0820192 0.01 47 47 0 0 0
7038 0.521558 -0.00114679 -0.0820192 0.01 46 47 0 0 0
7046 0.522374 -0.00114432 -0.0764162 0.01 60 60 0 0 0
7076 0.542263 -0.00108405 -0.104279 0.01 80 80 -0.0413397 0 -0.0182788
7078 0.511289 -0.00117791 -0.0913038 0.01 60 60 0 0 0
7079 0.539818 -0.00109146 -0.0672311 0.01 47 47 0 0 0
7082 0.540837 -0.00108837 -0.0754391 0.01 80 79 0 0 0
7085 0.521558 -0.00114679 -0.0679686 0.01 45 45 0.00138654 0 0.00627341
7100 0.513821 -0.00117024 -0.0788278 0.01 60 60 0 0 0
7104 0.527791 -0.00112791 -0.0593036 0.01 60 60 0 0 0
7105 0.529466 -0.00112283 -0.0792391 0.01 46 46 0 0 0
7118 0.521558 -0.00114679 -0.074242 0.01 45 45 0 0 0
7123 0.501154 -0.00120862 -0.0790911 0.01 45 45 0 0 0
7131 0.52477 -0.00113706 -0.0576955 0.01 60 60 0 0 0
7139 0.521558 -0.00114679 -0.074242 0.01 45 45 0 0 0
7141 0.521558 -0.00114679 -0.0820192 0.01 46 46 0 0 0
7143 0.521558 -0.00114679 -0.0820192 0.01 47 47 0 0 0
7164 0.55797 -0.00103645 -0.0678393 0.01 46 46 0 0 0
7185 0.540837 -0.00108837 -0.086 0.01 80 80 0 0 0
7192 0.521558 -0.00114679 -0.074242 0.01 45 45 0 0 0
7197 0.521558 -0.00114679 -0.074242 0.01 45 45 0 0 0
7207 0.521558 -0.00114679 -0.0820192 0.01 47 47 0 0 0
7222 0.521558 -0.00114679 -0.0820192 0.01 47 47 0 0 0
7224 0.494942 -0.00122745 -0.0729369 0.01 60 60 0 0 0
7228 0.504917 -0.00119722 -0.0729369 0.01 60 59 -0.000648588 0.000658214 0
7243 0.542263 -0.00108405 -0.086 0.01 80 80 0 0 0
7260 0.521558 -0.00114679 -0.0820192 0.01 47 47 0 0 0
7264 0.538335 -0.00109595 -0.0820192 0.01 47 48 0 0 0
7269 0.521558 -0.00114679 -0.074242 0.01 45 45 0 0 0
7282 0.538335 -0.00109595 -0.0837437 0.01 47 47 0 0 0
7286 0.506078 -0.0011937 -0.0788278 0.01 60 59 0 0 0
7295 0.521558 -0.00114679 -0.0820192 0.01 47 47 0 0 0
7309 0.521558 -0.00114679 -0.074242 0.01 45 45 0 0 0
7321 0.571112 -0.00099663 -0.00689917 0.01 60 60 0 0 0
7323 0.521558 -0.00114679 -0.0820192 0.01 47 46 0 0 0
7328 0.521558 -0.00114679 -0.074242 0.01 46 45 0 0 0
7334 0.521558 -0.00114679 -0.074242 0.01 45 45 0 0 0
7343 0.535783 -0.00110369 -0.0820192 0.01 46 46 0 0 0
7344 0.521558 -0.00114679 -0.0820192 0.01 47 47 0 0 0
7345 0.521558 -0.00114679 -0.0770575 0.01 45 46 0 0 0
7355 0.563488 -0.00101973 -0.05787 0.01 80 80 0 0 0
7378 0.521558 -0.00114679 -0.074242 0.01 45 45 0 0 0
7385 0.521558 -0.00114679 -0.074242 0.01 46 46 0 0 0
7395 0.535783 -0.00110369 -0.0820192 0.01 46 47 0 0 0
7399 0.521558 -0.00114679 -0.074242 0.01 45 45 0 0 0
7402 0.521558 -0.00114679 -0.074242 0.01 45 45 0 0 0
7403 0.521558 -0.00114679 -0.0643963 0.01 45 45 0.00218186 0 0.0098457
7415 0.522087 -0.00114519 -0.074242 0.01 46 46 0 0 0
7437 0.540837 -0.00108837 -0.082143 0.01 80 80 0 0 0
7443 0.488147 -0.00124804 -0.0795747 0.01 60 60 0.0144447 -0.0135256 0.00415044
7449 0.521558 -0.00114679 -0.074242 0.01 47 46 0 0 0
7464 0.521558 -0.00114679 -0.0820192 0.01 47 47 0 0 0
7466 0.507778 -0.00118855 -0.0602123 0.01 45 45 0 0 0
7478 0.483556 -0.00126195 -0.0907942 0.01 60 60 0 0 0
7480 0.521558 -0.00114679 -0.0800723 0.01 46 46 0 0 0
7485 0.521558 -0.00114679 -0.074242 0.01 45 45 0 0 0
7500 0.526951 -0.00113045 -0.0441117 0.01 60 60 0 0 0
7505 0.534691 -0.001107 -0.0875574 0.01 60 60 0 0 0
7508 0.525224 -0.00113568 -0.0780168 0.01 47 49 0 0 0
7510 0.500954 -0.00120923 -0.0820192 0.01 46 46 0 0 0
7523 0.529537 -0.00112262 -0.107323 0.01 60 60 0 0 0
7532 0.521558 -0.00114679 -0.0793882 0.01 45 46 0 0 0
7550 0.510126 -0.00118144 -0.0907942 0.01 60 59 0 0 0
7553 0.542263 -0.00108405 -0.086 0.01 80 80 0 0 0
7557 0.521558 -0.00114679 -0.0820192 0.01 47 47 0 0 0
7560 0.522087 -0.00114519 -0.074242 0.01 46 46 0 0 0
7569 0.521558 -0.00114679 -0.0820192 0.01 47 47 0 0 0
7571 0.521558 -0.00114679 -0.074242 0.01 45 45 0 0 0
7573 0.521558 -0.00114679 -0.074242 0.01 45 45 0 0 0
7575 0.521558 -0.00114679 -0.074242 0.01 46 46 0 0 0
7592 0.540837 -0.00108837 -0.086 0.01 81 81 0 0 0
7595 0.521558 -0.00114679 -0.0820192 0.01 47 47 0 0 0
7598 0.540837 -0.00108837 -0.086 0.01 80 80 0 0 0
7611 0.511289 -0.00117791 -0.0913038 0.01 60 60 0 0 0
7621 0.494942 -0.00122745 -0.0729369 0.01 60 60 0 0 0
7641 0.521558 -0.00114679 -0.0820192 0.01 47 47 0 0 0
7650 0.536177 -0.00110249 -0.0820192 0.01 47 47 0 0 0
7652 0.540837 -0.00108837 -0.086 0.01 80 80 0 0 0
7662 0.541436 -0.00108656 -0.0788278 0.01 60 60 0 0 0
7676 0.510126 -0.00118144 -0.10711 0.01 60 60 0 0 0
7686 0.540837 -0.00108837 -0.086 0.01 80 80 0 0 0
7689 0.539165 -0.00109344 -0.0820192 0.01 47 47 0 0 0
7691 0.529466 -0.00112283 -0.0792391 0.01 47 47 0 0 0
7692 0.539414 -0.00109269 -0.110103 0.01 60 60 0 0 0
7708 0.540265 -0.00109011 -0.0820192 0.01 47 47 0 0 0
7712 0.539165 -0.00109344 -0.0820192 0.01 47 47 0 0 0
7718 0.521558 -0.00114679 -0.074242 0.01 47 47 0 0 0
7736 0.521558 -0.00114679 -0.0821113 0.01 46 46 0 0 0
7744 0.521558 -0.00114679 -0.0820192 0.01 47 47 0 0 0
7745 0.521558 -0.00114679 -0.074242 0.01 46 46 0 0 0
7749 0.521558 -0.00114679 -0.074242 0.01 45 45 0 0 0
7750 0.521558 -0.00114679 -0.074242 0.01 45 45 0 0 0
7757 0.521558 -0.00114679 -0.074242 0.01 46 46 0 0 0
7765 0.521558 -0.00114679 -0.074242 0.01 45 45 0 0 0
7778 0.521558 -0.00114679 -0.0820192 0.01 47 47 0 0 0
7786 0.521558 -0.00114679 -0.074242 0.01 45 45 0 0 0
7805 0.535783 -0.00110369 -0.0820192 0.01 47 47 0 0 0
7809 0.523023 -0.00114236 -0.0764162 0.01 60 60 0 0 0
7814 0.528471 -0.00112584 -0.0820192 0.01 46 46 -0.00478134 0.00691348 0
7821 0.521558 -0.00114679 -0.074242 0.01 46 45 0 0 0
7823 0.494942 -0.00122745 -0.0729369 0.01 60 60 0 0 0
7825 0.540837 -0.00108837 -0.086 0.01 82 82 0 0 0
7829 0.535783 -0.00110369 -0.0820192 0.01 47 47 0 0 0
7849 0.53848 -0.00109552 -0.086 0.01 80 80 0.00109103 -0.00235713 0
7851 0.538335 -0.00109595 -0.0837437 0.01 47 47 0 0 0
7863 0.521947 -0.00114562 -0.0820192 0.01 60 60 0 0 0
7872 0.521558 -0.00114679 -0.0820192 0.01 47 46 0 0 0
7885 0.542263 -0.00108405 -0.086 0.01 80 80 0 0 0
7903 0.521558 -0.00114679 -0.074242 0.01 47 46 0 0 0
7911 0.512999 -0.00117273 -0.0840921 0.01 47 48 0 0 0
7912 0.511289 -0.00117791 -0.0788278 0.01 60 60 0 0 0
7934 0.521558 -0.00114679 -0.074242 0.01 45 45 0 0 0
7936 0.521558 -0.00114679 -0.0700606 0.01 46 46 0 0 0
7937 0.537374 -0.00109887 -0.0629348 0.01 60 60 0 0 0
7938 0.521558 -0.00114679 -0.0820192 0.01 47 47 0 0 0
7945 0.521558 -0.00114679 -0.0820192 0.01 46 46 0 0 0
7949 0.513821 -0.00117024 -0.0788278 0.01 60 60 0 0 0
7954 0.540837 -0.00108837 -0.086 0.01 80 80 0 0 0
7966 0.521558 -0.00114679 -0.074242 0.01 45 45 0 0 0
7977 0.521558 -0.00114679 -0.0820192 0.01 45 46 0 0 0
7995 0.549975 -0.00106068 -0.0820192 0.01 47 48 -0.00807095 0.0116401 0
7996 0.540837 -0.00108837 -0.086 0.01 81 81 0 0 0
7997 0.501154 -0.00120862 -0.0790911 0.01 45 45 0 0 0
8064 0.521558 -0.00114679 -0.074242 0.01 45 45 0 0 0
8088 0.521558 -0.00114679 -0.074242 0.01 46 46 0 0 0
8090 0.501673 -0.00120705 -0.0837251 0.01 60 60 0 0 0
8104 0.51247 -0.00117433 -0.074242 0.01 46 46 0 0 0
8117 0.521558 -0.00114679 -0.0820192 0.01 47 47 0 0 0
8128 0.523998 -0.0011394 -0.0820192 0.01 60 60 0 0 0
8145 0.501154 -0.00120862 -0.0820192 0.01 47 47 0 0 0
8153 0.501154 -0.00120862 -0.0820192 0.01 47 47 0 0 0
8156 0.540837 -0.00108837 -0.086 0.01 80 81 0 0 0
8172 0.521558 -0.00114679 -0.0793882 0.01 45 46 0 0 0
8178 0.540837 -0.00108837 -0.086 0.01 80 81 0 0 0
8184 0.535783 -0.00110369 -0.0734686 0.01 47 47 0 0 0
8188 0.535783 -0.00110369 -0.0820192 0.01 47 47 0 0 0
8204 0.529537 -0.00112262 -0.107323 0.01 60 60 0 0 0
8205 0.521558 -0.00114679 -0.0820192 0.01 47 47 0 0 0
8214 0.521558 -0.00114679 -0.0820192 0.01 47 47 0 0 0
8222 0.521558 -0.00114679 -0.0820192 0.01 47 47 0 0 0
8233 0.522087 -0.00114519 -0.074242 0.01 46 46 0 0 0
8240 0.521558 -0.00114679 -0.075566 0.01 47 47 0 0 0
8254 0.521558 -0.00114679 -0.075566 0.01 47 47 0 0 0
8258 0.521558 -0.00114679 -0.074242 0.01 46 46 0 0 0
8263 0.549387 -0.00106246 -0.0820192 0.01 47 47 0 0 0
8265 0.521558 -0.00114679 -0.074242 0.01 45 45 0 0 0
8266 0.521558 -0.00114679 -0.0820192 0.01 47 48 0 0 0
8276 0.521558 -0.00114679 -0.0820192 0.01 47 47 0 0 0
8280 0.541436 -0.00108656 -0.0788278 0.01 60 60 0 0 0
8295 0.521558 -0.00114679 -0.0820192 0.01 47 46 0 0 0
8306 0.521558 -0.00114679 -0.075566 0.01 47 47 0 0 0
8309 0.521558 -0.00114679 -0.0820192 0.01 47 47 0 0 0
8314 0.562903 -0.0010215 -0.0697725 0.01 80 80 0.000304639 -0.000584602 0
8321 0.521558 -0.00114679 -0.0820192 0.01 47 47 0 0 0
8333 0.521558 -0.00114679 -0.074242 0.01 46 46 0 0 0
8338 0.521558 -0.00114679 -0.0820192 0.01 46 47 0 0 0
8340 0.521558 -0.00114679 -0.074242 0.01 46 45 0 0 0
8344 0.521558 -0.00114679 -0.074242 0.01 47 47 0 0 0
8349 0.521558 -0.00114679 -0.0820192 0.01 47 47 0 0 0
8352 0.501154 -0.00120862 -0.0820192 0.01 47 47 0 0 0
8353 0.526049 -0.00113319 -0.0764162 0.01 60 60 0 0 0
8357 0.521558 -0.00114679 -0.0820192 0.01 46 47 0 0 0
8361 0.521558 -0.00114679 -0.074242 0.01 45 45 0 0 0
8365 0.540837 -0.00108837 -0.086 0.01 81 81 0 0 0
8380 0.470366 -0.00130192 -0.0743021 0.01 60 60 0 0 0
8390 0.520644 -0.00114956 -0.0728172 0.01 60 60 0 0 0
8403 0.521558 -0.00114679 -0.0820192 0.01 47 47 0 0 0
8407 0.521558 -0.00114679 -0.074242 0.01 46 46 0 0 0
8429 0.541543 -0.00108623 -0.0774721 0.01 60 60 0 0 0
8432 0.521558 -0.00114679 -0.074242 0.01 45 45 0 0 0
8443 0.549387 -0.00106246 -0.0820192 0.01 47 47 0 0 0
8449 0.521558 -0.00114679 -0.0820192 0.01 47 47 0 0 0
8450 0.540186 -0.00109034 -0.0836568 0.01 47 47 0 0 0
8453 0.521558 -0.00114679 -0.074242 0.01 47 47 0 0 0
8455 0.538335 -0.00109595 -0.0837437 0.01 47 47 0 0 0
8459 0.540837 -0.00108837 -0.086 0.01 80 80 0 0 0
8472 0.521558 -0.00114679 -0.074242 0.01 45 45 0 0 0
8480 0.521558 -0.00114679 -0.074242 0.01 47 47 0 0 0
8484 0.521558 -0.00114679 -0.0820192 0.01 47 47 0 0 0
8488 0.521558 -0.00114679 -0.074242 0.01 45 45 0 0 0
8489 0.540837 -0.00108837 -0.086 0.01 81 81 0 0 0
8493 0.521558 -0.00114679 -0.0820192 0.01 47 47 0 0 0
8499 0.521558 -0.00114679 -0.0554613 0.01 45 45 0 0 0
8502 0.521947 -0.00114562 -0.0820192 0.01 60 60 0 0 0
8509 0.524675 -0.00113735 -0.0669804 0.01 45 45 -0.00212258 0.00311685 0
8512 0.540837 -0.00108837 -0.086 0.01 81 81 0 0 0
8516 0.542044 -0.00108472 -0.086 0.01 80 80 0 0 0
8531 0.521558 -0.00114679 -0.0820192 0.01 47 47 0 0 0
8532 0.521558 -0.00114679 -0.0820192 0.01 46 46 0 0 0
8537 0.521558 -0.00114679 -0.074242 0.01 45 45 0 0 0
8544 0.521558 -0.00114679 -0.0820192 0.01 47 48 0 0 0
8552 0.521558 -0.00114679 -0.0820192 0.01 47 47 0 0 0
8555 0.529466 -0.00112283 -0.0792391 0.01 46 46 0 0 0
8565 0.521558 -0.00114679 -0.0820192 0.01 46 46 0 0 0
8571 0.521558 -0.00114679 -0.0820192 0.01 46 46 0 0 0
8572 0.563488 -0.00101973 -0.0592301 0.01 80 80 0 0 0
8586 0.530508 -0.00111967 -0.0723349 0.01 60 60 0 0 0
8588 0.542179 -0.0010843 -0.0696312 0.01 60 60 0 0 0
8592 0.521558 -0.00114679 -0.0820192 0.01 46 46 0 0 0
8597 0.521558 -0.00114679 -0.0820192 0.01 47 47 0 0 0
8600 0.526951 -0.00113045 -0.0667382 0.01 60 60 0 0 0
8623 0.521558 -0.00114679 -0.074242 0.01 46 46 0 0 0
8628 0.521558 -0.00114679 -0.0820192 0.01 47 47 0 0 0
8632 0.571112 -0.00099663 -0.00689917 0.01 60 60 0 0 0
8640 0.548455 -0.00106529 -0.0820192 0.01 47 47 0 0 0
8641 0.521558 -0.00114679 -0.074242 0.01 46 46 0 0 0
8642 0.521558 -0.00114679 -0.074242 0.01 46 45 0 0 0
8647 0.521558 -0.00114679 -0.0820192 0.01 47 47 0 0 0
8648 0.521558 -0.00114679 -0.074242 0.01 46 46 0 0 0
8649 0.521558 -0.00114679 -0.0820192 0.01 47 47 0 0 0
8654 0.521558 -0.00114679 -0.0820192 0.01 46 46 0 0 0
8657 0.494942 -0.00122745 -0.0729369 0.01 60 60 0 0 0
8670 0.521558 -0.00114679 -0.0846597 0.01 46 46 0 0 0
8675 0.513821 -0.00117024 -0.0788278 0.01 60 60 0 0 0
8680 0.540837 -0.00108837 -0.086 0.01 80 80 0 0 0
8691 0.563488 -0.00101973 -0.0697725 0.01 80 80 0 0 0
8717 0.521558 -0.00114679 -0.074242 0.01 46 47 0 0 0
8721 0.521558 -0.00114679 -0.0820192 0.01 47 47 0 0 0
8735 0.521558 -0.00114679 -0.0820192 0.01 47 48 0 0 0
8745 0.521558 -0.00114679 -0.0820192 0.01 47 47 0 0 0
8746 0.522109 -0.00114512 -0.0629348 0.01 60 60 0.00230226 0 0.0134814
8758 0.521558 -0.00114679 -0.0820192 0.01 47 47 0 0 0
8759 0.521558 -0.00114679 -0.101152 0.01 47 48 -0.00216885 0 -0.0191325
8762 0.512999 -0.00117273 -0.0820192 0.01 45 47 0 0 0
8763 0.521558 -0.00114679 -0.074242 0.01 45 45 0 0 0
8764 0.521558 -0.00114679 -0.074242 0.01 47 47 0 0 0
8771 0.521558 -0.00114679 -0.0820192 0.01 47 47 0 0 0
8779 0.521558 -0.00114679 -0.0820192 0.01 47 47 0 0 0
8794 0.540837 -0.00108837 -0.0768272 0.01 80 80 0.0239392 0 0.00917279
8798 0.563079 -0.00102097 -0.0509352 0.01 60 60 0 0 0
8806 0.521558 -0.00114679 -0.0820192 0.01 47 46 0 0 0
8818 0.522717 -0.00114328 -0.0847175 0.01 60 60 0 0 0
8829 0.521558 -0.00114679 -0.0820192 0.01 46 46 0 0 0
8839 0.521558 -0.00114679 -0.074242 0.01 47 47 0 0 0
8847 0.501154 -0.00120862 -0.0790911 0.01 46 46 0 0 0
8852 0.521558 -0.00114679 -0.074242 0.01 45 45 0 0 0
8857 0.535783 -0.00110369 -0.0820192 0.01 46 46 0 0 0
8860 0.535783 -0.00110369 -0.0820192 0.01 47 47 0 0 0
8862 0.521558 -0.00114679 -0.074242 0.01 45 45 0 0 0
8865 0.534691 -0.001107 -0.0875574 0.01 60 60 0 0 0
8872 0.51247 -0.00117433 -0.074242 0.01 46 46 0 0 0
8879 0.521558 -0.00114679 -0.074242 0.01 45 45 0 0 0
8884 0.521558 -0.00114679 -0.0820192 0.01 47 47 0 0 0
8899 0.521558 -0.00114679 -0.074242 0.01 45 45 0 0 0
8902 0.521006 -0.00114847 -0.0728202 0.01 60 60 0 0 0
8903 0.511721 -0.0011766 -0.061103 0.01 60 60 0.0125777 -0.0132308 0
8914 0.521558 -0.00114679 -0.0821113 0.01 46 46 0 0 0
8916 0.540837 -0.00108837 -0.086 0.01 81 81 0 0 0
8919 0.521558 -0.00114679 -0.0945392 0.01 46 47 0 0 0
8923 0.540837 -0.00108837 -0.086 0.01 80 80 0 0 0
8934 0.514005 -0.00116968 -0.0587543 0.01 60 60 0 0 0
8939 0.541871 -0.00108524 -0.0820192 0.01 47 47 0 0 0
8943 0.494942 -0.00122745 -0.0729369 0.01 60 60 0 0 0
8947 0.52477 -0.00113706 -0.0764162 0.01 60 60 0 0 0
8957 0.50768 -0.00118885 -0.0820192 0.01 60 60 0 0 0
8973 0.521558 -0.00114679 -0.074242 0.01 46 46 0 0 0
8985 0.521558 -0.00114679 -0.074242 0.01 47 47 0 0 0
8991 0.521558 -0.00114679 -0.074242 0.01 45 45 0 0 0
9000 0.501154 -0.00120862 -0.0820192 0.01 46 47 0 0 0
9015 0.521558 -0.00114679 -0.0820192 0.01 46 47 0 0 0
9025 0.521558 -0.00114679 -0.074242 0.01 46 46 0 0 0
9040 0.563488 -0.00101973 -0.0697725 0.01 80 80 0 0 0
9042 0.532558 -0.00111346 -0.0764162 0.01 60 60 0 0 0
9043 0.510126 -0.00118144 -0.0907942 0.01 60 59 0 0 0
9050 0.534691 -0.001107 -0.0727546 0.01 60 60 0 0 0
9052 0.521558 -0.00114679 -0.075566 0.01 47 47 0 0 0
9053 0.535783 -0.00110369 -0.0820192 0.01 46 46 0 0 0
9065 0.521558 -0.00114679 -0.074242 0.01 45 45 0 0 0
9073 0.521558 -0.00114679 -0.074242 0.01 45 45 0 0 0
9088 0.535783 -0.00110369 -0.0820192 0.01 47 46 0 0 0
9094 0.521558 -0.00114679 -0.0820192 0.01 47 47 0 0 0
9106 0.521558 -0.00114679 -0.074242 0.01 45 45 0 0 0
9110 0.536177 -0.00110249 -0.0820192 0.01 47 47 0 0 0
9117 0.521558 -0.00114679 -0.074242 0.01 45 45 0 0 0
9119 0.521558 -0.00114679 -0.0820192 0.01 47 47 0 0 0
9127 0.526485 -0.00113186 -0.0820192 0.01 47 48 0 0 0
9140 0.563488 -0.00101973 -0.0697725 0.01 80 80 0 0 0
9144 0.510126 -0.00118144 -0.117156 0.01 60 60 0 0 0
9158 0.529537 -0.00112262 -0.0974705 0.01 60 60 0.0016126 0 0.00985217
9166 0.521558 -0.00114679 -0.0818944 0.01 47 47 0 0 0
9167 0.497633 -0.00121929 -0.107378 0.01 60 61 0 0 0
9180 0.522087 -0.00114519 -0.0593626 0.01 46 46 0 0 0
9197 0.532558 -0.00111346 -0.0764162 0.01 60 60 0 0 0
9204 0.521558 -0.00114679 -0.0793882 0.01 46 46 0 0 0
9214 0.521558 -0.00114679 -0.0820192 0.01 47 48 0 0 0
9224 0.521558 -0.00114679 -0.074242 0.01 45 45 0 0 0
9235 0.521558 -0.00114679 -0.0820192 0.01 45 46 0 0 0
9237 0.538335 -0.00109595 -0.0820192 0.01 47 50 0 0 0
9244 0.519578 -0.0011528 -0.086 0.01 80 80 0 0 0
9264 0.500954 -0.00120923 -0.0820192 0.01 46 46 0 0 0
9269 0.540837 -0.00108837 -0.104264 0.01 80 80 0 0 0
9278 0.521558 -0.00114679 -0.0820192 0.01 47 47 0 0 0
9280 0.521558 -0.00114679 -0.074242 0.01 46 46 0 0 0
9282 0.523465 -0.00114101 -0.074242 0.01 47 47 0 0 0
9284 0.522087 -0.00114519 -0.074242 0.01 46 46 0 0 0
9286 0.521558 -0.00114679 -0.0820192 0.01 46 46 0 0 0
9292 0.521558 -0.00114679 -0.0820192 0.01 47 46 0 0 0
9294 0.521558 -0.00114679 -0.0751118 0.01 47 47 0 0 0
9311 0.521558 -0.00114679 -0.0821113 0.01 47 48 0 0 0
9322 0.541871 -0.00108524 -0.0820192 0.01 47 47 0 0 0
9323 0.521558 -0.00114679 -0.0820192 0.01 47 47 0 0 0
9338 0.535783 -0.00110369 -0.0820192 0.01 47 47 0 0 0
9339 0.512999 -0.00117273 -0.0820192 0.01 47 47 0 0 0
9354 0.521558 -0.00114679 -0.0820192 0.01 47 47 0 0 0
9363 0.521558 -0.00114679 -0.0744388 0.01 45 45 0 0 0
9372 0.513202 -0.00117212 -0.0593036 0.01 60 60 0.0137899 -0.0145898 0
9379 0.540837 -0.00108837 -0.086 0.01 81 81 0 0 0
9382 0.500954 -0.00120923 -0.0820192 0.01 46 47 0 0 0
9394 0.521558 -0.00114679 -0.0820192 0.01 46 46 0 0 0
9397 0.521558 -0.00114679 -0.074242 0.01 46 46 0 0 0
9402 0.538335 -0.00109595 -0.0820192 0.01 47 47 0 0 0
9408 0.535783 -0.00110369 -0.0730639 0.01 46 46 0 0 0
9414 0.520132 -0.00115112 -0.0820192 0.01 47 47 0 0 0
9430 0.535783 -0.00110369 -0.0820192 0.01 46 46 0 0 0
9451 0.521558 -0.00114679 -0.074242 0.01 45 45 0 0 0
9471 0.540837 -0.00108837 -0.104264 0.01 80 80 0 0 0
9472 0.521558 -0.00114679 -0.0820192 0.01 46 46 0 0 0
9473 0.540837 -0.00108837 -0.086 0.01 80 80 0 0 0
9506 0.521558 -0.00114679 -0.074242 0.01 46 46 0 0 0
9509 0.522087 -0.00114519 -0.074242 0.01 46 46 0 0 0
9512 0.521558 -0.00114679 -0.0820192 0.01 46 46 0 0 0
9532 0.521558 -0.00114679 -0.0713274 0.01 47 47 0 0 0
9540 0.521558 -0.00114679 -0.074242 0.01 45 45 0 0 0
9543 0.571659 -0.000994974 -0.0755206 0.01 60 59 0 0 0
9547 0.521558 -0.00114679 -0.074242 0.01 45 45 0 0 0
9548 0.521558 -0.00114679 -0.075566 0.01 47 47 0 0 0
9572 0.521558 -0.00114679 -0.0820192 0.01 46 46 0 0 0
9578 0.521558 -0.00114679 -0.074242 0.01 45 45 0 0 0
9579 0.50099 -0.00120912 -0.0631926 0.01 60 60 0 0 0
9580 0.521558 -0.00114679 -0.074242 0.01 45 45 0 0 0
9611 0.522087 -0.00114519 -0.0593626 0.01 47 47 0 0 0
9617 0.521558 -0.00114679 -0.0820192 0.01 47 48 0 0 0
9624 0.521558 -0.00114679 -0.0820192 0.01 47 47 0 0 0
9625 0.527791 -0.00112791 -0.0593036 0.01 60 60 0 0 0
9637 0.522087 -0.00114519 -0.074242 0.01 46 46 0 0 0
9641 0.521558 -0.00114679 -0.0820192 0.01 47 47 0 0 0
9642 0.502367 -0.00120495 -0.074242 0.01 46 46 0.0141091 -0.019191 0
9651 0.514005 -0.00116968 -0.0587543 0.01 60 61 0 0 0
9652 0.521558 -0.00114679 -0.0820192 0.01 46 46 0 0 0
9660 0.521558 -0.00114679 -0.074242 0.01 46 46 0 0 0
9661 0.542263 -0.00108405 -0.086 0.01 80 80 0 0 0
9672 0.539165 -0.00109344 -0.0820192 0.01 46 47 0 0 0
9681 0.506771 -0.0011916 -0.0788278 0.01 60 59 0 0 0
9682 0.521947 -0.00114562 -0.0820192 0.01 60 60 0 0 0
9698 0.521558 -0.00114679 -0.074242 0.01 45 45 0 0 0
9708 0.521558 -0.00114679 -0.074242 0.01 45 45 0 0 0
9713 0.540837 -0.00108837 -0.104264 0.01 80 80 0 0 0
9717 0.542263 -0.00108405 -0.086 0.01 80 80 0 0 0
9733 0.529466 -0.00112283 -0.0792391 0.01 46 47 0 0 0
9745 0.521015 -0.00114844 -0.0736008 0.01 60 60 0 0 0
9752 0.535783 -0.00110369 -0.0730639 0.01 46 46 0 0 0
9765 0.593519 -0.00092873 -0.0832697 0.01 60 60 0 0 0
9771 0.521558 -0.00114679 -0.074242 0.01 46 46 0 0 0
9778 0.521558 -0.00114679 -0.074242 0.01 45 45 0 0 0
9783 0.521558 -0.00114679 -0.0820192 0.01 47 47 0 0 0
9784 0.487004 -0.0012515 -0.066 0.01 60 60 0 0 0
9786 0.521558 -0.00114679 -0.0820192 0.01 47 47 0 0 0
9801 0.510126 -0.00118144 -0.10711 0.01 60 58 0 0 0
9805 0.563488 -0.00101973 -0.0697725 0.01 81 81 0 0 0
9813 0.521558 -0.00114679 -0.074242 0.01 45 45 0 0 0
9815 0.538335 -0.00109595 -0.0837437 0.01 46 47 0 0 0
9863 0.501154 -0.00120862 -0.0790911 0.01 45 45 0 0 0
9883 0.521558 -0.00114679 -0.0706411 0.01 45 45 0.000794724 0 0.00360092
9887 0.563488 -0.00101973 -0.05787 0.01 81 81 0 0 0
9899 0.521558 -0.00114679 -0.074242 0.01 46 46 0 0 0
9902 0.521558 -0.00114679 -0.0820192 0.01 46 46 0 0 0
9905 0.540837 -0.00108837 -0.086 0.01 82 82 0 0 0
9911 0.540837 -0.00108837 -0.086 0.01 82 82 0 0 0
9930 0.527791 -0.00112791 -0.0729369 0.01 60 60 0 0 0
9932 0.521558 -0.00114679 -0.0820192 0.01 46 46 0 0 0
9935 0.521558 -0.00114679 -0.0820192 0.01 47 46 0 0 0
9945 0.500694 -0.00121002 -0.0907942 0.01 60 60 0 0 0
9948 0.521558 -0.00114679 -0.074242 0.01 45 45 0 0 0
9950 0.510126 -0.00118144 -0.10711 0.01 60 60 0 0 0
9958 0.540837 -0.00108837 -0.086 0.01 81 81 0 0 0
9981 0.521558 -0.00114679 -0.0820192 0.01 46 46 0 0 0
9984 0.521558 -0.00114679 -0.0820192 0.01 47 47 0 0 0
9985 0.501154 -0.00120862 -0.0790911 0.01 46 46 0 0 0
9992 0.521558 -0.00114679 -0.0820192 0.01 47 47 0 0 0
10008 0.494942 -0.00122745 -0.0667669 0.01 60 60 0 0 0
10012 0.521558 -0.00114679 -0.0820192 0.01 47 47 0 0 0
10013 0.521558 -0.00114679 -0.074242 0.01 45 45 0 0 0
10020 0.540837 -0.00108837 -0.0889445 0.01 80 80 0 0 0
10047 0.521558 -0.00114679 -0.074242 0.01 45 45 0 0 0
10062 0.506078 -0.0011937 -0.0788278 0.01 60 61 0 0 0
10067 0.521558 -0.00114679 -0.074242 0.01 45 45 0 0 0
10069 0.513294 -0.00117184 -0.074242 0.01 47 47 0.0061706 -0.00826371 0
10070 0.522717 -0.00114328 -0.0788278 0.01 60 60 0 0 0
10072 0.521558 -0.00114679 -0.0820192 0.01 47 47 0 0 0
10080 0.521558 -0.00114679 -0.074242 0.01 47 46 0 0 0
10086 0.540265 -0.00109011 -0.0820192 0.01 47 47 0 0 0
10090 0.521558 -0.00114679 -0.074242 0.01 45 45 0 0 0
10094 0.521558 -0.00114679 -0.074242 0.01 45 45 0 0 0
10105 0.527791 -0.00112791 -0.0593036 0.01 60 60 0 0 0
10107 0.564593 -0.00101638 -0.00689917 0.01 60 60 0 0 0
10121 0.540837 -0.00108837 -0.086 0.01 80 80 0 0 0
10123 0.521558 -0.00114679 -0.074242 0.01 46 46 0 0 0
10125 0.521558 -0.00114679 -0.074242 0.01 45 45 0 0 0
10128 0.521558 -0.00114679 -0.074242 0.01 45 45 0 0 0
10132 0.521558 -0.00114679 -0.0820192 0.01 47 47 0 0 0
10134 0.521558 -0.00114679 -0.0820192 0.01 47 47 0 0 0
10140 0.535783 -0.00110369 -0.0734686 0.01 47 47 0.0011947 0 0.00855051
10161 0.521558 -0.00114679 -0.0820192 0.01 47 47 0 0 0
10173 0.52477 -0.00113706 -0.0851181 0.01 60 60 0 0 0
10175 0.521558 -0.00114679 -0.0820192 0.01 46 46 0 0 0
10196 0.521558 -0.00114679 -0.0820192 0.01 46 46 0 0 0
10203 0.521006 -0.00114847 -0.0702866 0.01 60 60 0 0 0
10205 0.521558 -0.00114679 -0.074242 0.01 45 45 0 0 0
10212 0.55797 -0.00103645 -0.0678393 0.01 47 46 -0.0229174 0.0364125 0.00640275
10213 0.521558 -0.00114679 -0.0820192 0.01 46 46 0 0 0
10218 0.521558 -0.00114679 -0.074242 0.01 45 45 0 0 0
10225 0.521558 -0.00114679 -0.0820192 0.01 47 47 0 0 0
10229 0.564593 -0.00101638 -0.0212324 0.01 60 60 0 0 0
10231 0.494942 -0.00122745 -0.0729369 0.01 60 60 0 0 0
10239 0.521558 -0.00114679 -0.074242 0.01 46 46 0 0 0
10247 0.526049 -0.00113319 -0.0764162 0.01 60 60 0 0 0
10251 0.521558 -0.00114679 -0.0820192 0.01 47 47 0 0 0
10265 0.521558 -0.00114679 -0.0861294 0.01 47 47 0 0 0
10267 0.510126 -0.00118144 -0.114712 0.01 60 60 0 0 0
10268 0.532662 -0.00111315 -0.0837437 0.01 47 48 0 0 0
10277 0.535783 -0.00110369 -0.0820192 0.01 47 47 0 0 0
10283 0.521558 -0.00114679 -0.074242 0.01 45 45 0 0 0
10285 0.510126 -0.00118144 -0.0907942 0.01 60 60 0 0 0
10286 0.521558 -0.00114679 -0.074242 0.01 45 45 0 0 0
10291 0.521558 -0.00114679 -0.074242 0.01 46 46 0 0 0
10293 0.501154 -0.00120862 -0.0790911 0.01 45 45 0 0 0
10306 0.521558 -0.00114679 -0.074242 0.01 46 46 0 0 0
10307 0.521558 -0.00114679 -0.0733447 0.01 45 45 0 0 0
10310 0.521558 -0.00114679 -0.0820192 0.01 46 46 0 0 0
10325 0.521558 -0.00114679 -0.074242 0.01 45 45 0 0 0
10326 0.574585 -0.000986105 -0.0578228 0.01 60 60 0 0 0
10330 0.521558 -0.00114679 -0.074242 0.01 45 45 0 0 0
10341 0.540837 -0.00108837 -0.086 0.01 81 81 0 0 0
10342 0.521558 -0.00114679 -0.074242 0.01 45 45 0 0 0
10353 0.521558 -0.00114679 -0.0820192 0.01 47 47 0 0 0
10358 0.521558 -0.00114679 -0.074242 0.01 45 45 0 0 0
10381 0.501154 -0.00120862 -0.0820192 0.01 47 47 0 0 0
10387 0.521006 -0.00114847 -0.0702866 0.01 60 60 0 0 0
10391 0.522087 -0.00114519 -0.074242 0.01 46 46 0 0 0
10409 0.521558 -0.00114679 -0.074242 0.01 45 45 0 0 0
10432 0.50099 -0.00120912 -0.0692257 0.01 60 60 0 0 0
10433 0.510126 -0.00118144 -0.114712 0.01 60 60 0 0 0
10435 0.521558 -0.00114679 -0.0820192 0.01 46 46 0 0 0
10452 0.511289 -0.00117791 -0.0686942 0.01 60 61 0 0 0
10453 0.521558 -0.00114679 -0.0820192 0.01 47 47 0 0 0
10468 0.52477 -0.00113706 -0.0764162 0.01 60 60 0 0 0
10471 0.538335 -0.00109595 -0.0837437 0.01 47 47 0 0 0
10486 0.521558 -0.00114679 -0.074242 0.01 46 46 0 0 0
10508 0.514368 -0.00116858 -0.0820192 0.01 47 46 0 0 0
10516 0.521558 -0.00114679 -0.074242 0.01 46 46 0 0 0
10522 0.549933 -0.00106081 -0.0714758 0.01 60 60 0 0 0
10530 0.521558 -0.00114679 -0.0820192 0.01 46 46 0 0 0
10538 0.521947 -0.00114562 -0.0820192 0.01 60 60 0 0 0
10543 0.519578 -0.0011528 -0.086 0.01 80 81 0.00937752 -0.0212592 0
10546 0.540837 -0.00108837 -0.086 0.01 82 82 0 0 0
10547 0.521558 -0.00114679 -0.0820192 0.01 47 47 0 0 0
10549 0.521558 -0.00114679 -0.074242 0.01 45 45 0 0 0
10557 0.535783 -0.00110369 -0.0820192 0.01 47 47 0 0 0
10563 0.540837 -0.00108837 -0.086 0.01 81 81 0 0 0
10567 0.483556 -0.00126195 -0.0907942 0.01 60 60 0 0 0
10570 0.563079 -0.00102097 -0.0509352 0.01 60 60 0 0 0
10571 0.521558 -0.00114679 -0.077046 0.01 46 46 0.000909165 0 0.00497319
10575 0.543615 -0.00107995 -0.0496369 0.01 45 45 0 0 0
10586 0.501154 -0.00120862 -0.0790911 0.01 45 45 0 0 0
10590 0.521558 -0.00114679 -0.0821113 0.01 46 46 0 0 0
10594 0.542263 -0.00108405 -0.0936926 0.01 80 80 0 0 0
10595 0.521558 -0.00114679 -0.074242 0.01 46 46 0 0 0
10600 0.526348 -0.00113228 -0.074242 0.01 45 45 0 0 0
10606 0.540837 -0.00108837 -0.086 0.01 80 80 0 0 0
10620 0.521558 -0.00114679 -0.0820192 0.01 46 46 0 0 0
10624 0.521558 -0.00114679 -0.0820192 0.01 47 47 0 0 0
10627 0.521558 -0.00114679 -0.074242 0.01 45 45 0 0 0
10641 0.521947 -0.00114562 -0.0902924 0.01 60 60 -0.0014002 0 -0.00827324
10645 0.535783 -0.00110369 -0.0820192 0.01 47 47 0 0 0
10647 0.540837 -0.00108837 -0.086 0.01 81 81 0 0 0
10656 0.483556 -0.00126195 -0.0907942 0.01 60 60 0 0 0
10657 0.521558 -0.00114679 -0.0820192 0.01 47 47 0 0 0
10664 0.526049 -0.00113319 -0.0764162 0.01 60 60 0 0 0
10666 0.521558 -0.00114679 -0.0748792 0.01 47 47 0 0 0
10669 0.540837 -0.00108837 -0.086 0.01 80 80 0 0 0
10673 0.526049 -0.00113319 -0.0764162 0.01 60 60 0 0 0
10680 0.529537 -0.00112262 -0.107323 0.01 60 60 0 0 0
10698 0.54991 -0.00106088 -0.0788278 0.01 60 59 0 0 0
10701 0.493256 -0.00123256 -0.0726957 0.01 60 60 0 0 0
10702 0.521558 -0.00114679 -0.074242 0.01 47 48 0 0 0
10705 0.524167 -0.00113889 -0.0586891 0.01 60 61 0 0 0
10709 0.546644 -0.00107077 -0.086 0.01 80 80 0 0 0
10712 0.521558 -0.00114679 -0.0820192 0.01 47 47 0 0 0
10720 0.521558 -0.00114679 -0.0820192 0.01 46 47 0 0 0
10731 0.521558 -0.00114679 -0.0496369 0.01 45 45 0 0 0
10736 0.521558 -0.00114679 -0.074242 0.01 45 45 0 0 0
10741 0.529466 -0.00112283 -0.0837437 0.01 47 47 0 0 0
10770 0.521558 -0.00114679 -0.074242 0.01 45 45 0 0 0
10778 0.522087 -0.00114519 -0.074242 0.01 45 46 0 0 0
10781 0.535783 -0.00110369 -0.0820192 0.01 47 47 0 0 0
10785 0.521558 -0.00114679 -0.0820192 0.01 47 47 0 0 0
10786 0.521558 -0.00114679 -0.0820192 0.01 46 46 0 0 0
10798 0.540837 -0.00108837 -0.082143 0.01 80 80 0 0 0
10810 0.521558 -0.00114679 -0.074242 0.01 46 45 0 0 0
10821 0.540837 -0.00108837 -0.086 0.01 80 80 0 0 0
10822 0.521558 -0.00114679 -0.0820192 0.01 46 46 0 0 0
10825 0.521558 -0.00114679 -0.0820192 0.01 47 47 0 0 0
10837 0.508799 -0.00118546 -0.0634398 0.01 60 60 0 0 0
10853 0.521558 -0.00114679 -0.074242 0.01 46 46 0 0 0
10857 0.521558 -0.00114679 -0.0820192 0.01 47 47 0 0 0
10869 0.521558 -0.00114679 -0.074242 0.01 47 47 0 0 0
10874 0.521558 -0.00114679 -0.0751118 0.01 47 48 0 0 0
10879 0.543615 -0.00107995 -0.0496369 0.01 45 45 0 0 0
10888 0.526348 -0.00113228 -0.074242 0.01 45 45 0 0 0
10931 0.538335 -0.00109595 -0.0820192 0.01 47 48 0 0 0
10941 0.521558 -0.00114679 -0.0820192 0.01 46 46 0 0 0
10942 0.521558 -0.00114679 -0.0820192 0.01 47 47 0 0 0
10956 0.521558 -0.00114679 -0.074242 0.01 45 45 0 0 0
10971 0.521558 -0.00114679 -0.074242 0.01 46 46 0 0 0
10973 0.521558 -0.00114679 -0.0820192 0.01 47 47 0 0 0
11003 0.521558 -0.00114679 -0.0820192 0.01 47 47 0 0 0
11007 0.540837 -0.00108837 -0.086 0.01 81 81 0 0 0
11011 0.503155 -0.00120256 -0.066 0.01 60 60 0 0 0
11024 0.546644 -0.00107077 -0.086 0.01 81 81 0 0 0
11027 0.52252 -0.00114388 -0.0820192 0.01 47 47 0 0 0
11033 0.50099 -0.00120912 -0.0692257 0.01 60 60 0 0 0
11041 0.521558 -0.00114679 -0.0820192 0.01 46 46 0 0 0
11047 0.546644 -0.00107077 -0.086 0.01 80 80 0 0 0
11056 0.522087 -0.00114519 -0.074242 0.01 46 46 0 0 0
11063 0.542263 -0.00108405 -0.086 0.01 80 80 0 0 0
11069 0.521558 -0.00114679 -0.0669804 0.01 45 45 0 0 0
11078 0.535783 -0.00110369 -0.0820192 0.01 47 46 0 0 0
11079 0.547917 -0.00106692 -0.074242 0.01 47 47 0 0 0
11081 0.540837 -0.00108837 -0.086 0.01 80 80 0 0 0
11090 0.521558 -0.00114679 -0.074242 0.01 45 45 0 0 0
11101 0.540837 -0.00108837 -0.086 0.01 81 81 0 0 0
11106 0.546644 -0.00107077 -0.086 0.01 80 80 -0.00266661 0.00580758 0
11118 0.548455 -0.00106529 -0.0820192 0.01 47 47 0 0 0
11120 0.494942 -0.00122745 -0.0729369 0.01 60 60 0 0 0
11132 0.522087 -0.00114519 -0.074242 0.01 46 46 0 0 0
11133 0.524952 -0.00113651 -0.0648939 0.01 60 60 0 0 0
11138 0.521558 -0.00114679 -0.0820192 0.01 45 46 0 0 0
11142 0.521558 -0.00114679 -0.0820192 0.01 47 47 0 0 0
11145 0.521558 -0.00114679 -0.0820192 0.01 47 47 0 0 0
11155 0.521558 -0.00114679 -0.0820192 0.01 46 46 0 0 0
11163 0.521558 -0.00114679 -0.0820192 0.01 47 47 0 0 0
11169 0.538335 -0.00109595 -0.0837437 0.01 47 47 0 0 0
11177 0.521558 -0.00114679 -0.0496369 0.01 45 45 0 0 0
11179 0.520132 -0.00115112 -0.0820192 0.01 47 47 -0.0146307 0.0191781 0
11180 0.521558 -0.00114679 -0.0820192 0.01 47 48 0 0 0
11186 0.512999 -0.00117273 -0.0820192 0.01 46 46 0 0 0
11204 0.521558 -0.00114679 -0.0820192 0.01 47 46 0 0 0
11213 0.52477 -0.00113706 -0.0764162 0.01 60 60 0 0 0
11221 0.521558 -0.00114679 -0.0820192 0.01 45 47 0 0 0
11223 0.521558 -0.00114679 -0.074242 0.01 45 45 0 0 0
11231 0.521558 -0.00114679 -0.074242 0.01 46 46 0 0 0
11232 0.521558 -0.00114679 -0.0699426 0.01 45 45 0.000949085 0 0.00429939
11257 0.521558 -0.00114679 -0.0820192 0.01 47 47 0 0 0
11261 0.52347 -0.001141 -0.0769429 0.01 47 47 0 0 0
11263 0.521558 -0.00114679 -0.0820192 0.01 47 47 0 0 0
11277 0.521558 -0.00114679 -0.0820192 0.01 46 46 0 0 0
11285 0.521558 -0.00114679 -0.0820192 0.01 47 47 0 0 0
11289 0.521558 -0.00114679 -0.074242 0.01 46 46 0 0 0
11294 0.535783 -0.00110369 -0.0730639 0.01 46 46 0 0 0
11309 0.521558 -0.00114679 -0.074242 0.01 45 45 0 0 0
11328 0.50099 -0.00120912 -0.0631926 0.01 60 60 0 0 0
11339 0.521558 -0.00114679 -0.0697241 0.01 47 47 0 0 0
11347 0.540837 -0.00108837 -0.086 0.01 80 80 0 0 0
11352 0.538335 -0.00109595 -0.0820192 0.01 47 47 0 0 0
11355 0.494942 -0.00122745 -0.0729369 0.01 60 60 0 0 0
11364 0.563079 -0.00102097 -0.0509352 0.01 60 60 0 0 0
11368 0.514368 -0.00116858 -0.0820192 0.01 47 47 0 0 0
11371 0.521558 -0.00114679 -0.0820192 0.01 46 46 0 0 0
11385 0.535783 -0.00110369 -0.0730639 0.01 46 46 0 0 0
11386 0.521558 -0.00114679 -0.074242 0.01 45 45 0 0 0
11397 0.521558 -0.00114679 -0.074242 0.01 46 45 0 0 0
11407 0.521558 -0.00114679 -0.0820192 0.01 47 47 0 0 0
11408 0.53848 -0.00109552 -0.086 0.01 80 80 0 0 0
11410 0.506078 -0.0011937 -0.0788278 0.01 60 60 0 0 0
11416 0.521558 -0.00114679 -0.0820192 0.01 46 46 0 0 0
11418 0.534691 -0.001107 -0.0727546 0.01 60 60 0 0 0
11419 0.517478 -0.00115916 -0.074242 0.01 46 46 0 0 0
11421 0.540837 -0.00108837 -0.086 0.01 81 81 0 0 0
11432 0.523023 -0.00114236 -0.0764162 0.01 60 60 0 0 0
11445 0.524167 -0.00113889 -0.074525 0.01 60 61 0 0 0
11450 0.521558 -0.00114679 -0.074242 0.01 45 45 0 0 0
11461 0.513905 -0.00116998 -0.0820192 0.01 47 47 0 0 0
11463 0.540837 -0.00108837 -0.086 0.01 80 80 0 0 0
11469 0.501154 -0.00120862 -0.0820192 0.01 46 46 0 0 0
11476 0.521558 -0.00114679 -0.0820192 0.01 46 46 0 0 0
11483 0.501154 -0.00120862 -0.0820192 0.01 47 47 0 0 0
11496 0.521558 -0.00114679 -0.0861294 0.01 47 47 0 0 0
11509 0.493256 -0.00123256 -0.0726957 0.01 60 59 0 0 0
11517 0.521558 -0.00114679 -0.074242 0.01 46 46 0 0 0
11518 0.521558 -0.00114679 -0.0820192 0.01 47 46 0 0 0
11525 0.521558 -0.00114679 -0.0820192 0.01 47 47 0 0 0
11528 0.521558 -0.00114679 -0.075566 0.01 46 47 0 0 0
11531 0.521558 -0.00114679 -0.074242 0.01 45 45 0 0 0
11558 0.521558 -0.00114679 -0.074242 0.01 46 46 0 0 0
11559 0.521558 -0.00114679 -0.0771939 0.01 46 46 0 0 0
11560 0.501154 -0.00120862 -0.0790911 0.01 46 46 0 0 0
11563 0.515333 -0.00116566 -0.0826564 0.01 60 59 -0.000737756 0 -0.00624024
11571 0.494942 -0.00122745 -0.0729369 0.01 60 60 0 0 0
11609 0.521558 -0.00114679 -0.0821113 0.01 47 47 0 0 0
11615 0.523632 -0.00114051 -0.074242 0.01 46 46 -0.00146028 0.00207424 0
11643 0.521558 -0.00114679 -0.0669804 0.01 45 45 0 0 0
11654 0.521558 -0.00114679 -0.074242 0.01 45 45 0 0 0
11655 0.521558 -0.00114679 -0.0820192 0.01 47 47 0 0 0
11661 0.521558 -0.00114679 -0.074242 0.01 47 47 0 0 0
11664 0.535783 -0.00110369 -0.0820192 0.01 46 46 0 0 0
11665 0.520644 -0.00114956 -0.0652172 0.01 60 60 0.00130427 0 0.00759994
11669 0.521558 -0.00114679 -0.0713274 0.01 47 47 0 0 0
11673 0.521558 -0.00114679 -0.0820192 0.01 46 46 0 0 0
11688 0.483556 -0.00126195 -0.0907942 0.01 60 60 0 0 0
11690 0.521558 -0.00114679 -0.0793882 0.01 46 46 0 0 0
11708 0.563488 -0.00101973 -0.0697725 0.01 80 80 0 0 0
11715 0.522087 -0.00114519 -0.074242 0.01 46 46 0 0 0
11728 0.546644 -0.00107077 -0.086 0.01 81 81 0 0 0
11734 0.526951 -0.00113045 -0.0690012 0.01 60 60 0 0 0
11753 0.521558 -0.00114679 -0.0820192 0.01 47 47 0 0 0
11756 0.521558 -0.00114679 -0.074242 0.01 45 45 0 0 0
11764 0.523374 -0.00114129 -0.0928641 0.01 60 60 0 0 0
11768 0.499157 -0.00121467 -0.129364 0.01 60 60 0 0 0
11770 0.521558 -0.00114679 -0.0771939 0.01 46 46 0 0 0
11772 0.540837 -0.00108837 -0.086 0.01 80 80 0 0 0
11782 0.522087 -0.00114519 -0.074242 0.01 47 46 0 0 0
11785 0.521558 -0.00114679 -0.074242 0.01 45 45 0 0 0
11787 0.540837 -0.00108837 -0.086 0.01 81 81 0 0 0
11790 0.521558 -0.00114679 -0.074242 0.01 45 45 0 0 0
11795 0.542263 -0.00108405 -0.086 0.01 80 80 0 0 0
11803 0.50099 -0.00120912 -0.0542334 0.01 60 56 0 0 0
11805 0.521558 -0.00114679 -0.074242 0.01 46 46 0 0 0
11810 0.522087 -0.00114519 -0.074242 0.01 46 46 0 0 0
11817 0.540837 -0.00108837 -0.086 0.01 80 80 0 0 0
11830 0.549002 -0.00106363 -0.0770575 0.01 46 46 -0.0183104 0.0274442 0
11831 0.521558 -0.00114679 -0.0748792 0.01 47 47 0 0 0
11835 0.521558 -0.00114679 -0.0820192 0.01 46 46 0 0 0
11838 0.493256 -0.00123256 -0.0726957 0.01 60 60 0 0 0
11847 0.500954 -0.00120923 -0.0820192 0.01 45 46 0 0 0
11851 0.540837 -0.00108837 -0.104264 0.01 80 80 0 0 0
11856 0.521558 -0.00114679 -0.0820192 0.01 46 46 0 0 0
11857 0.571273 -0.000996141 -0.0509352 0.01 60 60 0 0 0
11862 0.521558 -0.00114679 -0.0820192 0.01 46 46 0 0 0
11865 0.532558 -0.00111346 -0.0764162 0.01 60 60 0 0 0
11872 0.501154 -0.00120862 -0.0820192 0.01 47 47 0 0 0
11873 0.556269 -0.00104161 -0.0685803 0.01 60 59 0 0 0
11874 0.554816 -0.00104601 -0.0924473 0.01 60 61 0 0 0
11880 0.485789 -0.00125519 -0.0907942 0.01 60 60 0 0 0
11894 0.522087 -0.00114519 -0.074242 0.01 46 46 0 0 0
11895 0.526951 -0.00113045 -0.0690012 0.01 60 60 0 0 0
11910 0.521558 -0.00114679 -0.074242 0.01 45 45 0 0 0
11911 0.53848 -0.00109552 -0.086 0.01 80 80 0 0 0
11912 0.521558 -0.00114679 -0.0820192 0.01 47 47 0 0 0
11914 0.521558 -0.00114679 -0.0820192 0.01 47 47 0 0 0
11916 0.521558 -0.00114679 -0.074242 0.01 45 45 0 0 0
11929 0.521558 -0.00114679 -0.0820192 0.01 47 47 0 0 0
11935 0.521558 -0.00114679 -0.074242 0.01 45 45 0 0 0
11938 0.521558 -0.00114679 -0.0820192 0.01 47 47 0 0 0
11939 0.521558 -0.00114679 -0.074242 0.01 45 45 0 0 0
11941 0.521558 -0.00114679 -0.074242 0.01 46 46 0 0 0
11958 0.483556 -0.00126195 -0.0907942 0.01 60 60 0 0 0
11966 0.521558 -0.00114679 -0.074242 0.01 45 45 0 0 0
11970 0.521558 -0.00114679 -0.0820192 0.01 46 46 0 0 0
11975 0.529252 -0.00112348 -0.074242 0.01 45 45 0 0 0
11979 0.503214 -0.00120238 -0.129364 0.01 60 60 0 0 0
11991 0.502306 -0.00120513 -0.0642819 0.01 60 60 0 0 0
11994 0.501154 -0.00120862 -0.0790911 0.01 46 46 0 0 0
11995 0.521558 -0.00114679 -0.0820192 0.01 46 47 0 0 0
11997 0.521558 -0.00114679 -0.0820192 0.01 47 47 0 0 0
12018 0.540837 -0.00108837 -0.086 0.01 80 80 0 0 0
12022 0.521558 -0.00114679 -0.0846597 0.01 46 46 -0.000481173 0 -0.00264052
12028 0.521558 -0.00114679 -0.074242 0.01 47 47 0 0 0
12030 0.546644 -0.00107077 -0.086 0.01 80 80 0 0 0
12034 0.521558 -0.00114679 -0.074242 0.01 45 45 0 0 0
12040 0.521558 -0.00114679 -0.0820192 0.01 47 47 0 0 0
12047 0.521558 -0.00114679 -0.074242 0.01 46 46 0 0 0
12064 0.521558 -0.00114679 -0.074242 0.01 47 46 0 0 0
12066 0.505853 -0.00119439 -0.0793882 0.01 46 46 0.0114015 -0.0157049 0
12083 0.521558 -0.00114679 -0.0820192 0.01 46 46 0 0 0
12086 0.540837 -0.00108837 -0.086 0.01 80 80 0 0 0
12089 0.521558 -0.00114679 -0.0820192 0.01 47 47 0 0 0
12103 0.530508 -0.00111967 -0.0729369 0.01 60 60 0 0 0
12112 0.502306 -0.00120513 -0.0642819 0.01 60 60 0 0 0
12114 0.540186 -0.00109034 -0.0836568 0.01 47 47 0 0 0
12131 0.554816 -0.00104601 -0.0924473 0.01 60 60 0 0 0
12137 0.521558 -0.00114679 -0.0820192 0.01 47 47 0 0 0
12142 0.5296 -0.00112242 -0.0792391 0.01 47 46 0 0 0
12148 0.521558 -0.00114679 -0.074242 0.01 47 47 0 0 0
12164 0.522109 -0.00114512 -0.0738325 0.01 60 60 0 0 0
12178 0.563488 -0.00101973 -0.0697725 0.01 81 81 0 0 0
12189 0.540837 -0.00108837 -0.086 0.01 80 80 0 0 0
12194 0.593519 -0.00092873 -0.0832697 0.01 60 60 0 0 0
12223 0.521558 -0.00114679 -0.0820192 0.01 47 47 0 0 0
12240 0.510126 -0.00118144 -0.114712 0.01 60 60 0 0 0
12247 0.521558 -0.00114679 -0.074242 0.01 46 46 0 0 0
12253 0.521558 -0.00114679 -0.074242 0.01 45 45 0 0 0
12254 0.521558 -0.00114679 -0.074242 0.01 45 45 0 0 0
12262 0.526049 -0.00113319 -0.0764162 0.01 60 60 0 0 0
12269 0.500694 -0.00121002 -0.0907942 0.01 60 59 0 0 0
12270 0.521558 -0.00114679 -0.074242 0.01 45 45 0 0 0
12274 0.521558 -0.00114679 -0.074242 0.01 46 46 0 0 0
12278 0.522374 -0.00114432 -0.0764162 0.01 60 60 0 0 0
12287 0.521558 -0.00114679 -0.074242 0.01 46 46 0 0 0
12288 0.542179 -0.0010843 -0.0764162 0.01 60 60 0 0 0
12293 0.521558 -0.00114679 -0.0820192 0.01 47 48 0 0 0
12304 0.526348 -0.00113228 -0.074242 0.01 45 45 0 0 0
12307 0.539165 -0.00109344 -0.0820192 0.01 47 47 0 0 0
12316 0.518982 -0.0011546 -0.0764162 0.01 60 61 0 0 0
12317 0.521558 -0.00114679 -0.074242 0.01 45 45 0 0 0
12328 0.540837 -0.00108837 -0.086 0.01 80 80 0 0 0
12329 0.571112 -0.00099663 -0.00689917 0.01 60 60 0 0 0
12335 0.500954 -0.00120923 -0.0820192 0.01 46 46 0 0 0
12336 0.513579 -0.00117097 -0.0820192 0.01 46 46 0 0 0
12339 0.521558 -0.00114679 -0.074242 0.01 45 45 0 0 0
12340 0.521558 -0.00114679 -0.074242 0.01 45 45 0 0 0
12369 0.521558 -0.00114679 -0.0820192 0.01 46 46 0 0 0
12374 0.521558 -0.00114679 -0.074242 0.01 46 46 0 0 0
12376 0.521558 -0.00114679 -0.0820192 0.01 46 46 0 0 0
12383 0.521558 -0.00114679 -0.074242 0.01 47 47 0 0 0
12387 0.494942 -0.00122745 -0.0729369 0.01 60 60 0 0 0
12400 0.521558 -0.00114679 -0.074242 0.01 46 47 0 0 0
12405 0.522109 -0.00114512 -0.0764162 0.01 60 61 0 0 0
12438 0.543615 -0.00107995 -0.0496369 0.01 45 45 0 0 0
12444 0.563488 -0.00101973 -0.0697725 0.01 80 80 0 0 0
12445 0.510126 -0.00118144 -0.10711 0.01 60 60 0 0 0
12463 0.526951 -0.00113045 -0.0667382 0.01 60 61 0 0 0
12468 0.521558 -0.00114679 -0.0820192 0.01 46 46 0 0 0
12482 0.521558 -0.00114679 -0.0561414 0.01 45 45 0.00403419 0 0.0181006
12486 0.521558 -0.00114679 -0.074242 0.01 45 45 0 0 0
12489 0.521558 -0.00114679 -0.0820192 0.01 47 47 0 0 0
12506 0.546644 -0.00107077 -0.086 0.01 81 80 0 0 0
12511 0.524952 -0.00113651 -0.061103 0.01 60 60 0 0 0
12512 0.521558 -0.00114679 -0.0820192 0.01 46 46 0 0 0
12514 0.546853 -0.00107014 -0.0837437 0.01 46 48 0 0 0
12528 0.521558 -0.00114679 -0.0496369 0.01 45 45 0 0 0
12535 0.563488 -0.00101973 -0.0697725 0.01 80 80 0 0 0
12538 0.501154 -0.00120862 -0.0790911 0.01 45 45 0 0 0
12556 0.521558 -0.00114679 -0.074242 0.01 45 45 0 0 0
12559 0.517776 -0.00115825 -0.0788278 0.01 60 60 0 0 0
12574 0.548455 -0.00106529 -0.0820192 0.01 47 47 0 0 0
12578 0.520644 -0.00114956 -0.0728172 0.01 60 60 0 0 0
12596 0.521558 -0.00114679 -0.0820192 0.01 47 48 0 0 0
12602 0.521558 -0.00114679 -0.074242 0.01 46 46 0 0 0
12613 0.521558 -0.00114679 -0.074242 0.01 46 46 0 0 0
12616 0.521558 -0.00114679 -0.0820192 0.01 46 48 0 0 0
12619 0.494942 -0.00122745 -0.0729369 0.01 60 60 0 0 0
12631 0.521558 -0.00114679 -0.074242 0.01 45 45 0 0 0
12639 0.521558 -0.00114679 -0.0820192 0.01 47 47 0 0 0
12644 0.540837 -0.00108837 -0.082143 0.01 80 80 0 0 0
12645 0.521558 -0.00114679 -0.0700606 0.01 46 46 0 0 0
12649 0.52477 -0.00113706 -0.0764162 0.01 60 60 0 0 0
12651 0.5279 -0.00112758 -0.0820192 0.01 46 46 0.00530267 -0.00788254 0
12653 0.542263 -0.00108405 -0.0936926 0.01 80 80 -0.0183532 0 -0.00769259
12662 0.540186 -0.00109034 -0.0836568 0.01 47 47 0 0 0
12678 0.496241 -0.00122351 -0.0788278 0.01 47 51 0 0 0
12683 0.494942 -0.00122745 -0.0729369 0.01 60 60 0 0 0
12688 0.515333 -0.00116566 -0.0826564 0.01 60 60 0 0 0
12691 0.521558 -0.00114679 -0.074242 0.01 45 45 0 0 0
12703 0.521558 -0.00114679 -0.0820192 0.01 46 46 0 0 0
12712 0.521558 -0.00114679 -0.074242 0.01 46 46 0 0 0
12716 0.501154 -0.00120862 -0.0790911 0.01 46 46 0 0 0
12727 0.521558 -0.00114679 -0.074242 0.01 47 47 0 0 0
12729 0.527271 -0.00112948 -0.0837437 0.01 47 48 0 0 0
12731 0.559193 -0.00103275 -0.0718317 0.01 60 60 0.000694692 0 0.00458445
12733 0.521558 -0.00114679 -0.0810204 0.01 46 46 0 0 0
12738 0.521558 -0.00114679 -0.0820192 0.01 46 47 0 0 0
12752 0.521558 -0.00114679 -0.074242 0.01 46 45 0 0 0
12762 0.50099 -0.00120912 -0.0692257 0.01 60 59 0 0 0
12770 0.540837 -0.00108837 -0.0768272 0.01 80 80 0 0 0
12780 0.541543 -0.00108623 -0.0774721 0.01 60 59 0 0 0
12788 0.521558 -0.00114679 -0.074242 0.01 45 45 0 0 0
12799 0.521558 -0.00114679 -0.0820192 0.01 47 47 0 0 0
12810 0.521558 -0.00114679 -0.074242 0.01 46 46 0 0 0
12815 0.541543 -0.00108623 -0.0774721 0.01 60 60 0 0 0
12829 0.501154 -0.00120862 -0.0790911 0.01 45 45 0 0 0
12835 0.500954 -0.00120923 -0.0820192 0.01 46 46 0 0 0
12836 0.521558 -0.00114679 -0.074242 0.01 46 46 0 0 0
12841 0.521558 -0.00114679 -0.0744388 0.01 45 45 0 0 0
12849 0.521558 -0.00114679 -0.074242 0.01 47 47 0 0 0
12864 0.501154 -0.00120862 -0.0790911 0.01 46 46 0 0 0
12867 0.521558 -0.00114679 -0.0820192 0.01 47 48 0 0 0
12881 0.538335 -0.00109595 -0.0820192 0.01 47 47 0 0 0
12890 0.521558 -0.00114679 -0.0820192 0.01 47 47 0 0 0
12908 0.503155 -0.00120256 -0.066 0.01 60 60 0 0 0
12914 0.50099 -0.00120912 -0.0631926 0.01 60 58 0 0 0
12922 0.521558 -0.00114679 -0.0800723 0.01 46 46 0 0 0
12951 0.521558 -0.00114679 -0.074242 0.01 46 46 0 0 0
12952 0.531602 -0.00111636 -0.0820192 0.01 46 47 -0.00718698 0.010044 0
12964 0.521558 -0.00114679 -0.074242 0.01 45 45 0 0 0
12969 0.540837 -0.00108837 -0.086 0.01 82 82 0 0 0
12992 0.521558 -0.00114679 -0.074242 0.01 45 45 0 0 0
13000 0.521558 -0.00114679 -0.074242 0.01 45 45 0 0 0
13008 0.521558 -0.00114679 -0.0820192 0.01 46 46 0 0 0
13029 0.521558 -0.00114679 -0.0820192 0.01 47 47 0 0 0
13030 0.521558 -0.00114679 -0.074242 0.01 45 45 0 0 0
13048 0.494942 -0.00122745 -0.0729369 0.01 60 59 0 0 0
13060 0.521558 -0.00114679 -0.0820192 0.01 47 47 0 0 0
13062 0.539165 -0.00109344 -0.0820192 0.01 47 47 0 0 0
13063 0.535783 -0.00110369 -0.0820192 0.01 47 47 0 0 0
13066 0.521558 -0.00114679 -0.074242 0.01 45 45 0 0 0
13069 0.521558 -0.00114679 -0.074242 0.01 47 47 0 0 0
13072 0.517478 -0.00115916 -0.074242 0.01 46 46 0 0 0
13073 0.526049 -0.00113319 -0.079592 0.01 60 60 0 0 0
13075 0.475478 -0.00128643 -0.0729369 0.01 60 61 0 0 0
13084 0.524952 -0.00113651 -0.0440291 0.01 60 60 0 0 0
13087 0.571112 -0.00099663 -0.00689917 0.01 60 60 0 0 0
13095 0.521558 -0.00114679 -0.0820192 0.01 47 47 0 0 0
13096 0.514368 -0.00116858 -0.0820192 0.01 47 46 0 0 0
13098 0.521558 -0.00114679 -0.0820192 0.01 47 47 0 0 0
13101 0.521558 -0.00114679 -0.0820192 0.01 47 46 0 0 0
13103 0.535783 -0.00110369 -0.0820192 0.01 46 46 0 0 0
13108 0.546853 -0.00107014 -0.0837437 0.01 47 47 0 0 0
13110 0.521558 -0.00114679 -0.074242 0.01 46 46 0 0 0
13123 0.521947 -0.00114562 -0.0820192 0.01 60 60 0 0 0
13124 0.540837 -0.00108837 -0.104264 0.01 80 80 0 0 0
13127 0.521558 -0.00114679 -0.0820192 0.01 46 46 0 0 0
13128 0.50099 -0.00120912 -0.0692257 0.01 60 60 0 0 0
13138 0.521558 -0.00114679 -0.074242 0.01 45 45 0 0 0
13144 0.521558 -0.00114679 -0.0814031 0.01 47 47 -0.00149225 0 -0.0100756
13153 0.521558 -0.00114679 -0.08765 0.01 47 47 0 0 0
13162 0.499926 -0.00121235 -0.0833305 0.01 60 60 0 0 0
13165 0.521558 -0.00114679 -0.0946776 0.01 47 47 0 0 0
13169 0.535783 -0.00110369 -0.0820192 0.01 47 47 0 0 0
13170 0.521558 -0.00114679 -0.074242 0.01 45 45 0 0 0
13171 0.521558 -0.00114679 -0.074242 0.01 45 45 0 0 0
13176 0.525762 -0.00113405 -0.0820192 0.01 47 47 -0.00304364 0.00420463 0
13195 0.53045 -0.00111985 -0.0788278 0.01 60 60 0 0 0
13204 0.535783 -0.00110369 -0.0820192 0.01 46 46 0 0 0
13205 0.521558 -0.00114679 -0.0820192 0.01 47 47 0 0 0
13220 0.501154 -0.00120862 -0.0790911 0.01 46 46 0 0 0
13241 0.513202 -0.00117212 -0.0593036 0.01 60 60 0 0 0
13245 0.501154 -0.00120862 -0.0790911 0.01 46 46 0 0 0
13246 0.540837 -0.00108837 -0.086 0.01 80 80 0 0 0
13258 0.521006 -0.00114847 -0.0728202 0.01 60 60 0 0 0
13262 0.540837 -0.00108837 -0.086 0.01 80 80 0 0 0
13270 0.524952 -0.00113651 -0.0648939 0.01 60 60 0 0 0
13279 0.524109 -0.00113906 -0.0788278 0.01 60 60 0 0 0
13288 0.521947 -0.00114562 -0.0820192 0.01 60 60 0 0 0
13312 0.521558 -0.00114679 -0.074242 0.01 45 45 0 0 0
13315 0.521558 -0.00114679 -0.0820192 0.01 46 46 0 0 0
13338 0.51919 -0.00115397 -0.0820192 0.01 47 47 -0.00358687 0.00482172 0
13340 0.521558 -0.00114679 -0.0820192 0.01 46 46 0 0 0
13341 0.483556 -0.00126195 -0.0907942 0.01 60 60 0 0 0
13348 0.521558 -0.00114679 -0.074242 0.01 45 45 0 0 0
13369 0.540837 -0.00108837 -0.086 0.01 82 82 0 0 0
13394 0.538335 -0.00109595 -0.0837437 0.01 47 47 0 0 0
13396 0.521558 -0.00114679 -0.0820192 0.01 45 47 0 0 0
13398 0.521558 -0.00114679 -0.0820192 0.01 46 46 0 0 0
13399 0.521558 -0.00114679 -0.074242 0.01 46 46 0 0 0
13402 0.521558 -0.00114679 -0.0820192 0.01 46 46 0 0 0
13409 0.522087 -0.00114519 -0.074242 0.01 47 46 0 0 0
13411 0.521558 -0.00114679 -0.0820192 0.01 47 47 0 0 0
13412 0.521558 -0.00114679 -0.074242 0.01 46 46 0 0 0
13413 0.521558 -0.00114679 -0.0821113 0.01 47 48 0 0 0
13420 0.540837 -0.00108837 -0.086 0.01 80 80 0 0 0
13424 0.522087 -0.00114519 -0.074242 0.01 46 46 0 0 0
13441 0.540265 -0.00109011 -0.0820192 0.01 46 48 0 0 0
13450 0.540837 -0.00108837 -0.086 0.01 80 80 0 0 0
13455 0.563488 -0.00101973 -0.0697725 0.01 81 81 0 0 0
13461 0.521558 -0.00114679 -0.0820192 0.01 46 46 0 0 0
13466 0.521558 -0.00114679 -0.074242 0.01 45 45 0 0 0
13467 0.521558 -0.00114679 -0.0675476 0.01 45 45 0 0 0
13470 0.521558 -0.00114679 -0.0820192 0.01 47 47 0 0 0
13481 0.535248 -0.00110531 -0.086 0.01 80 80 0.00259362 -0.00558907 0
13487 0.510454 -0.00118044 -0.0689434 0.01 60 60 0 0 0
13506 0.521558 -0.00114679 -0.0820192 0.01 46 46 0 0 0
13518 0.563488 -0.00101973 -0.0697725 0.01 80 80 0 0 0
13521 0.526348 -0.00113228 -0.074242 0.01 45 45 0 0 0
13529 0.540837 -0.00108837 -0.086 0.01 80 80 0 0 0
13533 0.521558 -0.00114679 -0.0820192 0.01 46 46 0 0 0
13540 0.487004 -0.0012515 -0.066 0.01 60 59 0 0 0
13545 0.514368 -0.00116858 -0.0820192 0.01 47 46 0 0 0
13550 0.521015 -0.00114844 -0.0505038 0.01 60 60 0 0 0
13555 0.521558 -0.00114679 -0.0820192 0.01 46 46 0 0 0
13580 0.521558 -0.00114679 -0.074242 0.01 45 45 0 0 0
13599 0.542179 -0.0010843 -0.0764162 0.01 60 60 0 0 0
13610 0.52477 -0.00113706 -0.0576955 0.01 60 60 0 0 0
13632 0.521558 -0.00114679 -0.074242 0.01 45 45 0 0 0
13634 0.538335 -0.00109595 -0.0820192 0.01 47 47 0 0 0
13672 0.523023 -0.00114236 -0.0764162 0.01 60 60 0 0 0
13682 0.521558 -0.00114679 -0.074242 0.01 45 45 0 0 0
13685 0.483556 -0.00126195 -0.0907942 0.01 60 60 0 0 0
13714 0.521558 -0.00114679 -0.0669804 0.01 45 45 0 0 0
13715 0.554816 -0.00104601 -0.0924473 0.01 60 60 0 0 0
13717 0.521558 -0.00114679 -0.0658304 0.01 45 46 0.00155346 0 0.00841164
13724 0.521006 -0.00114847 -0.0990946 0.01 60 60 -0.00446054 0 -0.0262744
13725 0.53072 -0.00111903 -0.0764162 0.01 60 61 0 0 0
13730 0.521558 -0.00114679 -0.074242 0.01 45 45 0 0 0
13731 0.540837 -0.00108837 -0.086 0.01 80 80 0 0 0
13736 0.521558 -0.00114679 -0.074242 0.01 45 45 0 0 0
13764 0.521558 -0.00114679 -0.074242 0.01 47 46 0 0 0
13769 0.521558 -0.00114679 -0.0803479 0.01 46 46 -0.00111815 0 -0.00610591
13771 0.521558 -0.00114679 -0.074242 0.01 45 45 0 0 0
13783 0.521558 -0.00114679 -0.0820192 0.01 46 46 0 0 0
13791 0.521558 -0.00114679 -0.0675476 0.01 45 45 0 0 0
13800 0.521558 -0.00114679 -0.0820192 0.01 46 49 0 0 0
13801 0.540837 -0.00108837 -0.086 0.01 80 80 0 0 0
13802 0.521558 -0.00114679 -0.0818944 0.01 47 47 0 0 0
13816 0.529537 -0.00112262 -0.107323 0.01 60 60 0 0 0
13818 0.521558 -0.00114679 -0.074242 0.01 45 45 0 0 0
13833 0.535783 -0.00110369 -0.0820192 0.01 47 47 0 0 0
13849 0.521558 -0.00114679 -0.0820192 0.01 47 47 0 0 0
13869 0.487004 -0.0012515 -0.066 0.01 60 60 0 0 0
13870 0.532558 -0.00111346 -0.0764162 0.01 60 60 0 0 0
13878 0.521947 -0.00114562 -0.0820192 0.01 60 60 0 0 0
13887 0.551094 -0.00105729 -0.0821176 0.01 60 59 0 0 0
13891 0.540837 -0.00108837 -0.086 0.01 81 81 0 0 0
13892 0.540837 -0.00108837 -0.082143 0.01 80 80 0 0 0
13893 0.537848 -0.00109743 -0.0764162 0.01 60 60 -0.00472647 0.00528967 0
13912 0.521558 -0.00114679 -0.074242 0.01 46 46 0 0 0
13928 0.501154 -0.00120862 -0.0790911 0.01 45 45 0 0 0
13929 0.521558 -0.00114679 -0.074242 0.01 46 46 0 0 0
13930 0.521558 -0.00114679 -0.074242 0.01 45 45 0 0 0
13940 0.521006 -0.00114847 -0.0728202 0.01 60 60 0 0 0
13947 0.563488 -0.00101973 -0.0697725 0.01 80 80 0 0 0
13958 0.521558 -0.00114679 -0.0820192 0.01 47 47 0 0 0
13970 0.521558 -0.00114679 -0.074242 0.01 45 47 0 0 0
13986 0.521558 -0.00114679 -0.074242 0.01 45 45 0 0 0
14019 0.563488 -0.00101973 -0.05787 0.01 80 80 0 0 0
14026 0.521558 -0.00114679 -0.0820192 0.01 47 48 0 0 0
14047 0.522717 -0.00114328 -0.0788278 0.01 60 60 0 0 0
14049 0.522109 -0.00114512 -0.0764162 0.01 60 60 0 0 0
14054 0.521015 -0.00114844 -0.0505038 0.01 60 60 0 0 0
14056 0.521015 -0.00114844 -0.0736008 0.01 60 60 0 0 0
14058 0.501705 -0.00120696 -0.0820192 0.01 47 47 0 0 0
14063 0.522717 -0.00114328 -0.0788278 0.01 60 60 0 0 0
14076 0.521558 -0.00114679 -0.0820192 0.01 45 46 0 0 0
14087 0.535783 -0.00110369 -0.0820192 0.01 46 46 0 0 0
14088 0.521558 -0.00114679 -0.0820192 0.01 47 47 0 0 0
14099 0.521558 -0.00114679 -0.0820192 0.01 46 47 0 0 0
14105 0.535783 -0.00110369 -0.0734686 0.01 47 47 0 0 0
14106 0.521558 -0.00114679 -0.0820192 0.01 46 46 0 0 0
14108 0.522087 -0.00114519 -0.0593626 0.01 46 46 0 0 0
14110 0.506923 -0.00119114 -0.074242 0.01 46 46 0 0 0
14112 0.521558 -0.00114679 -0.074242 0.01 45 45 0 0 0
14127 0.521558 -0.00114679 -0.074242 0.01 45 45 0 0 0
14131 0.540265 -0.00109011 -0.0820192 0.01 47 47 0 0 0
14146 0.522109 -0.00114512 -0.0764162 0.01 60 60 0 0 0
14155 0.521947 -0.00114562 -0.0820192 0.01 60 60 0 0 0
14160 0.510126 -0.00118144 -0.117156 0.01 60 60 0 0 0
14192 0.521558 -0.00114679 -0.0820192 0.01 47 47 0 0 0
14211 0.521558 -0.00114679 -0.0713274 0.01 47 47 0 0 0
14213 0.521558 -0.00114679 -0.0820192 0.01 46 46 0 0 0
14221 0.521558 -0.00114679 -0.0820192 0.01 47 47 0 0 0
14231 0.512999 -0.00117273 -0.0820192 0.01 47 47 0 0 0
14238 0.540837 -0.00108837 -0.086 0.01 80 80 0 0 0
14244 0.521558 -0.00114679 -0.0820192 0.01 47 47 0 0 0
14248 0.521558 -0.00114679 -0.0821113 0.01 46 46 0 0 0
14251 0.526485 -0.00113186 -0.0820192 0.01 47 47 0 0 0
14265 0.521558 -0.00114679 -0.074242 0.01 45 45 0 0 0
14278 0.521558 -0.00114679 -0.074242 0.01 46 45 0 0 0
14288 0.521558 -0.00114679 -0.074242 0.01 45 45 0 0 0
14291 0.521558 -0.00114679 -0.074242 0.01 46 46 0 0 0
14296 0.506078 -0.0011937 -0.0788278 0.01 60 60 0 0 0
14301 0.521558 -0.00114679 -0.074242 0.01 45 45 0 0 0
14306 0.521558 -0.00114679 -0.0820192 0.01 46 47 0 0 0
14313 0.521558 -0.00114679 -0.0820192 0.01 47 47 0 0 0
14319 0.521558 -0.00114679 -0.074242 0.01 45 45 0 0 0
14321 0.521558 -0.00114679 -0.0810204 0.01 46 46 0 0 0
14329 0.520089 -0.00115124 -0.114712 0.01 60 60 0 0 0
14330 0.521558 -0.00114679 -0.074242 0.01 46 46 0 0 0
14335 0.538335 -0.00109595 -0.0837437 0.01 47 47 0 0 0
14352 0.521558 -0.00114679 -0.0732621 0.01 47 47 0 0 0
14353 0.521558 -0.00114679 -0.0820192 0.01 45 46 0 0 0
14359 0.521558 -0.00114679 -0.0820192 0.01 46 47 0 0 0
14373 0.501154 -0.00120862 -0.0790911 0.01 46 46 0 0 0
14394 0.522087 -0.00114519 -0.0593626 0.01 46 46 0 0 0
14399 0.518154 -0.00115711 -0.086 0.01 82 82 0 0 0
14407 0.539165 -0.00109344 -0.0820192 0.01 47 47 0 0 0
14413 0.521558 -0.00114679 -0.0820192 0.01 47 47 0 0 0
14417 0.521558 -0.00114679 -0.0820192 0.01 46 46 0 0 0
14418 0.500954 -0.00120923 -0.0820192 0.01 46 46 0 0 0
14419 0.521558 -0.00114679 -0.074242 0.01 46 46 0 0 0
14426 0.501154 -0.00120862 -0.0790911 0.01 46 46 0 0 0
14435 0.521558 -0.00114679 -0.074242 0.01 45 45 0 0 0
14440 0.555938 -0.00104261 -0.0820192 0.01 47 47 0 0 0
14441 0.540837 -0.00108837 -0.086 0.01 81 81 0 0 0
14443 0.524952 -0.00113651 -0.061103 0.01 60 60 0 0 0
14448 0.539165 -0.00109344 -0.0820192 0.01 47 47 0 0 0
14450 0.521558 -0.00114679 -0.0820192 0.01 47 47 0 0 0
14454 0.510454 -0.00118044 -0.0689434 0.01 60 61 0 0 0
14459 0.521558 -0.00114679 -0.0820192 0.01 47 47 0 0 0
14472 0.521558 -0.00114679 -0.074242 0.01 46 46 0 0 0
14482 0.521558 -0.00114679 -0.0820192 0.01 47 46 0 0 0
14497 0.521558 -0.00114679 -0.074242 0.01 47 46 0 0 0
14500 0.521558 -0.00114679 -0.074242 0.01 45 45 0 0 0
14506 0.521558 -0.00114679 -0.074242 0.01 45 46 0 0 0
14517 0.539414 -0.00109269 -0.110103 0.01 60 60 0 0 0
14541 0.521558 -0.00114679 -0.0820192 0.01 47 47 0 0 0
14543 0.521558 -0.00114679 -0.0846597 0.01 46 46 0 0 0
14550 0.535783 -0.00110369 -0.0820192 0.01 46 46 0 0 0
14566 0.535783 -0.00110369 -0.0820192 0.01 47 47 0 0 0
14579 0.521558 -0.00114679 -0.0820192 0.01 46 46 0 0 0
14593 0.521558 -0.00114679 -0.074242 0.01 46 46 0 0 0
14598 0.521558 -0.00114679 -0.0820192 0.01 46 46 0 0 0
14603 0.521558 -0.00114679 -0.0820192 0.01 47 47 0 0 0
14609 0.521558 -0.00114679 -0.074242 0.01 46 46 0 0 0
14611 0.521558 -0.00114679 -0.0820192 0.01 46 47 0 0 0
14614 0.515179 -0.00116612 -0.104686 0.01 60 60 0 0 0
14633 0.513579 -0.00117097 -0.0820192 0.01 46 47 0 0 0
14635 0.521558 -0.00114679 -0.0820192 0.01 46 46 0 0 0
14640 0.540265 -0.00109011 -0.0820192 0.01 46 47 0 0 0
14659 0.512999 -0.00117273 -0.0820192 0.01 46 47 0 0 0
14662 0.521558 -0.00114679 -0.0820192 0.01 46 47 0 0 0
14668 0.521558 -0.00114679 -0.0820192 0.01 47 46 0 0 0
14673 0.522374 -0.00114432 -0.0764162 0.01 60 58 0 0 0
14692 0.563488 -0.00101973 -0.0697725 0.01 80 80 0 0 0
14693 0.543615 -0.00107995 -0.0496369 0.01 45 45 0 0 0
14696 0.521558 -0.00114679 -0.0820192 0.01 46 46 0 0 0
14701 0.501154 -0.00120862 -0.0790911 0.01 46 45 0 0 0
14718 0.525549 -0.0011347 -0.074242 0.01 45 45 0 0 0
14720 0.483556 -0.00126195 -0.0907942 0.01 60 60 0 0 0
14722 0.563488 -0.00101973 -0.0697725 0.01 80 80 0 0 0
14729 0.510126 -0.00118144 -0.10711 0.01 60 60 0 0 0
14750 0.521558 -0.00114679 -0.074242 0.01 46 46 0 0 0
14751 0.52477 -0.00113706 -0.0851181 0.01 60 60 0 0 0
14761 0.540837 -0.00108837 -0.086 0.01 81 81 0 0 0
14764 0.521947 -0.00114562 -0.0820192 0.01 60 60 0 0 0
14765 0.542263 -0.00108405 -0.086 0.01 80 80 0 0 0
14768 0.521558 -0.00114679 -0.0577781 0.01 45 45 0 0 0
14769 0.549019 -0.00106358 -0.0850811 0.01 60 60 0 0 0
14770 0.521558 -0.00114679 -0.0793882 0.01 46 46 0 0 0
14773 0.517478 -0.00115916 -0.074242 0.01 46 46 0 0 0
14781 0.521558 -0.00114679 -0.0820192 0.01 47 47 0 0 0
14796 0.542263 -0.00108405 -0.086 0.01 80 80 0 0 0
14804 0.521558 -0.00114679 -0.0846597 0.01 46 46 0 0 0
14812 0.535783 -0.00110369 -0.0820192 0.01 46 46 0 0 0
14815 0.535783 -0.00110369 -0.0730639 0.01 46 46 0 0 0
14824 0.521558 -0.00114679 -0.074242 0.01 45 45 0 0 0
14840 0.501154 -0.00120862 -0.0790911 0.01 46 46 0 0 0
14846 0.521558 -0.00114679 -0.0945392 0.01 47 48 0 0 0
14866 0.521558 -0.00114679 -0.074242 0.01 46 46 0 0 0
14874 0.523998 -0.0011394 -0.0820192 0.01 60 60 0 0 0
14875 0.521558 -0.00114679 -0.0820192 0.01 47 47 0 0 0
14877 0.522087 -0.00114519 -0.074242 0.01 46 46 0 0 0
14880 0.538335 -0.00109595 -0.0837437 0.01 47 47 0 0 0
14888 0.535783 -0.00110369 -0.0820192 0.01 46 46 0 0 0
14889 0.521947 -0.00114562 -0.0820192 0.01 60 60 0 0 0
14890 0.521558 -0.00114679 -0.0733447 0.01 45 45 0 0 0
14899 0.529252 -0.00112348 -0.074242 0.01 45 45 0 0 0
14901 0.538335 -0.00109595 -0.0820192 0.01 47 47 0 0 0
14909 0.542263 -0.00108405 -0.086 0.01 80 80 0 0 0
14930 0.523375 -0.00114129 -0.0729903 0.01 47 49 0 0 0
14932 0.540837 -0.00108837 -0.086 0.01 80 80 0 0 0
14937 0.521558 -0.00114679 -0.074242 0.01 47 47 0 0 0
14940 0.521558 -0.00114679 -0.0793882 0.01 45 46 0 0 0
14942 0.521558 -0.00114679 -0.074242 0.01 47 46 0 0 0
14950 0.520644 -0.00114956 -0.0728172 0.01 60 60 0 0 0
14962 0.521558 -0.00114679 -0.0820192 0.01 47 47 0 0 0
14967 0.571112 -0.00099663 -0.00689917 0.01 60 60 0 0 0
14972 0.521558 -0.00114679 -0.0820192 0.01 47 47 0 0 0
14984 0.522484 -0.00114399 -0.0820192 0.01 47 47 -0.000674754 0.000926137 0
14991 0.521558 -0.00114679 -0.0751118 0.01 47 48 0 0 0
15002 0.497633 -0.00121929 -0.0907942 0.01 60 60 0 0 0
15008 0.540837 -0.00108837 -0.086 0.01 81 81 0 0 0
15018 0.513018 -0.00117267 -0.0767822 0.01 60 59 0 0 0
15040 0.521558 -0.00114679 -0.0820192 0.01 46 46 0 0 0
15063 0.522717 -0.00114328 -0.0788278 0.01 60 60 0 0 0
15064 0.521558 -0.00114679 -0.074242 0.01 45 45 0 0 0
15065 0.540837 -0.00108837 -0.086 0.01 82 81 0 0 0
15086 0.521558 -0.00114679 -0.0820192 0.01 47 47 0 0 0
15088 0.521558 -0.00114679 -0.0846597 0.01 46 46 0 0 0
15093 0.521947 -0.00114562 -0.0820192 0.01 60 60 0 0 0
15098 0.503214 -0.00120238 -0.129364 0.01 60 60 0 0 0
15109 0.564593 -0.00101638 -0.00689917 0.01 60 60 0 0 0
15120 0.521558 -0.00114679 -0.074242 0.01 46 46 0 0 0
15126 0.521558 -0.00114679 -0.074242 0.01 45 45 0 0 0
15129 0.540837 -0.00108837 -0.086 0.01 81 81 0 0 0
15130 0.52252 -0.00114388 -0.0820192 0.01 47 47 0 0 0
15145 0.547917 -0.00106692 -0.074242 0.01 46 46 0 0 0
15147 0.520644 -0.00114956 -0.0728172 0.01 60 60 0 0 0
15157 0.521558 -0.00114679 -0.0821113 0.01 46 47 0 0 0
15162 0.521558 -0.00114679 -0.0820192 0.01 46 46 0 0 0
15169 0.563488 -0.00101973 -0.05787 0.01 80 79 0 0 0
15172 0.524952 -0.00113651 -0.061103 0.01 60 60 0 0 0
15176 0.539165 -0.00109344 -0.0820192 0.01 47 47 0 0 0
15179 0.554816 -0.00104601 -0.0924473 0.01 60 60 0 0 0
15182 0.521558 -0.00114679 -0.074242 0.01 45 45 0 0 0
15190 0.553996 -0.0010485 -0.0764162 0.01 60 60 0 0 0
15196 0.514368 -0.00116858 -0.0820192 0.01 46 48 0 0 0
15241 0.521558 -0.00114679 -0.0820192 0.01 47 47 0 0 0
15247 0.521558 -0.00114679 -0.0820192 0.01 46 46 0 0 0
15248 0.50099 -0.00120912 -0.0692257 0.01 60 60 0 0 0
15264 0.506078 -0.0011937 -0.0650681 0.01 60 60 0.00246838 0 0.0137597
15270 0.521558 -0.00114679 -0.0820192 0.01 47 47 0 0 0
15284 0.521558 -0.00114679 -0.0820192 0.01 47 47 0 0 0
15289 0.521558 -0.00114679 -0.0820192 0.01 45 47 0 0 0
15328 0.522374 -0.00114432 -0.0764162 0.01 60 61 0 0 0
15334 0.540837 -0.00108837 -0.086 0.01 81 81 0 0 0
15337 0.489631 -0.00124354 -0.0820192 0.01 47 47 0 0 0
15346 0.540837 -0.00108837 -0.104264 0.01 80 80 0 0 0
15349 0.571659 -0.000994974 -0.0755206 0.01 60 60 0 0 0
15356 0.544974 -0.00107584 -0.0780313 0.01 46 47 0 0 0
15366 0.521558 -0.00114679 -0.074242 0.01 45 45 0 0 0
15384 0.521558 -0.00114679 -0.0820192 0.01 47 47 0 0 0
15391 0.494942 -0.00122745 -0.0729369 0.01 60 60 0 0 0
15393 0.521558 -0.00114679 -0.0820192 0.01 47 47 0 0 0
15397 0.540837 -0.00108837 -0.086 0.01 80 80 0 0 0
15411 0.52477 -0.00113706 -0.0764162 0.01 60 60 0 0 0
15412 0.540837 -0.00108837 -0.086 0.01 80 80 0 0 0
15419 0.50099 -0.00120912 -0.0692257 0.01 60 60 0 0 0
15422 0.540837 -0.00108837 -0.086 0.01 80 80 0 0 0
15423 0.521558 -0.00114679 -0.077046 0.01 46 46 0 0 0
15437 0.500954 -0.00120923 -0.0820192 0.01 46 46 0 0 0
15439 0.535783 -0.00110369 -0.0820192 0.01 46 46 0 0 0
15446 0.543789 -0.00107943 -0.0739922 0.01 47 47 0 0 0
15447 0.563488 -0.00101973 -0.0697725 0.01 81 81 0 0 0
15452 0.521558 -0.00114679 -0.074242 0.01 47 47 0 0 0
15471 0.521558 -0.00114679 -0.0820192 0.01 47 47 0 0 0
15490 0.517478 -0.00115916 -0.074242 0.01 46 46 0 0 0
15498 0.521558 -0.00114679 -0.074242 0.01 46 46 0 0 0
15499 0.494942 -0.00122745 -0.0729369 0.01 60 61 0 0 0
15514 0.521558 -0.00114679 -0.074242 0.01 46 46 0 0 0
15533 0.490119 -0.00124207 -0.0820192 0.01 47 47 0.0240066 -0.030837 0
15537 0.510126 -0.00118144 -0.10711 0.01 60 60 0 0 0
15548 0.522087 -0.00114519 -0.074242 0.01 46 46 0 0 0
15565 0.522087 -0.00114519 -0.074242 0.01 46 46 0 0 0
15567 0.538335 -0.00109595 -0.0820192 0.01 47 49 0 0 0
15570 0.514537 -0.00116807 -0.0820192 0.01 47 47 0 0 0
15572 0.521558 -0.00114679 -0.074242 0.01 45 46 0 0 0
15598 0.522087 -0.00114519 -0.074242 0.01 45 45 0 0 0
15613 0.521558 -0.00114679 -0.0820192 0.01 47 47 0 0 0
15614 0.483556 -0.00126195 -0.102436 0.01 60 60 -0.0022094 0 -0.0116415
15618 0.522087 -0.00114519 -0.074242 0.01 47 47 0 0 0
15625 0.521558 -0.00114679 -0.0820192 0.01 46 46 0 0 0
15632 0.521947 -0.00114562 -0.0820192 0.01 60 60 0 0 0
15638 0.521558 -0.00114679 -0.074242 0.01 46 46 0 0 0
15640 0.510126 -0.00118144 -0.10711 0.01 60 60 0 0 0
15649 0.512186 -0.00117519 -0.0820192 0.01 60 60 0 0 0
15661 0.524952 -0.00113651 -0.0648939 0.01 60 60 0 0 0
15672 0.540837 -0.00108837 -0.086 0.01 80 80 0 0 0
15687 0.521558 -0.00114679 -0.0820192 0.01 47 47 0 0 0
15688 0.540837 -0.00108837 -0.086 0.01 82 82 0 0 0
15690 0.521558 -0.00114679 -0.074242 0.01 47 46 0 0 0
15691 0.521558 -0.00114679 -0.074242 0.01 45 45 0 0 0
15713 0.530508 -0.00111967 -0.093622 0.01 60 60 -0.00341302 0 -0.0206852
15743 0.521558 -0.00114679 -0.074242 0.01 45 45 0 0 0
15745 0.521558 -0.00114679 -0.0820192 0.01 47 47 0 0 0
15746 0.53848 -0.00109552 -0.086 0.01 80 80 0 0 0
15747 0.535783 -0.00110369 -0.0730639 0.01 46 46 0 0 0
15749 0.521558 -0.00114679 -0.074242 0.01 45 45 0 0 0
15754 0.521006 -0.00114847 -0.0728202 0.01 60 60 0 0 0
15756 0.529676 -0.00112219 -0.0820192 0.01 60 60 0 0 0
15762 0.542179 -0.0010843 -0.0764162 0.01 60 61 0 0 0
15769 0.521558 -0.00114679 -0.0820192 0.01 46 46 0 0 0
15774 0.521558 -0.00114679 -0.074242 0.01 45 45 0 0 0
15775 0.521558 -0.00114679 -0.074242 0.01 46 46 0 0 0
15792 0.563488 -0.00101973 -0.0697725 0.01 80 80 0 0 0
15799 0.500954 -0.00120923 -0.0820192 0.01 46 46 0 0 0
15800 0.521558 -0.00114679 -0.0820192 0.01 47 47 0 0 0
15804 0.521558 -0.00114679 -0.074242 0.01 45 45 0 0 0
15810 0.521558 -0.00114679 -0.0748792 0.01 47 47 0 0 0
15816 0.521558 -0.00114679 -0.074242 0.01 46 46 0 0 0
15817 0.546975 -0.00106977 -0.074242 0.01 46 46 0 0 0
15820 0.501154 -0.00120862 -0.0820192 0.01 47 47 0 0 0
15822 0.521558 -0.00114679 -0.074242 0.01 45 45 0 0 0
15832 0.540837 -0.00108837 -0.091554 0.01 80 80 0 0 0
15836 0.520089 -0.00115124 -0.114712 0.01 60 60 -0.00927871 0.00996375 0
15838 0.521558 -0.00114679 -0.0820192 0.01 46 46 0 0 0
15845 0.521558 -0.00114679 -0.0820192 0.01 46 47 0 0 0
15846 0.535783 -0.00110369 -0.0820192 0.01 46 46 0 0 0
15867 0.521558 -0.00114679 -0.0820192 0.01 47 47 0 0 0
15868 0.521558 -0.00114679 -0.0820192 0.01 47 47 0 0 0
15872 0.521558 -0.00114679 -0.0820192 0.01 47 47 0 0 0
15876 0.521558 -0.00114679 -0.0820192 0.01 46 46 0 0 0
15880 0.521558 -0.00114679 -0.074242 0.01 45 45 0 0 0
15882 0.521558 -0.00114679 -0.0820192 0.01 46 46 0 0 0
15883 0.546975 -0.00106977 -0.074242 0.01 46 46 0 0 0
15889 0.521558 -0.00114679 -0.0820192 0.01 47 47 0 0 0
15906 0.540837 -0.00108837 -0.086 0.01 80 80 0 0 0
15921 0.526951 -0.00113045 -0.0690012 0.01 60 60 0 0 0
15925 0.52477 -0.00113706 -0.0851181 0.01 60 60 0 0 0
15926 0.535783 -0.00110369 -0.0820192 0.01 46 46 0 0 0
15934 0.494942 -0.00122745 -0.0729369 0.01 60 60 0 0 0
15943 0.521558 -0.00114679 -0.074242 0.01 45 45 0 0 0
15958 0.510126 -0.00118144 -0.117156 0.01 60 60 0 0 0
15963 0.521558 -0.00114679 -0.074242 0.01 45 45 0 0 0
15970 0.523922 -0.00113963 -0.0820192 0.01 46 46 0.00804383 -0.0118611 0
15972 0.523023 -0.00114236 -0.0764162 0.01 60 60 0 0 0
15975 0.521558 -0.00114679 -0.0744388 0.01 45 45 0 0 0
15994 0.510126 -0.00118144 -0.114712 0.01 60 60 0 0 0
16000 0.521558 -0.00114679 -0.0820192 0.01 46 46 0 0 0
16004 0.521558 -0.00114679 -0.0820192 0.01 47 47 0 0 0
16021 0.521558 -0.00114679 -0.074242 0.01 45 45 0 0 0
16027 0.521558 -0.00114679 -0.074242 0.01 45 45 0 0 0
16028 0.485789 -0.00125519 -0.0907942 0.01 60 60 0.0120351 -0.0118446 0
16033 0.521558 -0.00114679 -0.0820192 0.01 46 46 0 0 0
16041 0.521558 -0.00114679 -0.074242 0.01 45 45 0 0 0
16047 0.521558 -0.00114679 -0.0820192 0.01 46 46 0 0 0
16059 0.542263 -0.00108405 -0.086 0.01 80 80 0 0 0
16074 0.521558 -0.00114679 -0.0820192 0.01 47 47 0 0 0
16081 0.521015 -0.00114844 -0.0736008 0.01 60 59 0 0 0
16086 0.487881 -0.00124885 -0.0729369 0.01 60 60 0 0 0
16087 0.521558 -0.00114679 -0.0946776 0.01 47 48 0 0 0
16111 0.499157 -0.00121467 -0.129364 0.01 60 60 0 0 0
16120 0.540837 -0.00108837 -0.091554 0.01 80 80 0 0 0
16125 0.537374 -0.00109887 -0.0629348 0.01 60 60 -0.0139863 0.0152645 0
16129 0.522087 -0.00114519 -0.0593626 0.01 46 46 0 0 0
16145 0.521558 -0.00114679 -0.074242 0.01 47 47 0 0 0
16151 0.563488 -0.00101973 -0.0697725 0.01 80 80 0 0 0
16153 0.521558 -0.00114679 -0.074242 0.01 45 45 0 0 0
16158 0.521558 -0.00114679 -0.0820192 0.01 47 47 0 0 0
16195 0.521558 -0.00114679 -0.0820192 0.01 47 47 0 0 0
16197 0.522109 -0.00114512 -0.0764162 0.01 60 60 0 0 0
16204 0.521558 -0.00114679 -0.074242 0.01 45 45 0 0 0
16229 0.521558 -0.00114679 -0.0820192 0.01 46 46 0 0 0
16237 0.521558 -0.00114679 -0.074242 0.01 45 45 0 0 0
16241 0.522717 -0.00114328 -0.0788278 0.01 60 60 0 0 0
16246 0.521558 -0.00114679 -0.0820192 0.01 45 46 0 0 0
16249 0.521558 -0.00114679 -0.0820192 0.01 46 46 0 0 0
16256 0.521947 -0.00114562 -0.0820192 0.01 60 60 0 0 0
16261 0.521558 -0.00114679 -0.074242 0.01 45 45 0 0 0
16280 0.521558 -0.00114679 -0.0820192 0.01 46 47 0 0 0
16283 0.521015 -0.00114844 -0.0736008 0.01 60 60 0 0 0
16287 0.542263 -0.00108405 -0.086 0.01 80 80 0 0 0
16289 0.521558 -0.00114679 -0.074242 0.01 45 45 0 0 0
16295 0.535783 -0.00110369 -0.0820192 0.01 46 46 0 0 0
16301 0.521558 -0.00114679 -0.074242 0.01 46 45 0 0 0
16312 0.521558 -0.00114679 -0.074242 0.01 47 48 0 0 0
16314 0.494942 -0.00122745 -0.0729369 0.01 60 60 0 0 0
16316 0.521558 -0.00114679 -0.074242 0.01 46 46 0 0 0
16318 0.510126 -0.00118144 -0.0907942 0.01 60 59 0 0 0
16328 0.52477 -0.00113706 -0.0764162 0.01 60 60 0 0 0
16336 0.521558 -0.00114679 -0.0820192 0.01 46 46 0 0 0
16341 0.521558 -0.00114679 -0.074242 0.01 46 46 0 0 0
16348 0.521558 -0.00114679 -0.0820192 0.01 46 46 0 0 0
16351 0.540837 -0.00108837 -0.086 0.01 80 80 0 0 0
16353 0.522374 -0.00114432 -0.0764162 0.01 60 60 0 0 0
16361 0.540837 -0.00108837 -0.086 0.01 80 80 0 0 0
16362 0.526049 -0.00113319 -0.0764162 0.01 60 59 0 0 0
16366 0.521558 -0.00114679 -0.0778988 0.01 47 47 0 0 0
16368 0.521558 -0.00114679 -0.074242 0.01 47 47 0 0 0
16371 0.525549 -0.0011347 -0.074242 0.01 45 45 0 0 0
16383 0.539818 -0.00109146 -0.0672311 0.01 47 47 0 0 0
16394 0.506923 -0.00119114 -0.074242 0.01 45 46 0.0106597 -0.0146351 0
16402 0.521558 -0.00114679 -0.074242 0.01 45 45 0 0 0
16407 0.522109 -0.00114512 -0.0738325 0.01 60 60 0 0 0
16415 0.527791 -0.00112791 -0.0593036 0.01 60 60 0 0 0
16425 0.513556 -0.00117104 -0.0638471 0.01 60 59 0 0 0
16438 0.538335 -0.00109595 -0.0820192 0.01 47 47 0 0 0
16439 0.521558 -0.00114679 -0.074242 0.01 46 45 0 0 0
16440 0.510126 -0.00118144 -0.114712 0.01 60 60 0 0 0
16442 0.540837 -0.00108837 -0.086 0.01 80 80 0 0 0
16447 0.521558 -0.00114679 -0.074242 0.01 46 45 0 0 0
16454 0.521558 -0.00114679 -0.0820192 0.01 47 46 0 0 0
16455 0.521947 -0.00114562 -0.0802202 0.01 60 60 0 0 0
16456 0.521558 -0.00114679 -0.0675476 0.01 45 45 0 0 0
16458 0.514537 -0.00116807 -0.0820192 0.01 47 47 0 0 0
16470 0.521558 -0.00114679 -0.074242 0.01 46 46 0 0 0
16484 0.547917 -0.00106692 -0.074242 0.01 46 46 0 0 0
16492 0.521558 -0.00114679 -0.074242 0.01 45 45 0 0 0
16493 0.522087 -0.00114519 -0.074242 0.01 46 46 0 0 0
16501 0.521558 -0.00114679 -0.074242 0.01 45 46 0 0 0
16518 0.553996 -0.0010485 -0.0764162 0.01 60 60 0 0 0
16523 0.542263 -0.00108405 -0.086 0.01 80 80 0 0 0
16531 0.521558 -0.00114679 -0.0820192 0.01 47 47 0 0 0
16537 0.540837 -0.00108837 -0.086 0.01 80 80 0 0 0
16539 0.554816 -0.00104601 -0.0924473 0.01 60 60 0 0 0
16545 0.521006 -0.00114847 -0.0702866 0.01 60 60 0 0 0
16547 0.522717 -0.00114328 -0.0870561 0.01 60 60 0 0 0
16550 0.521558 -0.00114679 -0.0820192 0.01 47 47 0 0 0
16553 0.521558 -0.00114679 -0.0820192 0.01 46 46 0 0 0
16554 0.523023 -0.00114236 -0.0764162 0.01 60 60 0 0 0
16556 0.521015 -0.00114844 -0.0505038 0.01 60 60 0 0 0
16569 0.521558 -0.00114679 -0.074242 0.01 45 45 0 0 0
16571 0.540837 -0.00108837 -0.086 0.01 80 80 0 0 0
16575 0.521558 -0.00114679 -0.074242 0.01 46 45 0 0 0
16590 0.544656 -0.0010768 -0.074317 0.01 60 60 0 0 0
16602 0.521558 -0.00114679 -0.074242 0.01 47 46 0 0 0
16619 0.501154 -0.00120862 -0.0790911 0.01 45 45 0 0 0
16621 0.539578 -0.00109219 -0.0764162 0.01 60 60 0 0 0
16625 0.524952 -0.00113651 -0.061103 0.01 60 60 0 0 0
16640 0.546216 -0.00107207 -0.0820192 0.01 60 60 0 0 0
16644 0.521558 -0.00114679 -0.0771939 0.01 46 46 0 0 0
16652 0.521558 -0.00114679 -0.074242 0.01 45 45 0 0 0
16654 0.540837 -0.00108837 -0.086 0.01 80 80 0 0 0
16655 0.521558 -0.00114679 -0.074242 0.01 46 46 0 0 0
16659 0.521558 -0.00114679 -0.074242 0.01 45 45 0 0 0
16663 0.521558 -0.00114679 -0.0891805 0.01 47 48 -0.000815034 0 -0.00716139
16665 0.571273 -0.000996141 -0.0509352 0.01 60 60 0 0 0
16680 0.521558 -0.00114679 -0.08765 0.01 47 47 0 0 0
16700 0.521558 -0.00114679 -0.0820192 0.01 47 47 0 0 0
16708 0.521558 -0.00114679 -0.074242 0.01 46 46 0 0 0
16714 0.526049 -0.00113319 -0.0877636 0.01 60 60 0 0 0
16724 0.521558 -0.00114679 -0.0820192 0.01 47 48 0 0 0
16729 0.540837 -0.00108837 -0.086 0.01 80 80 0 0 0
16733 0.501705 -0.00120696 -0.0820192 0.01 47 47 0 0 0
16747 0.522334 -0.00114444 -0.0764162 0.01 60 61 0 0 0
16749 0.521558 -0.00114679 -0.0820192 0.01 46 46 0 0 0
16795 0.517137 -0.00116019 -0.0907942 0.01 60 60 0 0 0
16796 0.523998 -0.0011394 -0.0820192 0.01 60 60 0 0 0
16798 0.540837 -0.00108837 -0.086 0.01 82 82 0 0 0
16799 0.521558 -0.00114679 -0.0820192 0.01 46 46 0 0 0
16806 0.521558 -0.00114679 -0.0820192 0.01 46 46 0 0 0
16809 0.521558 -0.00114679 -0.0820192 0.01 47 47 0 0 0
16827 0.523362 -0.00114133 -0.0820192 0.01 47 47 0 0 0
16839 0.521558 -0.00114679 -0.074242 0.01 45 45 0 0 0
16840 0.521558 -0.00114679 -0.0820192 0.01 47 48 0 0 0
16841 0.521558 -0.00114679 -0.074242 0.01 45 45 0 0 0
16855 0.487881 -0.00124885 -0.0729369 0.01 60 60 0.00725561 -0.00706097 0
16860 0.521558 -0.00114679 -0.074242 0.01 46 46 0 0 0
16867 0.521558 -0.00114679 -0.0820192 0.01 46 46 0 0 0
16871 0.510979 -0.00117885 -0.0764162 0.01 60 60 0 0 0
16878 0.522087 -0.00114519 -0.0593626 0.01 46 46 0 0 0
16895 0.521558 -0.00114679 -0.074242 0.01 45 45 0 0 0
16902 0.563079 -0.00102097 -0.0509352 0.01 60 60 0 0 0
16903 0.539818 -0.00109146 -0.0672311 0.01 47 47 0 0 0
16904 0.524952 -0.00113651 -0.061103 0.01 60 60 0 0 0
16911 0.521558 -0.00114679 -0.074242 0.01 46 46 0 0 0
16927 0.521558 -0.00114679 -0.074242 0.01 45 45 0 0 0
16935 0.571273 -0.000996141 -0.0509352 0.01 60 60 0 0 0
16962 0.521558 -0.00114679 -0.0820192 0.01 46 46 0 0 0
16968 0.521558 -0.00114679 -0.074242 0.01 47 48 0 0 0
16969 0.497633 -0.00121929 -0.0907942 0.01 60 60 0 0 0
16970 0.521558 -0.00114679 -0.0800723 0.01 46 46 0 0 0
16973 0.521558 -0.00114679 -0.074242 0.01 47 47 0 0 0
16976 0.540837 -0.00108837 -0.082143 0.01 80 80 0 0 0
16979 0.521947 -0.00114562 -0.0820192 0.01 60 60 0 0 0
16984 0.521558 -0.00114679 -0.0820192 0.01 46 46 0 0 0
17014 0.501705 -0.00120696 -0.0820192 0.01 47 47 0 0 0
17016 0.540837 -0.00108837 -0.086 0.01 80 80 0 0 0
17030 0.521558 -0.00114679 -0.0820192 0.01 47 47 0 0 0
17034 0.56302 -0.00102115 -0.0706349 0.01 60 61 0 0 0
17054 0.521558 -0.00114679 -0.0669804 0.01 46 45 0 0 0
17065 0.521558 -0.00114679 -0.074242 0.01 45 45 0 0 0
17068 0.521558 -0.00114679 -0.074242 0.01 47 47 0 0 0
17073 0.535783 -0.00110369 -0.0820192 0.01 46 46 0 0 0
17083 0.521947 -0.00114562 -0.0820192 0.01 60 60 0 0 0
17111 0.540837 -0.00108837 -0.086 0.01 81 81 0 0 0
17122 0.521558 -0.00114679 -0.074242 0.01 47 47 0 0 0
17134 0.521558 -0.00114679 -0.074242 0.01 45 45 0 0 0
17139 0.521947 -0.00114562 -0.0889294 0.01 60 60 0 0 0
17142 0.521558 -0.00114679 -0.074242 0.01 45 45 0 0 0
17146 0.483916 -0.00126086 -0.0780931 0.01 60 60 0 0 0
17153 0.521558 -0.00114679 -0.0820192 0.01 47 47 0 0 0
17154 0.521558 -0.00114679 -0.0820192 0.01 46 46 0 0 0
17158 0.522374 -0.00114432 -0.0764162 0.01 60 60 0 0 0
17166 0.521558 -0.00114679 -0.074242 0.01 47 46 0 0 0
17169 0.540837 -0.00108837 -0.086 0.01 80 80 0 0 0
17179 0.521558 -0.00114679 -0.0820192 0.01 46 46 0 0 0
17184 0.513579 -0.00117097 -0.0820192 0.01 46 46 0 0 0
17187 0.52477 -0.00113706 -0.0764162 0.01 60 60 0 0 0
17189 0.501154 -0.00120862 -0.0820192 0.01 47 47 0 0 0
17190 0.535783 -0.00110369 -0.0820192 0.01 46 46 0 0 0
17208 0.527271 -0.00112948 -0.0837437 0.01 47 47 0 0 0
17213 0.521558 -0.00114679 -0.0945392 0.01 47 48 0 0 0
17214 0.540837 -0.00108837 -0.086 0.01 82 82 0 0 0
17215 0.521558 -0.00114679 -0.0713274 0.01 46 47 0 0 0
17216 0.521558 -0.00114679 -0.0820192 0.01 47 47 0 0 0
17225 0.521558 -0.00114679 -0.0820192 0.01 46 46 0 0 0
17226 0.521558 -0.00114679 -0.074242 0.01 47 47 0 0 0
17228 0.521558 -0.00114679 -0.074242 0.01 45 45 0 0 0
17234 0.564593 -0.00101638 -0.00689917 0.01 60 60 0 0 0
17247 0.521558 -0.00114679 -0.074242 0.01 47 47 0 0 0
17255 0.521558 -0.00114679 -0.0800723 0.01 46 46 0.000355557 0 0.00194684
17259 0.501154 -0.00120862 -0.0790911 0.01 46 46 0 0 0
17269 0.523375 -0.00114129 -0.0729903 0.01 47 47 0 0 0
17270 0.521558 -0.00114679 -0.074242 0.01 45 45 0 0 0
17273 0.521558 -0.00114679 -0.074242 0.01 45 45 0 0 0
17277 0.521558 -0.00114679 -0.0820192 0.01 46 46 0 0 0
17282 0.521558 -0.00114679 -0.074242 0.01 46 46 0 0 0
17284 0.521558 -0.00114679 -0.074242 0.01 45 45 0 0 0
17300 0.563488 -0.00101973 -0.0917923 0.01 80 80 -0.0554881 0 -0.0220198
17308 0.521558 -0.00114679 -0.074242 0.01 45 45 0 0 0
17311 0.540837 -0.00108837 -0.086 0.01 80 80 0 0 0
17322 0.521558 -0.00114679 -0.074242 0.01 45 45 0 0 0
17326 0.521558 -0.00114679 -0.074242 0.01 45 45 0 0 0
17337 0.523998 -0.0011394 -0.0820192 0.01 60 60 0 0 0
17345 0.521558 -0.00114679 -0.074242 0.01 45 45 0 0 0
17347 0.521558 -0.00114679 -0.074242 0.01 47 47 0 0 0
17351 0.540837 -0.00108837 -0.086 0.01 80 80 0 0 0
17353 0.521558 -0.00114679 -0.0820192 0.01 47 47 0 0 0
17372 0.521558 -0.00114679 -0.074242 0.01 45 45 0 0 0
17385 0.561969 -0.00102434 -0.0788278 0.01 60 61 0 0 0
17390 0.521558 -0.00114679 -0.074242 0.01 45 46 0 0 0
17392 0.521558 -0.00114679 -0.0820192 0.01 47 47 0 0 0
17395 0.521558 -0.00114679 -0.0820192 0.01 47 47 0 0 0
17403 0.521558 -0.00114679 -0.074242 0.01 46 46 0 0 0
17409 0.564593 -0.00101638 -0.0212324 0.01 60 60 0 0 0
17417 0.521558 -0.00114679 -0.074242 0.01 46 46 0 0 0
17421 0.521558 -0.00114679 -0.074242 0.01 46 46 0 0 0
17425 0.540837 -0.00108837 -0.091554 0.01 80 80 0 0 0
17438 0.521558 -0.00114679 -0.0820192 0.01 46 46 0 0 0
17441 0.540837 -0.00108837 -0.086 0.01 80 80 0 0 0
17451 0.521558 -0.00114679 -0.074242 0.01 45 45 0 0 0
17477 0.510126 -0.00118144 -0.11589 0.01 60 59 0 0 0
17482 0.563488 -0.00101973 -0.05787 0.01 81 81 0 0 0
17494 0.521558 -0.00114679 -0.074242 0.01 45 45 0 0 0
17497 0.526049 -0.00113319 -0.0764162 0.01 60 60 0 0 0
17500 0.521558 -0.00114679 -0.0820192 0.01 46 46 0 0 0
17503 0.521558 -0.00114679 -0.074242 0.01 46 46 0 0 0
17507 0.542263 -0.00108405 -0.086 0.01 80 80 0 0 0
17513 0.521558 -0.00114679 -0.0820192 0.01 46 46 0 0 0
17520 0.52477 -0.00113706 -0.0851181 0.01 60 60 0 0 0
17522 0.501705 -0.00120696 -0.0820192 0.01 47 47 0 0 0
17535 0.527791 -0.00112791 -0.0857037 0.01 60 60 -0.00212985 0 -0.0127669
17537 0.535783 -0.00110369 -0.0820192 0.01 46 46 0 0 0
17549 0.521558 -0.00114679 -0.074242 0.01 46 46 0 0 0
17585 0.508799 -0.00118546 -0.0634398 0.01 60 60 0.011722 -0.0122151 0
17591 0.527791 -0.00112791 -0.0593036 0.01 60 60 0 0 0
17592 0.521558 -0.00114679 -0.074242 0.01 45 45 0 0 0
17594 0.529252 -0.00112348 -0.074242 0.01 45 45 0 0 0
17607 0.527148 -0.00112986 -0.0820192 0.01 60 58 0 0 0
17613 0.521558 -0.00114679 -0.074584 0.01 47 47 0 0 0
17621 0.546216 -0.00107207 -0.0820192 0.01 60 60 0 0 0
17622 0.521558 -0.00114679 -0.0820192 0.01 47 47 0 0 0
17635 0.522109 -0.00114512 -0.0764162 0.01 60 60 0 0 0
17649 0.521558 -0.00114679 -0.074242 0.01 45 45 0 0 0
17663 0.535783 -0.00110369 -0.0820192 0.01 46 46 0 0 0
17672 0.521006 -0.00114847 -0.0728202 0.01 60 60 0 0 0
17684 0.521558 -0.00114679 -0.0820192 0.01 46 46 0 0 0
17689 0.521558 -0.00114679 -0.0820192 0.01 47 47 0 0 0
17694 0.521558 -0.00114679 -0.074242 0.01 47 47 0 0 0
17698 0.514368 -0.00116858 -0.0820192 0.01 47 47 0 0 0
17699 0.521558 -0.00114679 -0.074242 0.01 47 47 0 0 0
17702 0.521558 -0.00114679 -0.074242 0.01 46 45 0 0 0
17707 0.521558 -0.00114679 -0.0771939 0.01 46 46 0 0 0
17718 0.521558 -0.00114679 -0.0820192 0.01 46 46 0 0 0
17724 0.534691 -0.001107 -0.0663631 0.01 60 60 0 0 0
17731 0.521558 -0.00114679 -0.074242 0.01 46 46 0 0 0
17737 0.524109 -0.00113906 -0.0788278 0.01 60 60 0 0 0
17739 0.539165 -0.00109344 -0.0820192 0.01 47 47 0 0 0
17742 0.50099 -0.00120912 -0.0692257 0.01 60 60 0 0 0
17743 0.521558 -0.00114679 -0.0820192 0.01 47 47 0 0 0
17749 0.521558 -0.00114679 -0.074242 0.01 45 45 0 0 0
17755 0.521558 -0.00114679 -0.0820192 0.01 47 47 0 0 0
17762 0.521558 -0.00114679 -0.0820192 0.01 47 47 0 0 0
17772 0.521558 -0.00114679 -0.0820192 0.01 47 47 0 0 0
17774 0.527791 -0.00112791 -0.0729369 0.01 60 60 0 0 0
17776 0.578896 -0.000973042 -0.0832697 0.01 60 60 0 0 0
17780 0.50099 -0.00120912 -0.0692257 0.01 60 60 0 0 0
17782 0.521558 -0.00114679 -0.074242 0.01 45 45 0 0 0
17785 0.521558 -0.00114679 -0.0820192 0.01 46 46 0 0 0
17789 0.534691 -0.001107 -0.0875574 0.01 60 60 0 0 0
17801 0.503155 -0.00120256 -0.066 0.01 60 60 0 0 0
17806 0.521947 -0.00114562 -0.0820192 0.01 60 60 0 0 0
17809 0.521558 -0.00114679 -0.0820192 0.01 47 47 0 0 0
17812 0.521558 -0.00114679 -0.074242 0.01 46 45 0 0 0
17823 0.521558 -0.00114679 -0.074242 0.01 46 45 0 0 0
17825 0.521558 -0.00114679 -0.0820192 0.01 47 47 0 0 0
17840 0.521558 -0.00114679 -0.074242 0.01 46 46 0 0 0
17841 0.540186 -0.00109034 -0.0836568 0.01 47 47 0 0 0
17845 0.521558 -0.00114679 -0.074242 0.01 45 45 0 0 0
17848 0.540431 -0.0010896 -0.0876799 0.01 60 61 0 0 0
17853 0.535783 -0.00110369 -0.0820192 0.01 47 47 0 0 0
17863 0.521558 -0.00114679 -0.0820192 0.01 47 47 0 0 0
17866 0.521558 -0.00114679 -0.074242 0.01 45 45 0 0 0
17875 0.522087 -0.00114519 -0.074242 0.01 45 45 0 0 0
17885 0.521558 -0.00114679 -0.0770575 0.01 46 46 0 0 0
17890 0.521558 -0.00114679 -0.074242 0.01 45 45 0 0 0
17899 0.529466 -0.00112283 -0.0792391 0.01 47 47 0 0 0
17904 0.521558 -0.00114679 -0.0820192 0.01 47 47 0 0 0
17911 0.540837 -0.00108837 -0.091554 0.01 80 80 0 0 0
17916 0.521558 -0.00114679 -0.074242 0.01 45 46 0 0 0
17917 0.521558 -0.00114679 -0.0820192 0.01 47 47 0 0 0
17925 0.521558 -0.00114679 -0.074242 0.01 46 46 0 0 0
17927 0.538335 -0.00109595 -0.0820192 0.01 47 47 0 0 0
17930 0.521558 -0.00114679 -0.074242 0.01 46 45 0 0 0
17934 0.521558 -0.00114679 -0.0820192 0.01 46 46 0 0 0
17953 0.540837 -0.00108837 -0.086 0.01 81 81 0 0 0
17957 0.521558 -0.00114679 -0.074242 0.01 45 45 0 0 0
17959 0.521558 -0.00114679 -0.0820192 0.01 47 47 0 0 0
17964 0.521558 -0.00114679 -0.074242 0.01 45 46 0 0 0
17971 0.494942 -0.00122745 -0.0729369 0.01 60 61 0 0 0
17973 0.542263 -0.00108405 -0.0936926 0.01 80 80 0 0 0
17974 0.521558 -0.00114679 -0.074242 0.01 46 46 0 0 0
17979 0.511071 -0.00117857 -0.0729369 0.01 60 60 0 0 0
17982 0.521947 -0.00114562 -0.0820192 0.01 60 60 0 0 0
17983 0.521558 -0.00114679 -0.074242 0.01 45 45 0 0 0
17994 0.521558 -0.00114679 -0.0820192 0.01 46 46 0 0 0
17995 0.540837 -0.00108837 -0.086 0.01 81 81 0 0 0
17997 0.521558 -0.00114679 -0.0820192 0.01 46 46 0 0 0
18000 0.535783 -0.00110369 -0.0820192 0.01 47 47 0 0 0
18023 0.522087 -0.00114519 -0.074242 0.01 47 46 0 0 0
18027 0.521558 -0.00114679 -0.074242 0.01 46 46 0 0 0
18060 0.523374 -0.00114129 -0.0764162 0.01 60 60 0 0 0
18072 0.521558 -0.00114679 -0.074242 0.01 47 47 0 0 0
18078 0.506706 -0.0011918 -0.074242 0.01 45 45 0.0103922 -0.0148521 0
18084 0.521558 -0.00114679 -0.0820192 0.01 47 47 0 0 0
18085 0.520644 -0.00114956 -0.0728172 0.01 60 60 0 0 0
18105 0.540056 -0.00109074 -0.0640276 0.01 46 46 -0.00942613 0.0184986 0.0179916
18106 0.521558 -0.00114679 -0.0820192 0.01 45 46 0 0 0
18111 0.521558 -0.00114679 -0.0820192 0.01 47 47 0 0 0
18113 0.535783 -0.00110369 -0.0820192 0.01 46 46 0 0 0
18117 0.521558 -0.00114679 -0.074242 0.01 45 45 0 0 0
18120 0.521558 -0.00114679 -0.074242 0.01 47 47 0 0 0
18124 0.521558 -0.00114679 -0.074242 0.01 45 45 0 0 0
18125 0.521558 -0.00114679 -0.0820192 0.01 46 46 0 0 0
18132 0.510126 -0.00118144 -0.10711 0.01 60 60 0 0 0
18142 0.521558 -0.00114679 -0.074242 0.01 46 46 0 0 0
18146 0.485417 -0.00125631 -0.0960052 0.01 60 60 0 0 0
18153 0.510126 -0.00118144 -0.10711 0.01 60 60 0 0 0
18165 0.515179 -0.00116612 -0.104686 0.01 60 60 0 0 0
18168 0.521558 -0.00114679 -0.0793882 0.01 45 46 0 0 0
18169 0.521558 -0.00114679 -0.0793882 0.01 46 46 0 0 0
18183 0.521558 -0.00114679 -0.0820192 0.01 46 46 0 0 0
18200 0.510454 -0.00118044 -0.0689434 0.01 60 61 0 0 0
18215 0.539414 -0.00109269 -0.110103 0.01 60 60 0 0 0
18216 0.521558 -0.00114679 -0.074242 0.01 45 45 0 0 0
18225 0.540837 -0.00108837 -0.086 0.01 80 80 0 0 0
18235 0.521558 -0.00114679 -0.0820192 0.01 46 46 0 0 0
18246 0.540265 -0.00109011 -0.0933912 0.01 47 48 0 0 0
18247 0.521558 -0.00114679 -0.074242 0.01 45 46 0 0 0
18269 0.521558 -0.00114679 -0.0820192 0.01 47 47 0 0 0
18270 0.521558 -0.00114679 -0.070492 0.01 47 47 0 0 0
18282 0.521558 -0.00114679 -0.074242 0.01 45 45 0 0 0
18297 0.521558 -0.00114679 -0.0713274 0.01 47 47 0 0 0
18302 0.539165 -0.00109344 -0.0820192 0.01 47 47 0 0 0
18305 0.523417 -0.00114116 -0.074242 0.01 47 46 0 0 0
18307 0.540837 -0.00108837 -0.086 0.01 80 80 0 0 0
18308 0.540837 -0.00108837 -0.086 0.01 81 81 0 0 0
18309 0.522109 -0.00114512 -0.0764162 0.01 60 60 0 0 0
18316 0.539578 -0.00109219 -0.0764162 0.01 60 58 0 0 0
18322 0.521558 -0.00114679 -0.0820192 0.01 46 46 0 0 0
18329 0.521006 -0.00114847 -0.0728202 0.01 60 60 0 0 0
18340 0.521558 -0.00114679 -0.074242 0.01 46 46 0 0 0
18365 0.540837 -0.00108837 -0.086 0.01 80 80 0 0 0
18368 0.497633 -0.00121929 -0.0907942 0.01 60 60 0 0 0
18370 0.535783 -0.00110369 -0.0820192 0.01 46 46 0 0 0
18376 0.529252 -0.00112348 -0.074242 0.01 45 45 -0.00513989 0.0076943 0
18384 0.547917 -0.00106692 -0.074242 0.01 46 46 0 0 0
18391 0.521558 -0.00114679 -0.074242 0.01 45 46 0 0 0
18399 0.535783 -0.00110369 -0.0820192 0.01 47 47 0 0 0
18416 0.521558 -0.00114679 -0.074242 0.01 46 46 0 0 0
18418 0.521006 -0.00114847 -0.0728202 0.01 60 60 0 0 0
18420 0.521558 -0.00114679 -0.074242 0.01 46 46 0 0 0
18421 0.521558 -0.00114679 -0.074242 0.01 47 46 0 0 0
18423 0.529537 -0.00112262 -0.107323 0.01 60 60 0 0 0
18441 0.563488 -0.00101973 -0.05787 0.01 80 80 0 0 0
18452 0.513358 -0.00117164 -0.074242 0.01 47 47 0.00612202 -0.00819999 0
18453 0.521558 -0.00114679 -0.074242 0.01 45 45 0 0 0
18454 0.483556 -0.00126195 -0.102436 0.01 60 60 0 0 0
18461 0.521558 -0.00114679 -0.074242 0.01 47 47 0 0 0
18482 0.521558 -0.00114679 -0.0846597 0.01 46 46 0 0 0
18495 0.521558 -0.00114679 -0.0820192 0.01 47 47 0 0 0
18504 0.521558 -0.00114679 -0.0820192 0.01 47 47 0 0 0
18505 0.563079 -0.00102097 -0.0509352 0.01 60 60 0 0 0
18511 0.530508 -0.00111967 -0.0729369 0.01 60 61 0 0 0
18513 0.521558 -0.00114679 -0.0820192 0.01 46 46 0 0 0
18524 0.538335 -0.00109595 -0.0820192 0.01 47 47 0 0 0
18532 0.511984 -0.00117581 -0.0753953 0.01 60 59 0 0 0
18537 0.513905 -0.00116998 -0.0820192 0.01 47 47 0 0 0
18543 0.537508 -0.00109846 -0.0764162 0.01 60 60 0 0 0
18552 0.521558 -0.00114679 -0.0565683 0.01 46 46 0.00327991 0 0.0176737
18570 0.521558 -0.00114679 -0.0820192 0.01 47 47 0 0 0
18571 0.540837 -0.00108837 -0.086 0.01 81 81 0 0 0
18575 0.547917 -0.00106692 -0.074242 0.01 46 46 0 0 0
18576 0.53848 -0.00109552 -0.086 0.01 80 80 0 0 0
18577 0.521558 -0.00114679 -0.0820192 0.01 46 46 0 0 0
18590 0.540837 -0.00108837 -0.086 0.01 80 80 0 0 0
18596 0.521558 -0.00114679 -0.0820192 0.01 46 46 0 0 0
18601 0.563488 -0.00101973 -0.0697725 0.01 80 80 0 0 0
18603 0.521558 -0.00114679 -0.074242 0.01 46 46 0 0 0
18621 0.517478 -0.00115916 -0.074242 0.01 46 46 0 0 0
18631 0.521558 -0.00114679 -0.0820192 0.01 46 46 0 0 0
18648 0.521558 -0.00114679 -0.074242 0.01 46 45 0 0 0
18653 0.521558 -0.00114679 -0.074242 0.01 45 45 0 0 0
18654 0.521558 -0.00114679 -0.0820192 0.01 47 47 0 0 0
18659 0.535783 -0.00110369 -0.0730639 0.01 46 46 0 0 0
18675 0.521558 -0.00114679 -0.0820192 0.01 47 46 0 0 0
18679 0.521558 -0.00114679 -0.0820192 0.01 47 47 0 0 0
18683 0.521558 -0.00114679 -0.0820192 0.01 47 47 0 0 0
18692 0.527791 -0.00112791 -0.0593036 0.01 60 60 0 0 0
18698 0.521558 -0.00114679 -0.0820192 0.01 47 47 0 0 0
18707 0.499926 -0.00121235 -0.0833305 0.01 60 60 0 0 0
18715 0.521558 -0.00114679 -0.0669804 0.01 45 45 0 0 0
18719 0.489631 -0.00124354 -0.0820192 0.01 47 47 0 0 0
18720 0.526049 -0.00113319 -0.0764162 0.01 60 60 0 0 0
18724 0.563488 -0.00101973 -0.0697725 0.01 81 81 0 0 0
18725 0.517478 -0.00115916 -0.074242 0.01 46 46 0 0 0
18727 0.563488 -0.00101973 -0.0697725 0.01 81 81 0 0 0
18744 0.521558 -0.00114679 -0.074242 0.01 46 46 0 0 0
18747 0.521558 -0.00114679 -0.074242 0.01 45 45 0 0 0
18748 0.521947 -0.00114562 -0.0820192 0.01 60 60 0 0 0
18749 0.521015 -0.00114844 -0.0505038 0.01 60 60 0 0 0
18750 0.540837 -0.00108837 -0.086 0.01 80 80 0 0 0
18759 0.499926 -0.00121235 -0.0833305 0.01 60 60 0 0 0
18762 0.521558 -0.00114679 -0.074242 0.01 45 45 0 0 0
18764 0.538335 -0.00109595 -0.0820192 0.01 47 47 0 0 0
18766 0.521558 -0.00114679 -0.074242 0.01 46 46 0 0 0
18769 0.530508 -0.00111967 -0.0729369 0.01 60 60 0 0 0
18770 0.522087 -0.00114519 -0.0769944 0.01 46 46 -0.00050503 0 -0.00275244
18789 0.521558 -0.00114679 -0.0820192 0.01 47 47 0 0 0
18791 0.513579 -0.00117097 -0.0820192 0.01 46 46 0 0 0
18798 0.529676 -0.00112219 -0.0820192 0.01 60 60 0 0 0
18802 0.548153 -0.0010662 -0.0764162 0.01 60 60 0 0 0
18808 0.556168 -0.00104191 -0.0705733 0.01 60 60 0 0 0
18822 0.521558 -0.00114679 -0.0820192 0.01 46 46 0 0 0
18824 0.521558 -0.00114679 -0.0820192 0.01 47 47 0 0 0
18833 0.526049 -0.00113319 -0.0446702 0.01 60 60 0 0 0
18843 0.521558 -0.00114679 -0.074242 0.01 46 46 0 0 0
18869 0.521558 -0.00114679 -0.08765 0.01 47 47 0 0 0
18871 0.494942 -0.00122745 -0.0729369 0.01 60 60 0 0 0
18884 0.521558 -0.00114679 -0.074242 0.01 46 45 0 0 0
18892 0.527791 -0.00112791 -0.0593036 0.01 60 60 0 0 0
18907 0.521558 -0.00114679 -0.074242 0.01 45 46 0 0 0
18908 0.521558 -0.00114679 -0.0820192 0.01 47 47 0 0 0
18946 0.563079 -0.00102097 -0.0509352 0.01 60 60 0 0 0
18947 0.521558 -0.00114679 -0.0602123 0.01 45 45 0 0 0
18948 0.521558 -0.00114679 -0.0820192 0.01 46 46 0 0 0
18952 0.526049 -0.00113319 -0.0764162 0.01 60 60 0 0 0
18953 0.521558 -0.00114679 -0.0820192 0.01 47 47 0 0 0
18968 0.556594 -0.00104062 -0.0942253 0.01 60 61 0 0 0
18975 0.535783 -0.00110369 -0.0820192 0.01 46 46 0 0 0
18976 0.521558 -0.00114679 -0.0820192 0.01 46 46 0 0 0
18983 0.539414 -0.00109269 -0.110103 0.01 60 60 0 0 0
18987 0.521558 -0.00114679 -0.0820192 0.01 47 47 0 0 0
18990 0.521558 -0.00114679 -0.0820192 0.01 47 47 0 0 0
19000 0.521558 -0.00114679 -0.0820192 0.01 47 47 0 0 0
19003 0.521558 -0.00114679 -0.074242 0.01 47 47 0 0 0
19006 0.521558 -0.00114679 -0.074242 0.01 45 45 0 0 0
19016 0.521558 -0.00114679 -0.074242 0.01 45 45 0 0 0
19037 0.542263 -0.00108405 -0.086 0.01 80 80 0 0 0
19042 0.494942 -0.00122745 -0.0729369 0.01 60 61 0 0 0
19051 0.535783 -0.00110369 -0.0820192 0.01 47 47 0 0 0
19054 0.521558 -0.00114679 -0.0820192 0.01 46 46 0 0 0
19056 0.521558 -0.00114679 -0.074242 0.01 45 45 0 0 0
19061 0.524952 -0.00113651 -0.0821176 0.01 60 62 0 0 0
19069 0.521558 -0.00114679 -0.074242 0.01 47 46 0 0 0
19074 0.540837 -0.00108837 -0.086 0.01 81 81 0 0 0
19096 0.521558 -0.00114679 -0.074242 0.01 45 45 0 0 0
19097 0.521558 -0.00114679 -0.0820192 0.01 47 47 0 0 0
19101 0.497633 -0.00121929 -0.0907942 0.01 60 61 0 0 0
19109 0.518154 -0.00115711 -0.086 0.01 82 82 0 0 0
19111 0.540837 -0.00108837 -0.086 0.01 80 80 0 0 0
19116 0.521558 -0.00114679 -0.0820192 0.01 46 46 0 0 0
19133 0.554816 -0.00104601 -0.0924473 0.01 60 60 0 0 0
19144 0.521558 -0.00114679 -0.074242 0.01 46 47 0 0 0
19145 0.539165 -0.00109344 -0.0820192 0.01 47 47 0 0 0
19146 0.521558 -0.00114679 -0.074242 0.01 45 45 0 0 0
19152 0.521558 -0.00114679 -0.0820192 0.01 47 47 0 0 0
19153 0.501154 -0.00120862 -0.0820192 0.01 47 47 0 0 0
19191 0.521558 -0.00114679 -0.074242 0.01 45 45 0 0 0
19193 0.50099 -0.00120912 -0.0692257 0.01 60 60 0 0 0
19196 0.521558 -0.00114679 -0.074242 0.01 47 46 0 0 0
19215 0.521558 -0.00114679 -0.0820192 0.01 47 47 0 0 0
19218 0.540837 -0.00108837 -0.086 0.01 80 79 0 0 0
19232 0.521558 -0.00114679 -0.074242 0.01 45 45 0 0 0
19236 0.539165 -0.00109344 -0.0820192 0.01 47 47 0 0 0
19263 0.540837 -0.00108837 -0.086 0.01 80 80 0 0 0
19289 0.521558 -0.00114679 -0.0820192 0.01 46 46 0 0 0
19308 0.513579 -0.00117097 -0.0820192 0.01 47 47 0 0 0
19313 0.521558 -0.00114679 -0.074242 0.01 45 45 0 0 0
19316 0.522109 -0.00114512 -0.0764162 0.01 60 60 0 0 0
19321 0.522087 -0.00114519 -0.0593626 0.01 47 47 0 0 0
19325 0.561969 -0.00102434 -0.0788278 0.01 60 60 0 0 0
19336 0.521558 -0.00114679 -0.0820192 0.01 47 47 0 0 0
19339 0.50099 -0.00120912 -0.0692257 0.01 60 59 0 0 0
19340 0.541036 -0.00108777 -0.074242 0.01 46 46 0 0 0
19343 0.543789 -0.00107943 -0.0750708 0.01 47 47 0 0 0
19349 0.526049 -0.00113319 -0.0764162 0.01 60 61 0 0 0
19356 0.510126 -0.00118144 -0.117156 0.01 60 60 0 0 0
19373 0.513821 -0.00117024 -0.0788278 0.01 60 60 0 0 0
19382 0.506078 -0.0011937 -0.0788278 0.01 60 60 0 0 0
19409 0.530508 -0.00111967 -0.0723349 0.01 60 61 0 0 0
19422 0.521558 -0.00114679 -0.0820192 0.01 46 46 0 0 0
19426 0.521558 -0.00114679 -0.074242 0.01 46 46 0 0 0
19427 0.521558 -0.00114679 -0.074242 0.01 45 45 0 0 0
19442 0.537508 -0.00109846 -0.0764162 0.01 60 60 0 0 0
19444 0.521558 -0.00114679 -0.0820192 0.01 47 47 0 0 0
19448 0.524524 -0.00113781 -0.0764162 0.01 60 60 0 0 0
19456 0.521558 -0.00114679 -0.0946776 0.01 47 47 0 0 0
19468 0.521558 -0.00114679 -0.0820192 0.01 46 46 0 0 0
19476 0.521006 -0.00114847 -0.0728202 0.01 60 60 0 0 0
19495 0.541036 -0.00108777 -0.074242 0.01 46 46 0 0 0
19501 0.538335 -0.00109595 -0.0780891 0.01 47 48 0 0 0
19504 0.513821 -0.00117024 -0.0788278 0.01 60 60 0 0 0
19507 0.535783 -0.00110369 -0.0820192 0.01 46 46 0 0 0
19513 0.563488 -0.00101973 -0.0697725 0.01 81 81 0 0 0
19514 0.518488 -0.0011561 -0.0820192 0.01 46 46 0.00216627 -0.00307024 0
19517 0.540837 -0.00108837 -0.086 0.01 81 81 0 0 0
19519 0.523023 -0.00114236 -0.0764162 0.01 60 60 0 0 0
19520 0.540837 -0.00108837 -0.086 0.01 80 80 0 0 0
19525 0.538335 -0.00109595 -0.0820192 0.01 47 47 0 0 0
19526 0.502306 -0.00120513 -0.0642819 0.01 60 60 0 0 0
19530 0.521558 -0.00114679 -0.074242 0.01 46 45 0 0 0
19536 0.522721 -0.00114327 -0.0820192 0.01 47 47 0.000465572 -0.000641346 0
19542 0.521558 -0.00114679 -0.074242 0.01 47 47 0 0 0
19549 0.542263 -0.00108405 -0.086 0.01 80 80 0 0 0
19563 0.501154 -0.00120862 -0.0820192 0.01 47 47 0 0 0
19564 0.521558 -0.00114679 -0.074242 0.01 45 45 0 0 0
19565 0.521558 -0.00114679 -0.0820192 0.01 47 47 0 0 0
19601 0.501154 -0.00120862 -0.0790911 0.01 46 46 0 0 0
19611 0.540837 -0.00108837 -0.0754391 0.01 80 80 0 0 0
19618 0.521558 -0.00114679 -0.0669804 0.01 45 45 0 0 0
19631 0.521558 -0.00114679 -0.074242 0.01 47 47 0 0 0
19638 0.538335 -0.00109595 -0.0837437 0.01 47 48 0 0 0
19642 0.52477 -0.00113706 -0.0576955 0.01 60 60 0 0 0
19671 0.521558 -0.00114679 -0.0820192 0.01 47 47 0 0 0
19687 0.521558 -0.00114679 -0.074242 0.01 45 45 0 0 0
19689 0.521558 -0.00114679 -0.0820192 0.01 46 46 0 0 0
19704 0.540837 -0.00108837 -0.086 0.01 80 80 0 0 0
19711 0.501154 -0.00120862 -0.0820192 0.01 47 47 0 0 0
19719 0.521558 -0.00114679 -0.074242 0.01 45 45 0 0 0
19723 0.513101 -0.00117242 -0.0788278 0.01 60 60 0 0 0
19727 0.535783 -0.00110369 -0.0820192 0.01 46 46 0 0 0
19730 0.521558 -0.00114679 -0.0820192 0.01 47 47 0 0 0
19735 0.521558 -0.00114679 -0.0820192 0.01 47 47 0 0 0
19753 0.521558 -0.00114679 -0.0713274 0.01 47 47 0 0 0
19755 0.546853 -0.00107014 -0.0837437 0.01 47 47 0 0 0
19758 0.521558 -0.00114679 -0.074242 0.01 45 45 0 0 0
19759 0.506078 -0.0011937 -0.0788278 0.01 60 60 0 0 0
19776 0.540837 -0.00108837 -0.086 0.01 81 81 0 0 0
19789 0.521558 -0.00114679 -0.074242 0.01 45 45 0 0 0
19812 0.538335 -0.00109595 -0.0820192 0.01 47 47 0 0 0
19814 0.521558 -0.00114679 -0.074242 0.01 45 45 0 0 0
19842 0.540837 -0.00108837 -0.086 0.01 81 80 0 0 0
19862 0.521558 -0.00114679 -0.074242 0.01 46 46 0 0 0
19887 0.487004 -0.0012515 -0.066 0.01 60 60 0 0 0
19888 0.521558 -0.00114679 -0.0820192 0.01 47 46 0 0 0
19891 0.521558 -0.00114679 -0.074242 0.01 46 46 0 0 0
19893 0.522087 -0.00114519 -0.074242 0.01 46 46 0 0 0
19904 0.521558 -0.00114679 -0.074242 0.01 46 46 0 0 0
19909 0.521558 -0.00114679 -0.074242 0.01 45 45 0 0 0
19921 0.520089 -0.00115124 -0.114712 0.01 60 60 0 0 0
19926 0.540837 -0.00108837 -0.086 0.01 81 80 0 0 0
19935 0.501154 -0.00120862 -0.0790911 0.01 45 45 0 0 0
19936 0.521558 -0.00114679 -0.074242 0.01 47 47 0 0 0
19940 0.52477 -0.00113706 -0.0851181 0.01 60 60 0 0 0
19945 0.542263 -0.00108405 -0.086 0.01 80 80 0 0 0
19946 0.521558 -0.00114679 -0.0820192 0.01 47 47 0 0 0
19949 0.521558 -0.00114679 -0.0820192 0.01 46 46 0 0 0
19960 0.540837 -0.00108837 -0.086 0.01 81 80 0 0 0
19970 0.497633 -0.00121929 -0.107378 0.01 60 60 0 0 0
19971 0.521558 -0.00114679 -0.0820192 0.01 46 46 0 0 0
19980 0.534058 -0.00110891 -0.0820192 0.01 60 59 0 0 0
19981 0.521558 -0.00114679 -0.0820192 0.01 47 47 0 0 0
19987 0.521558 -0.00114679 -0.074242 0.01 47 47 0 0 0
20007 0.521558 -0.00114679 -0.074242 0.01 47 48 0 0 0
20012 0.521558 -0.00114679 -0.074242 0.01 45 45 0 0 0
20020 0.563488 -0.00101973 -0.05787 0.01 80 80 0 0 0
20025 0.52477 -0.00113706 -0.0764162 0.01 60 60 0 0 0
20048 0.521558 -0.00114679 -0.074242 0.01 45 45 0 0 0
20063 0.540837 -0.00108837 -0.086 0.01 81 81 0 0 0
20065 0.521558 -0.00114679 -0.0820192 0.01 46 46 0 0 0
20067 0.521947 -0.00114562 -0.0820192 0.01 60 60 0 0 0
20068 0.521558 -0.00114679 -0.074242 0.01 46 46 0 0 0
20070 0.535783 -0.00110369 -0.0820192 0.01 46 46 0 0 0
20073 0.521558 -0.00114679 -0.074242 0.01 45 45 0 0 0
20084 0.521558 -0.00114679 -0.0496369 0.01 45 45 0 0 0
20093 0.540837 -0.00108837 -0.086 0.01 80 80 0 0 0
20103 0.526049 -0.00113319 -0.0764162 0.01 60 60 0 0 0
20123 0.521558 -0.00114679 -0.0820192 0.01 46 46 0 0 0
20132 0.501154 -0.00120862 -0.0820192 0.01 47 47 0 0 0
20134 0.521558 -0.00114679 -0.0820192 0.01 47 47 0 0 0
20135 0.521558 -0.00114679 -0.074242 0.01 45 45 0 0 0
20136 0.554816 -0.00104601 -0.0924473 0.01 60 60 0 0 0
20137 0.526049 -0.00113319 -0.0764162 0.01 60 60 0 0 0
20139 0.500954 -0.00120923 -0.0820192 0.01 46 46 0 0 0
20157 0.521558 -0.00114679 -0.0820192 0.01 47 47 0 0 0
20158 0.521558 -0.00114679 -0.0820192 0.01 46 46 0 0 0
20165 0.521558 -0.00114679 -0.0820192 0.01 47 47 0 0 0
20173 0.521558 -0.00114679 -0.0820192 0.01 47 47 0 0 0
20183 0.540837 -0.00108837 -0.086 0.01 80 80 0 0 0
20185 0.520644 -0.00114956 -0.0728172 0.01 60 60 0 0 0
20186 0.554816 -0.00104601 -0.0924473 0.01 60 60 0 0 0
20188 0.521558 -0.00114679 -0.0820192 0.01 47 47 0 0 0
20191 0.521558 -0.00114679 -0.074242 0.01 45 45 0 0 0
20198 0.521558 -0.00114679 -0.0820192 0.01 46 46 0 0 0
20204 0.521558 -0.00114679 -0.0820192 0.01 47 47 0 0 0
20206 0.604561 -0.00089527 -0.0744826 0.01 60 60 0 0 0
20219 0.521558 -0.00114679 -0.0820192 0.01 47 47 0 0 0
20228 0.521558 -0.00114679 -0.0729994 0.01 47 47 0.000184074 0 0.00124259
20231 0.521558 -0.00114679 -0.0820192 0.01 46 46 0 0 0
20238 0.540837 -0.00108837 -0.086 0.01 81 81 0 0 0
20250 0.521558 -0.00114679 -0.0820192 0.01 46 46 0 0 0
20257 0.501154 -0.00120862 -0.0790911 0.01 46 46 0 0 0
20258 0.521558 -0.00114679 -0.0820192 0.01 46 46 0 0 0
20266 0.521558 -0.00114679 -0.0945392 0.01 47 47 0 0 0
20270 0.521558 -0.00114679 -0.074242 0.01 47 47 0 0 0
20282 0.521558 -0.00114679 -0.0658304 0.01 45 45 0 0 0
20289 0.563488 -0.00101973 -0.0697725 0.01 81 81 0 0 0
20290 0.521558 -0.00114679 -0.0820192 0.01 47 47 0 0 0
20295 0.501154 -0.00120862 -0.0790911 0.01 45 45 0 0 0
20297 0.540837 -0.00108837 -0.086 0.01 81 81 0 0 0
20298 0.483556 -0.00126195 -0.0907942 0.01 60 60 0 0 0
20301 0.521558 -0.00114679 -0.074242 0.01 45 45 0 0 0
20317 0.52994 -0.00112139 -0.0814039 0.01 47 47 0 0 0
20328 0.521558 -0.00114679 -0.0820192 0.01 47 47 0 0 0
20329 0.521558 -0.00114679 -0.074242 0.01 45 45 0 0 0
20330 0.535783 -0.00110369 -0.0730639 0.01 46 46 0 0 0
20347 0.521558 -0.00114679 -0.074242 0.01 46 46 0 0 0
20351 0.542044 -0.00108472 -0.086 0.01 80 80 -0.000557452 0.00120699 0
20358 0.521947 -0.00114562 -0.0889294 0.01 60 60 0 0 0
20367 0.521558 -0.00114679 -0.0820192 0.01 46 46 0 0 0
20368 0.521558 -0.00114679 -0.0820192 0.01 46 46 0 0 0
20397 0.521558 -0.00114679 -0.074242 0.01 45 45 0 0 0
20398 0.521558 -0.00114679 -0.0820192 0.01 46 46 0 0 0
20402 0.563488 -0.00101973 -0.0697725 0.01 80 80 0 0 0
20412 0.521558 -0.00114679 -0.0820192 0.01 46 46 0 0 0
20416 0.540837 -0.00108837 -0.086 0.01 81 81 0 0 0
20417 0.518982 -0.0011546 -0.0764162 0.01 60 60 0 0 0
20426 0.529466 -0.00112283 -0.0792391 0.01 47 47 0 0 0
20430 0.521558 -0.00114679 -0.074242 0.01 46 46 0 0 0
20434 0.521558 -0.00114679 -0.0820192 0.01 47 47 0 0 0
20435 0.521558 -0.00114679 -0.074242 0.01 45 46 0 0 0
20439 0.487004 -0.0012515 -0.066 0.01 60 60 0 0 0
20442 0.521558 -0.00114679 -0.0820192 0.01 46 46 0 0 0
20447 0.521558 -0.00114679 -0.074242 0.01 46 46 0 0 0
20449 0.563488 -0.00101973 -0.0592301 0.01 80 80 0 0 0
20454 0.518154 -0.00115711 -0.086 0.01 82 82 0 0 0
20458 0.497633 -0.00121929 -0.107378 0.01 60 60 0 0 0
20468 0.521015 -0.00114844 -0.0505038 0.01 60 60 0 0 0
20469 0.513101 -0.00117242 -0.0788278 0.01 60 60 0 0 0
20472 0.521558 -0.00114679 -0.074242 0.01 45 45 0 0 0
20476 0.506078 -0.0011937 -0.0788278 0.01 60 60 0 0 0
20485 0.521558 -0.00114679 -0.074242 0.01 45 45 0 0 0
20496 0.535783 -0.00110369 -0.0820192 0.01 47 47 0 0 0
