max_pf 77 min_pf 46
individual DHm DSm DCp disp_rate patch_no b_patch_no mut_eff DDHm DDCp
1 0.604667 -0.000894949 -0.0219785 0.01 75 75 0 0 0
3 0.613796 -0.000867284 -0.0219785 0.01 75 74 0 0 0
9 0.550005 -0.00106059 -0.00812296 0.01 60 60 0 0 0
10 0.604667 -0.000894949 -0.0219785 0.01 75 75 0 0 0
19 0.631179 -0.000814608 -0.0414524 0.01 47 48 0 0 0
24 0.631179 -0.000814608 -0.0294426 0.01 48 48 0 0 0
28 0.597309 -0.000917244 -0.0318212 0.01 60 60 0 0 0
58 0.613796 -0.000867284 -0.0219785 0.01 75 75 0 0 0
68 0.613796 -0.000867284 -0.0219785 0.01 76 76 0 0 0
89 0.631179 -0.000814608 -0.0679737 0.01 48 48 0 0 0
99 0.548081 -0.00106642 -0.0111865 0.01 60 60 0 0 0
101 0.550005 -0.00106059 -0.0111865 0.01 60 60 0 0 0
102 0.548081 -0.00106642 -0.0111865 0.01 60 61 0 0 0
103 0.625519 -0.000831759 -0.0219785 0.01 76 76 0 0 0
122 0.631179 -0.000814608 -0.0493208 0.01 48 48 0 0 0
137 0.631179 -0.000814608 -0.0493208 0.01 47 47 0 0 0
141 0.625119 -0.000832972 -0.0171455 0.01 60 60 0 0 0
163 0.631179 -0.000814608 -0.0493208 0.01 48 48 0 0 0
193 0.509676 -0.0011828 -0.0111865 0.01 60 61 0 0 0
200 0.631179 -0.000814608 -0.0493208 0.01 48 48 0 0 0
211 0.625519 -0.000831759 -0.0219785 0.01 75 75 0 0 0
223 0.613796 -0.000867284 -0.0219785 0.01 75 75 0 0 0
228 0.613796 -0.000867284 -0.0286331 0.01 77 77 0 0 0
233 0.626664 -0.00082829 -0.0493208 0.01 48 48 0 0 0
234 0.613796 -0.000867284 -0.0219785 0.01 77 77 0 0 0
266 0.631179 -0.000814608 -0.0493208 0.01 48 48 0 0 0
270 0.603893 -0.000897293 -0.0256638 0.01 75 75 0 0 0
279 0.604667 -0.000894949 -0.0219785 0.01 75 75 0 0 0
284 0.630933 -0.000815354 -0.0107612 0.01 60 61 0 0 0
289 0.613796 -0.000867284 -0.0219785 0.01 75 74 0 0 0
307 0.631179 -0.000814608 -0.0493208 0.01 48 49 0 0 0
313 0.622841 -0.000839876 -0.0219785 0.01 77 77 0 0 0
327 0.63996 -0.000788 -0.0493208 0.01 48 49 0 0 0
338 0.613796 -0.000867284 -0.0219785 0.01 75 75 0 0 0
343 0.631179 -0.000814608 -0.0493208 0.01 47 47 0 0 0
346 0.613796 -0.000867284 -0.0239981 0.01 75 75 0 0 0
351 0.550005 -0.00106059 -0.0161796 0.01 60 60 0 0 0
352 0.550005 -0.00106059 -0.0169123 0.01 60 60 -0.0014447 0 -0.00893642
360 0.613796 -0.000867284 -0.0219785 0.01 77 77 0 0 0
367 0.631179 -0.000814608 -0.0493208 0.01 48 48 0 0 0
372 0.613796 -0.000867284 -0.0219785 0.01 77 77 0 0 0
384 0.631179 -0.000814608 -0.0315291 0.01 47 47 0.00175259 0 0.0177917
385 0.625519 -0.000831759 -0.0219785 0.01 76 76 0 0 0
404 0.613796 -0.000867284 -0.0192647 0.01 77 77 0.00847033 0 0.00271381
414 0.631179 -0.000814608 -0.0493208 0.01 46 48 0 0 0
417 0.604667 -0.000894949 -0.0219785 0.01 76 76 0 0 0
421 0.604667 -0.000894949 -0.0219785 0.01 75 75 0 0 0
427 0.613796 -0.000867284 -0.0219785 0.01 75 75 0 0 0
435 0.606854 -0.00088832 -0.028261 0.01 60 60 0 0 0
442 0.613796 -0.000867284 -0.0425922 0.01 75 75 -0.047383 0 -0.0206137
459 0.512928 -0.00117295 -0.0180298 0.01 60 60 0 0 0
466 0.625519 -0.000831759 -0.0219785 0.01 75 75 0 0 0
482 0.613796 -0.000867284 -0.0219785 0.01 75 75 0 0 0
488 0.556631 -0.00104051 -0.00022749 0.01 60 60 0 0 0
492 0.613796 -0.000867284 -0.0219785 0.01 75 75 0 0 0
493 0.550005 -0.00106059 -0.0240846 0.01 60 60 0 0 0
502 0.550005 -0.00106059 -0.00822832 0.01 60 60 0 0 0
514 0.631179 -0.000814608 -0.0493208 0.01 47 47 0 0 0
522 0.631179 -0.000814608 -0.0493208 0.01 48 48 0 0 0
528 0.564064 -0.00101799 -0.000531259 0.01 60 60 0 0 0
535 0.631179 -0.000814608 -0.0493208 0.01 48 48 0 0 0
537 0.604667 -0.000894949 -0.0219785 0.01 75 75 0 0 0
542 0.550005 -0.00106059 -0.0111865 0.01 60 60 0 0 0
549 0.625519 -0.000831759 -0.0219785 0.01 76 76 0 0 0
552 0.631179 -0.000814608 -0.0493208 0.01 48 48 0 0 0
564 0.616873 -0.000857961 -0.033967 0.01 75 75 0 0 0
576 0.604667 -0.000894949 -0.0219785 0.01 75 75 0 0 0
580 0.631179 -0.000814608 -0.0493208 0.01 47 47 0 0 0
581 0.613796 -0.000867284 -0.0278163 0.01 75 75 0 0 0
621 0.550005 -0.00106059 -0.0111865 0.01 60 58 0 0 0
622 0.631179 -0.000814608 -0.0493208 0.01 47 47 0 0 0
654 0.630933 -0.000815354 -0.0107612 0.01 60 60 0 0 0
658 0.604667 -0.000894949 -0.0219785 0.01 75 75 0 0 0
682 0.626664 -0.00082829 -0.0493208 0.01 48 48 0 0 0
688 0.586659 -0.000949518 -0.0276403 0.01 60 60 0 0 0
698 0.543085 -0.00108156 -0.0267614 0.01 60 60 0 0 0
719 0.613796 -0.000867284 -0.0219785 0.01 76 76 0 0 0
736 0.659288 -0.00072943 -0.0107612 0.01 60 60 -0.025849 0.0386803 0
751 0.631179 -0.000814608 -0.0493208 0.01 47 47 0 0 0
752 0.617521 -0.000855998 -0.0242744 0.01 60 59 0 0 0
753 0.557514 -0.00103784 -0.0110362 0.01 60 60 0 0 0
771 0.557514 -0.00103784 -0.0190344 0.01 60 60 0 0 0
783 0.600983 -0.000906113 -0.0219785 0.01 75 75 0 0 0
789 0.631179 -0.000814608 -0.0493208 0.01 48 48 0 0 0
793 0.613796 -0.000867284 -0.0219785 0.01 75 75 0 0 0
794 0.524519 -0.00113782 -0.0111865 0.01 60 60 0 0 0
812 0.631179 -0.000814608 -0.0493208 0.01 47 48 0 0 0
820 0.613796 -0.000867284 -0.0219785 0.01 77 77 0 0 0
834 0.53369 -0.00111003 -0.0111865 0.01 60 60 0 0 0
857 0.512928 -0.00117295 -0.0180298 0.01 60 60 0 0 0
861 0.631179 -0.000814608 -0.0493208 0.01 48 48 0 0 0
863 0.524519 -0.00113782 -0.0111865 0.01 60 60 0 0 0
865 0.624559 -0.000834668 -0.0493208 0.01 48 49 0 0 0
875 0.613796 -0.000867284 -0.0219785 0.01 76 76 0 0 0
888 0.548081 -0.00106642 -0.0111865 0.01 60 61 0 0 0
915 0.622841 -0.000839876 -0.0219785 0.01 77 77 0 0 0
919 0.604667 -0.000894949 -0.0219785 0.01 75 75 0 0 0
923 0.612517 -0.00087116 -0.0493208 0.01 47 47 0 0 0
927 0.548081 -0.00106642 -0.0111865 0.01 60 60 0 0 0
928 0.554936 -0.00104565 -0.0174964 0.01 60 60 0 0 0
955 0.554349 -0.00104743 -0.0103344 0.01 60 60 0 0 0
956 0.604667 -0.000894949 -0.0219785 0.01 75 75 0 0 0
971 0.613796 -0.000867284 -0.0219785 0.01 77 77 0 0 0
979 0.631179 -0.000814608 -0.0493208 0.01 48 48 0 0 0
983 0.613796 -0.000867284 -0.0273541 0.01 75 75 0 0 0
986 0.631179 -0.000814608 -0.0493208 0.01 46 47 0 0 0
988 0.631179 -0.000814608 -0.0493208 0.01 48 48 0 0 0
991 0.624559 -0.000834668 -0.0493208 0.01 48 49 0 0 0
1004 0.613796 -0.000867284 -0.0219785 0.01 75 74 0 0 0
1010 0.631179 -0.000814608 -0.0493208 0.01 48 48 0 0 0
1013 0.589907 -0.000939675 -0.00801317 0.01 60 60 0 0 0
1022 0.625519 -0.000831759 -0.0219785 0.01 75 75 0 0 0
1026 0.613796 -0.000867284 -0.0219785 0.01 75 75 0 0 0
1032 0.631179 -0.000814608 -0.0493208 0.01 46 46 0 0 0
1033 0.613796 -0.000867284 -0.0219785 0.01 75 75 0 0 0
1044 0.631179 -0.000814608 -0.0578853 0.01 48 48 0 0 0
1050 0.538107 -0.00109664 -0.0111865 0.01 60 60 0 0 0
1053 0.631179 -0.000814608 -0.0493208 0.01 46 46 0 0 0
1059 0.604667 -0.000894949 -0.0219785 0.01 75 75 0 0 0
1085 0.631179 -0.000814608 -0.0493208 0.01 47 47 0 0 0
1089 0.589907 -0.000939675 -0.00801317 0.01 60 60 0 0 0
1116 0.613796 -0.000867284 -0.0433191 0.01 75 75 0 0 0
1131 0.604956 -0.000894072 -0.0126207 0.01 60 60 0 0 0
1139 0.613796 -0.000867284 -0.0219785 0.01 76 76 0 0 0
1146 0.512928 -0.00117295 -0.0180298 0.01 60 60 0 0 0
1154 0.613796 -0.000867284 -0.0219785 0.01 75 75 0 0 0
1184 0.631179 -0.000814608 -0.0493208 0.01 48 48 0 0 0
1193 0.613796 -0.000867284 -0.0219785 0.01 75 75 0 0 0
1205 0.504006 -0.00119998 -0.0180298 0.01 60 60 0 0 0
1216 0.620608 -0.000846643 -0.0107612 0.01 60 60 0 0 0
1217 0.550005 -0.00106059 -0.0111865 0.01 60 60 0 0 0
1221 0.550005 -0.00106059 -0.00116511 0.01 60 60 0 0 0
1258 0.520739 -0.00114928 -0.0111865 0.01 60 60 0 0 0
1267 0.613796 -0.000867284 -0.0219785 0.01 77 77 0 0 0
1284 0.613796 -0.000867284 -0.0219785 0.01 76 76 0 0 0
1288 0.616873 -0.000857961 -0.0219785 0.01 75 75 0 0 0
1292 0.524519 -0.00113782 -0.0111865 0.01 60 60 0 0 0
1294 0.631179 -0.000814608 -0.0493208 0.01 48 48 0 0 0
1295 0.631179 -0.000814608 -0.0493208 0.01 48 48 0 0 0
1311 0.625519 -0.000831759 -0.0219785 0.01 76 76 0 0 0
1318 0.613796 -0.000867284 -0.0239981 0.01 75 75 0 0 0
1324 0.613796 -0.000867284 -0.0274847 0.01 76 76 -0.0149131 0 -0.00550621
1329 0.613796 -0.000867284 -0.0219785 0.01 75 75 0 0 0
1336 0.554349 -0.00104743 -0.0103344 0.01 60 60 0 0 0
1338 0.631179 -0.000814608 -0.0493208 0.01 48 48 0 0 0
1347 0.557514 -0.00103784 -0.0192231 0.01 60 60 0 0 0
1359 0.631179 -0.000814608 -0.0493208 0.01 48 48 0 0 0
1360 0.550005 -0.00106059 -0.00822832 0.01 60 60 0 0 0
1361 0.631179 -0.000814608 -0.0493208 0.01 48 48 0 0 0
1374 0.572385 -0.000992774 -0.0229235 0.01 60 60 0 0 0
1385 0.604667 -0.000894949 -0.0219785 0.01 75 75 0 0 0
1390 0.612411 -0.000871482 -0.0493208 0.01 48 48 0 0 0
1394 0.626599 -0.000828489 -0.0493208 0.01 48 48 0 0 0
1395 0.625519 -0.000831759 -0.0219785 0.01 76 76 0 0 0
1398 0.626315 -0.000829349 -0.0493208 0.01 48 48 0 0 0
1399 0.588415 -0.000944197 -0.0148025 0.01 60 60 0 0 0
1401 0.613796 -0.000867284 -0.0219785 0.01 76 76 0 0 0
1403 0.631179 -0.000814608 -0.0493208 0.01 48 48 0 0 0
1404 0.631179 -0.000814608 -0.0493208 0.01 48 48 0 0 0
1412 0.631179 -0.000814608 -0.0493208 0.01 47 47 0 0 0
1419 0.604667 -0.000894949 -0.0219785 0.01 75 75 0 0 0
1421 0.631179 -0.000814608 -0.0493208 0.01 48 48 0 0 0
1423 0.613796 -0.000867284 -0.0219785 0.01 75 75 0 0 0
1429 0.620724 -0.000846291 -0.051254 0.01 48 48 0 0 0
1431 0.613796 -0.000867284 -0.0219785 0.01 77 77 0 0 0
1432 0.550005 -0.00106059 -0.0111865 0.01 60 61 0 0 0
1454 0.605065 -0.000893743 -0.0493208 0.01 46 46 0 0 0
1456 0.524519 -0.00113782 -0.0111865 0.01 60 60 0 0 0
1468 0.604667 -0.000894949 -0.0219785 0.01 76 76 0 0 0
1479 0.509676 -0.0011828 -0.0111865 0.01 60 61 0 0 0
1496 0.631179 -0.000814608 -0.0493208 0.01 48 48 0 0 0
1513 0.631179 -0.000814608 -0.0493208 0.01 48 48 0 0 0
1534 0.625519 -0.000831759 -0.0219785 0.01 75 75 0 0 0
1544 0.631179 -0.000814608 -0.0432099 0.01 48 48 0 0 0
1549 0.539355 -0.00109286 -0.00822832 0.01 60 60 0 0 0
1552 0.631179 -0.000814608 -0.0493208 0.01 47 47 0 0 0
1585 0.585317 -0.000953585 -0.0107612 0.01 60 60 0 0 0
1597 0.613796 -0.000867284 -0.0219785 0.01 76 76 0 0 0
1602 0.613796 -0.000867284 -0.0219785 0.01 77 77 0 0 0
1615 0.631179 -0.000814608 -0.0493208 0.01 48 48 0 0 0
1620 0.550005 -0.00106059 -0.00797585 0.01 60 59 0 0 0
1636 0.613796 -0.000867284 -0.0219785 0.01 76 76 0 0 0
1654 0.631179 -0.000814608 -0.0493208 0.01 47 47 0 0 0
1676 0.631179 -0.000814608 -0.0493208 0.01 46 47 0 0 0
1677 0.550005 -0.00106059 -0.0111865 0.01 60 60 0 0 0
1679 0.613796 -0.000867284 -0.0219785 0.01 75 74 0 0 0
1692 0.582309 -0.000962701 -0.0111865 0.01 60 60 0 0 0
1697 0.631179 -0.000814608 -0.0493208 0.01 48 48 0 0 0
1715 0.550005 -0.00106059 -0.00116511 0.01 60 60 0 0 0
1727 0.613796 -0.000867284 -0.0219785 0.01 76 76 0 0 0
1728 0.550005 -0.00106059 -0.00116511 0.01 60 60 0 0 0
1731 0.631179 -0.000814608 -0.0493208 0.01 48 48 0 0 0
1738 0.550005 -0.00106059 -0.0240846 0.01 60 60 0 0 0
1741 0.613796 -0.000867284 -0.0219785 0.01 75 74 0 0 0
1747 0.60675 -0.000888638 -0.0219785 0.01 76 76 0 0 0
1756 0.613796 -0.000867284 -0.0219785 0.01 76 75 0 0 0
1764 0.631179 -0.000814608 -0.0493208 0.01 48 48 0 0 0
1768 0.631179 -0.000814608 -0.0493208 0.01 47 47 0 0 0
1772 0.550005 -0.00106059 -0.00116511 0.01 60 60 0.00112987 0 0.00695785
1782 0.631179 -0.000814608 -0.0493208 0.01 47 46 0 0 0
1788 0.550005 -0.00106059 -0.0170042 0.01 60 60 -0.000939846 0 -0.00581769
1799 0.509676 -0.0011828 -0.0111865 0.01 60 60 0 0 0
1808 0.613796 -0.000867284 -0.0219785 0.01 75 75 0 0 0
1813 0.604667 -0.000894949 -0.0219785 0.01 75 75 0 0 0
1814 0.631179 -0.000814608 -0.0493208 0.01 48 48 0 0 0
1816 0.604667 -0.000894949 -0.0219785 0.01 76 76 0 0 0
1817 0.613796 -0.000867284 -0.0286331 0.01 77 77 0 0 0
1819 0.593629 -0.000928396 -0.0398866 0.01 60 60 0 0 0
1821 0.613796 -0.000867284 -0.0219785 0.01 77 77 0 0 0
1828 0.583934 -0.000957776 -0.0219785 0.01 75 75 0.0173503 -0.0207328 0
1830 0.541566 -0.00108616 -0.0111865 0.01 60 60 0 0 0
1839 0.604667 -0.000894949 -0.0219785 0.01 75 75 0 0 0
1842 0.613796 -0.000867284 -0.0219785 0.01 76 76 0 0 0
1843 0.630588 -0.0008164 -0.0219785 0.01 75 75 0 0 0
1851 0.548063 -0.00106648 -0.0380859 0.01 60 60 0 0 0
1852 0.63996 -0.000788 -0.0493208 0.01 48 49 0 0 0
1867 0.631179 -0.000814608 -0.0493208 0.01 48 48 0 0 0
1904 0.625519 -0.000831759 -0.0219785 0.01 75 75 0 0 0
1924 0.631179 -0.000814608 -0.0493208 0.01 48 48 0 0 0
1927 0.512928 -0.00117295 -0.0180298 0.01 60 60 0 0 0
1941 0.550005 -0.00106059 -0.0111865 0.01 60 61 0 0 0
1942 0.547067 -0.00106949 -0.0111865 0.01 60 60 -0.00495911 0.00550097 0
1945 0.631179 -0.000814608 -0.0493208 0.01 47 48 0 0 0
1949 0.631179 -0.000814608 -0.0493208 0.01 48 50 0 0 0
1981 0.613796 -0.000867284 -0.0219785 0.01 75 75 0 0 0
1986 0.572385 -0.000992774 -0.0229235 0.01 60 60 0 0 0
2011 0.631179 -0.000814608 -0.0493208 0.01 47 48 0 0 0
2015 0.496994 -0.00122123 -0.0111865 0.01 60 60 0.0239325 -0.0237448 0
2027 0.625519 -0.000831759 -0.0219785 0.01 76 75 0 0 0
2034 0.631179 -0.000814608 -0.0493208 0.01 47 47 0 0 0
2042 0.625519 -0.000831759 -0.0219785 0.01 75 75 0 0 0
2052 0.550005 -0.00106059 -0.0111865 0.01 60 60 0 0 0
2053 0.631179 -0.000814608 -0.0493208 0.01 48 48 0 0 0
2054 0.631179 -0.000814608 -0.0493208 0.01 48 48 0 0 0
2064 0.619985 -0.00084853 -0.045061 0.01 48 49 0 0 0
2069 0.631179 -0.000814608 -0.0578853 0.01 48 48 0 0 0
2088 0.62777 -0.000824941 -0.0170668 0.01 60 60 0 0 0
2122 0.613796 -0.000867284 -0.0219785 0.01 77 77 0 0 0
2127 0.600983 -0.000906113 -0.0219785 0.01 76 76 0 0 0
2134 0.631179 -0.000814608 -0.0493208 0.01 48 48 0 0 0
2139 0.604667 -0.000894949 -0.0219785 0.01 75 75 0 0 0
2183 0.557514 -0.00103784 -0.0190344 0.01 60 60 0 0 0
2186 0.613796 -0.000867284 -0.0219785 0.01 77 77 0 0 0
2189 0.611178 -0.000875219 -0.0219785 0.01 75 75 -0.00528616 0.00651085 0
2195 0.559283 -0.00103248 -0.0276403 0.01 48 49 0 0 0
2198 0.626599 -0.000828489 -0.0493208 0.01 48 48 0 0 0
2221 0.631179 -0.000814608 -0.0493208 0.01 47 47 0 0 0
2222 0.622841 -0.000839876 -0.0219785 0.01 76 76 0 0 0
2235 0.557514 -0.00103784 -0.0192231 0.01 60 60 0 0 0
2256 0.550005 -0.00106059 -0.0240846 0.01 60 60 0 0 0
2257 0.590994 -0.00093638 -0.0219785 0.01 76 76 0 0 0
2283 0.622841 -0.000839876 -0.0219785 0.01 77 77 0 0 0
2290 0.613796 -0.000867284 -0.0239981 0.01 75 75 0 0 0
2296 0.631179 -0.000814608 -0.0493208 0.01 48 51 0 0 0
2312 0.524519 -0.00113782 -0.0111865 0.01 60 60 0 0 0
2314 0.613796 -0.000867284 -0.0219785 0.01 76 76 0 0 0
2316 0.630588 -0.0008164 -0.0219785 0.01 75 75 0 0 0
2318 0.631179 -0.000814608 -0.0493208 0.01 48 48 0 0 0
2321 0.60371 -0.00089785 -0.0086535 0.01 60 60 0 0 0
2325 0.550005 -0.00106059 -0.0240846 0.01 60 60 0 0 0
2327 0.631179 -0.000814608 -0.0493208 0.01 46 46 0 0 0
2331 0.613796 -0.000867284 -0.0219785 0.01 77 77 0 0 0
2342 0.512928 -0.00117295 -0.0180298 0.01 60 60 0 0 0
2353 0.550005 -0.00106059 -0.0240846 0.01 60 60 0 0 0
2377 0.612411 -0.000871482 -0.0493208 0.01 48 48 0 0 0
2380 0.631179 -0.000814608 -0.0493208 0.01 48 48 0 0 0
2381 0.625519 -0.000831759 -0.0219785 0.01 75 75 0 0 0
2409 0.631179 -0.000814608 -0.0493208 0.01 47 47 0 0 0
2424 0.631179 -0.000814608 -0.0493208 0.01 47 47 0 0 0
2432 0.550005 -0.00106059 -0.00797585 0.01 60 60 0 0 0
2433 0.550005 -0.00106059 -0.00822832 0.01 60 61 0 0 0
2439 0.612411 -0.000871482 -0.0416958 0.01 47 47 0.000805974 0 0.00762501
2440 0.548081 -0.00106642 -0.00022749 0.01 60 60 0 0 0
2442 0.613796 -0.000867284 -0.0219785 0.01 77 77 0 0 0
2459 0.631179 -0.000814608 -0.0493208 0.01 47 47 0 0 0
2464 0.613796 -0.000867284 -0.0219785 0.01 76 76 0 0 0
2466 0.530523 -0.00111963 -0.0111865 0.01 60 60 0.0160822 -0.0175579 0
2482 0.544012 -0.00107875 -0.00853822 0.01 60 59 0 0 0
2489 0.612411 -0.000871482 -0.0493208 0.01 48 48 0 0 0
2498 0.550005 -0.00106059 -0.0111865 0.01 60 60 0 0 0
2504 0.550005 -0.00106059 -0.0111865 0.01 60 60 0 0 0
2511 0.631179 -0.000814608 -0.0493208 0.01 48 48 0 0 0
2512 0.631179 -0.000814608 -0.0493208 0.01 47 47 0 0 0
2520 0.613796 -0.000867284 -0.0219785 0.01 77 77 0 0 0
2533 0.62777 -0.000824941 -0.0170668 0.01 60 60 0 0 0
2548 0.613796 -0.000867284 -0.00809863 0.01 76 76 0 0 0
2567 0.524519 -0.00113782 -0.0111865 0.01 60 59 0 0 0
2572 0.631179 -0.000814608 -0.0493208 0.01 47 48 0 0 0
2573 0.554349 -0.00104743 -0.0103344 0.01 60 59 0 0 0
2582 0.625519 -0.000831759 -0.0219785 0.01 75 75 0 0 0
2588 0.631179 -0.000814608 -0.0493208 0.01 48 48 0 0 0
2599 0.548081 -0.00106642 -0.0188644 0.01 60 60 0 0 0
2607 0.548081 -0.00106642 -0.0111865 0.01 60 60 0 0 0
2616 0.628506 -0.000822709 -0.0219785 0.01 75 74 0 0 0
2618 0.630379 -0.000817035 -0.0493208 0.01 46 46 0.000373371 -0.000800788 0
2623 0.585317 -0.000953585 -0.0107612 0.01 60 60 0 0 0
2633 0.613796 -0.000867284 -0.0219785 0.01 75 75 0 0 0
2638 0.604667 -0.000894949 -0.0219785 0.01 76 75 0 0 0
2646 0.550005 -0.00106059 -0.0111865 0.01 60 59 0 0 0
2656 0.631179 -0.000814608 -0.0493208 0.01 48 48 0 0 0
2657 0.631179 -0.000814608 -0.0420785 0.01 47 48 0 0 0
2669 0.625519 -0.000831759 -0.0219785 0.01 76 76 0 0 0
2676 0.604667 -0.000894949 -0.0219785 0.01 75 75 0 0 0
2679 0.631179 -0.000814608 -0.0493208 0.01 47 47 0 0 0
2692 0.582309 -0.000962701 -0.0111865 0.01 60 60 0 0 0
2701 0.631179 -0.000814608 -0.0493208 0.01 48 48 0 0 0
2726 0.588415 -0.000944197 -0.0148025 0.01 60 60 0 0 0
2748 0.631179 -0.000814608 -0.0493208 0.01 47 47 0 0 0
2752 0.613796 -0.000867284 -0.0219785 0.01 76 76 0 0 0
2761 0.605183 -0.000893384 -0.0219785 0.01 75 75 0 0 0
2778 0.613796 -0.000867284 -0.0219785 0.01 75 76 0 0 0
2780 0.631179 -0.000814608 -0.0493208 0.01 48 48 0 0 0
2794 0.550005 -0.00106059 -0.0111865 0.01 60 60 0 0 0
2803 0.613796 -0.000867284 -0.0219785 0.01 77 77 0 0 0
2806 0.613796 -0.000867284 -0.0219785 0.01 76 76 0 0 0
2808 0.613796 -0.000867284 -0.00809863 0.01 76 76 0 0 0
2821 0.631179 -0.000814608 -0.0493208 0.01 48 48 0 0 0
2826 0.631179 -0.000814608 -0.0493208 0.01 47 47 0 0 0
2829 0.524519 -0.00113782 -0.0111865 0.01 60 60 0 0 0
2831 0.600983 -0.000906113 -0.0219785 0.01 76 75 0 0 0
2832 0.631179 -0.000814608 -0.0493208 0.01 48 48 0 0 0
2849 0.613796 -0.000867284 -0.0433191 0.01 75 75 0 0 0
2854 0.613796 -0.000867284 -0.0219785 0.01 76 76 0 0 0
2863 0.631179 -0.000814608 -0.0740319 0.01 47 48 -0.00185624 0 -0.024711
2870 0.550005 -0.00106059 -0.0111865 0.01 60 60 0 0 0
2887 0.613796 -0.000867284 -0.0219785 0.01 75 75 0 0 0
2893 0.631179 -0.000814608 -0.0493208 0.01 47 47 0 0 0
2904 0.548081 -0.00106642 -0.0111865 0.01 60 60 0 0 0
2906 0.520739 -0.00114928 -0.0111865 0.01 60 60 0 0 0
2907 0.550005 -0.00106059 -0.0324084 0.01 60 60 -0.00133395 0 -0.0083238
2911 0.613796 -0.000867284 -0.0219785 0.01 75 75 0 0 0
2927 0.640417 -0.000786614 -0.0493208 0.01 46 46 0 0 0
2942 0.625519 -0.000831759 -0.0219785 0.01 76 75 0 0 0
2945 0.619069 -0.000851305 -0.0107612 0.01 60 61 0 0 0
2952 0.631179 -0.000814608 -0.0493208 0.01 48 49 0 0 0
2963 0.631179 -0.000814608 -0.0493208 0.01 47 47 0 0 0
2971 0.556631 -0.00104051 -0.00022749 0.01 60 60 0 0 0
2994 0.63996 -0.000788 -0.0493208 0.01 48 48 0 0 0
3014 0.585317 -0.000953585 -0.0107612 0.01 60 60 0 0 0
3022 0.512928 -0.00117295 -0.0180298 0.01 60 59 0 0 0
3031 0.550005 -0.00106059 -0.00812296 0.01 60 60 0 0 0
3032 0.631179 -0.000814608 -0.0493208 0.01 46 46 0 0 0
3036 0.628553 -0.000822566 -0.0493208 0.01 47 48 0.00132699 -0.00262606 0
3044 0.512928 -0.00117295 -0.0415675 0.01 60 60 0 0 0
3049 0.584402 -0.000956357 -0.0111865 0.01 60 60 0 0 0
3053 0.631179 -0.000814608 -0.0493208 0.01 46 46 0 0 0
3054 0.613796 -0.000867284 -0.0219785 0.01 77 77 0 0 0
3058 0.631179 -0.000814608 -0.0493208 0.01 47 47 0 0 0
3074 0.613796 -0.000867284 -0.0219785 0.01 76 76 0 0 0
3076 0.550005 -0.00106059 -0.0111865 0.01 60 60 0 0 0
3077 0.609437 -0.000880494 -0.0107612 0.01 60 60 0 0 0
3078 0.524519 -0.00113782 -0.0295251 0.01 60 60 0 0 0
3079 0.622841 -0.000839876 -0.00331673 0.01 77 77 0 0 0
3081 0.604667 -0.000894949 -0.0219785 0.01 75 75 0 0 0
3091 0.613796 -0.000867284 -0.0219785 0.01 76 75 0 0 0
3106 0.613304 -0.000868775 -0.00597407 0.01 60 59 0 0 0
3118 0.550005 -0.00106059 -0.0111865 0.01 60 60 0 0 0
3122 0.613796 -0.000867284 -0.0219785 0.01 75 75 0 0 0
3123 0.631179 -0.000814608 -0.0646072 0.01 47 48 -0.00115147 0 -0.0152864
3126 0.631179 -0.000814608 -0.0493208 0.01 48 48 0 0 0
3144 0.548081 -0.00106642 -0.0111865 0.01 60 59 0 0 0
3150 0.604667 -0.000894949 -0.0219785 0.01 75 75 0 0 0
3158 0.604667 -0.000894949 -0.0219785 0.01 76 76 0 0 0
3172 0.524519 -0.00113782 -0.0110903 0.01 60 60 0 0 0
3173 0.550005 -0.00106059 -0.0280135 0.01 60 59 -0.00091055 0 -0.00840967
3186 0.604667 -0.000894949 -0.0219785 0.01 76 76 0 0 0
3190 0.605183 -0.000893384 -0.00180214 0.01 75 74 0 0 0
3191 0.631179 -0.000814608 -0.0679737 0.01 48 48 0 0 0
3195 0.604667 -0.000894949 -0.0219785 0.01 75 75 0 0 0
3201 0.53369 -0.00111003 -0.0111865 0.01 60 60 0 0 0
3211 0.62777 -0.000824941 -0.0170668 0.01 60 60 0 0 0
3212 0.631179 -0.000814608 -0.0493208 0.01 48 48 0 0 0
3233 0.613796 -0.000867284 -0.0219785 0.01 77 77 0 0 0
3234 0.524519 -0.00113782 -0.021874 0.01 60 60 0 0 0
3242 0.631179 -0.000814608 -0.0493208 0.01 48 48 0 0 0
3247 0.631179 -0.000814608 -0.0493208 0.01 47 47 0 0 0
3265 0.631179 -0.000814608 -0.0493208 0.01 47 47 0 0 0
3278 0.524519 -0.00113782 -0.0111865 0.01 60 60 0 0 0
3285 0.613796 -0.000867284 -0.0219785 0.01 77 77 0 0 0
3286 0.497716 -0.00121904 -0.0111865 0.01 60 60 0 0 0
3291 0.550005 -0.00106059 -0.00797585 0.01 60 60 0 0 0
3298 0.626315 -0.000829349 -0.0493208 0.01 48 48 0 0 0
3306 0.520739 -0.00114928 -0.0111865 0.01 60 60 0 0 0
3308 0.643994 -0.000775776 -0.0998766 0.01 60 59 0 0 0
3310 0.631179 -0.000814608 -0.0493208 0.01 47 47 0 0 0
3316 0.524519 -0.00113782 -0.0111865 0.01 60 60 0 0 0
3317 0.604956 -0.000894072 -0.0126207 0.01 60 60 0 0 0
3320 0.604667 -0.000894949 -0.0433311 0.01 75 75 -0.0499602 0 -0.0213526
3333 0.539355 -0.00109286 -0.00822832 0.01 60 60 0 0 0
3340 0.631179 -0.000814608 -0.0493208 0.01 48 48 0 0 0
3351 0.631179 -0.000814608 -0.0493208 0.01 47 47 0 0 0
3359 0.498345 -0.00121714 -0.0239156 0.01 60 60 0 0 0
3362 0.613796 -0.000867284 -0.0219785 0.01 76 76 0 0 0
3370 0.630588 -0.0008164 -0.0219785 0.01 75 75 0 0 0
3397 0.628553 -0.000822566 -0.0493208 0.01 47 47 0 0 0
3401 0.631179 -0.000814608 -0.0493208 0.01 48 47 0 0 0
3402 0.524519 -0.00113782 -0.0111865 0.01 60 60 0 0 0
3405 0.613796 -0.000867284 -0.0219785 0.01 76 76 0 0 0
3411 0.631179 -0.000814608 -0.0493208 0.01 46 47 0 0 0
3417 0.631179 -0.000814608 -0.0493208 0.01 47 47 0 0 0
3421 0.615897 -0.000860919 -0.031731 0.01 60 60 0 0 0
3440 0.613796 -0.000867284 -0.0219785 0.01 75 75 0 0 0
3447 0.613796 -0.000867284 -0.0219785 0.01 75 75 0 0 0
3453 0.631179 -0.000814608 -0.0493208 0.01 47 47 0 0 0
3460 0.613796 -0.000867284 -0.0219785 0.01 76 76 0 0 0
3464 0.513973 -0.00116978 -0.0111865 0.01 60 60 0 0 0
3465 0.509676 -0.0011828 -0.0111865 0.01 60 61 0 0 0
3472 0.631179 -0.000814608 -0.0493208 0.01 48 48 0 0 0
3475 0.631179 -0.000814608 -0.0679737 0.01 47 48 0 0 0
3502 0.613796 -0.000867284 -0.0219785 0.01 75 76 0 0 0
3505 0.604667 -0.000894949 -0.0219785 0.01 76 75 0 0 0
3515 0.625519 -0.000831759 -0.0219785 0.01 75 75 0 0 0
3523 0.631179 -0.000814608 -0.0493208 0.01 47 47 0 0 0
3533 0.605065 -0.000893743 -0.0493208 0.01 46 46 0 0 0
3535 0.631179 -0.000814608 -0.0493208 0.01 48 48 0 0 0
3551 0.602372 -0.000901902 -0.0219785 0.01 76 76 0 0 0
3556 0.631179 -0.000814608 -0.0493208 0.01 48 48 0 0 0
3560 0.550005 -0.00106059 -0.0267614 0.01 60 60 0 0 0
3581 0.626241 -0.000829572 -0.0107612 0.01 60 61 0 0 0
3582 0.550005 -0.00106059 -0.0111865 0.01 60 60 0 0 0
3584 0.631179 -0.000814608 -0.0493208 0.01 48 48 0 0 0
3595 0.631179 -0.000814608 -0.0493208 0.01 48 48 0 0 0
3604 0.631179 -0.000814608 -0.0493208 0.01 48 48 0 0 0
3632 0.548081 -0.00106642 -0.0220262 0.01 60 60 0 0 0
3645 0.589907 -0.000939675 -0.0138369 0.01 60 60 0 0 0
3652 0.509676 -0.0011828 -0.0111865 0.01 60 60 0 0 0
3661 0.613796 -0.000867284 -0.0219785 0.01 75 75 0 0 0
3666 0.550005 -0.00106059 -0.0111865 0.01 60 60 0 0 0
3676 0.524519 -0.00113782 -0.0111865 0.01 60 60 0 0 0
3679 0.631179 -0.000814608 -0.0493208 0.01 48 48 0 0 0
3682 0.631179 -0.000814608 -0.0493208 0.01 47 47 0 0 0
3688 0.631179 -0.000814608 -0.0493208 0.01 48 48 0 0 0
3703 0.606954 -0.000888018 -0.0148349 0.01 60 60 0 0 0
3707 0.616873 -0.000857961 -0.0219785 0.01 75 75 0 0 0
3726 0.631179 -0.000814608 -0.0493208 0.01 48 48 0 0 0
3740 0.524519 -0.00113782 -0.0111865 0.01 60 60 0 0 0
3743 0.622841 -0.000839876 -0.0219785 0.01 77 77 0 0 0
3750 0.631179 -0.000814608 -0.0493208 0.01 48 48 0 0 0
3769 0.631179 -0.000814608 -0.0493208 0.01 47 47 0 0 0
3777 0.613796 -0.000867284 -0.0219785 0.01 76 76 0 0 0
3783 0.622841 -0.000839876 -0.0219785 0.01 77 77 0 0 0
3792 0.613796 -0.000867284 -0.0219785 0.01 77 77 0 0 0
3805 0.616873 -0.000857961 -0.0219785 0.01 76 75 0 0 0
3809 0.604667 -0.000894949 -0.0219785 0.01 75 75 0 0 0
3812 0.631179 -0.000814608 -0.0493208 0.01 47 48 0 0 0
3813 0.582309 -0.000962701 -0.0111865 0.01 60 60 0 0 0
3833 0.631179 -0.000814608 -0.0493208 0.01 48 48 0 0 0
3838 0.613796 -0.000867284 -0.0219785 0.01 76 76 0 0 0
3840 0.634973 -0.000803113 -0.0535451 0.01 48 48 -0.00188863 0.00379342 0
3841 0.631179 -0.000814608 -0.0493208 0.01 48 48 0 0 0
3847 0.604667 -0.000894949 -0.0219785 0.01 75 75 0 0 0
3849 0.613796 -0.000867284 -0.0286331 0.01 77 77 -0.0199965 0 -0.00665457
3870 0.613796 -0.000867284 -0.0219785 0.01 76 76 0 0 0
3885 0.631179 -0.000814608 -0.0493208 0.01 48 48 0 0 0
3891 0.625519 -0.000831759 -0.0219785 0.01 75 75 0 0 0
3899 0.631179 -0.000814608 -0.0493208 0.01 47 48 0 0 0
3902 0.659182 -0.000729752 -0.0219785 0.01 60 59 0 0 0
3923 0.625519 -0.000831759 -0.0219785 0.01 76 75 0 0 0
3933 0.631179 -0.000814608 -0.0493208 0.01 46 47 0 0 0
3943 0.586659 -0.000949518 -0.0276403 0.01 60 60 0 0 0
3945 0.613796 -0.000867284 -0.0219785 0.01 76 76 0 0 0
3952 0.631179 -0.000814608 -0.0493208 0.01 48 48 0 0 0
3972 0.550005 -0.00106059 -0.00812296 0.01 60 60 0 0 0
3975 0.613796 -0.000867284 -0.0219785 0.01 75 75 0 0 0
3990 0.623618 -0.000837522 -0.0219785 0.01 60 60 0 0 0
4002 0.558985 -0.00103338 -0.0128781 0.01 60 60 0 0 0
4003 0.631179 -0.000814608 -0.0493208 0.01 47 47 0 0 0
4006 0.550005 -0.00106059 -0.0156377 0.01 60 60 0 0 0
4011 0.631179 -0.000814608 -0.0578853 0.01 48 48 0 0 0
4015 0.550005 -0.00106059 -0.0240846 0.01 60 60 0 0 0
4016 0.631179 -0.000814608 -0.0493208 0.01 48 48 0 0 0
4031 0.613796 -0.000867284 -0.0420839 0.01 76 76 0 0 0
4033 0.554936 -0.00104565 -0.0174964 0.01 60 60 0 0 0
4038 0.590994 -0.00093638 -0.0219785 0.01 76 76 0.00943092 -0.011378 0
4047 0.631179 -0.000814608 -0.0493208 0.01 48 48 0 0 0
4053 0.604667 -0.000894949 -0.0219785 0.01 76 76 0 0 0
4055 0.613796 -0.000867284 -0.0163773 0.01 76 76 0 0 0
4060 0.524519 -0.00113782 -0.0111865 0.01 60 60 0 0 0
4065 0.550005 -0.00106059 -0.0111865 0.01 60 60 0 0 0
4078 0.613304 -0.000868775 -0.00597407 0.01 60 60 0 0 0
4097 0.613796 -0.000867284 -0.0219785 0.01 75 75 0 0 0
4101 0.613796 -0.000867284 -0.0219785 0.01 75 75 0 0 0
4107 0.554936 -0.00104565 -0.0174964 0.01 60 60 0 0 0
4121 0.631179 -0.000814608 -0.0493208 0.01 48 48 0 0 0
4135 0.524519 -0.00113782 -0.0111865 0.01 60 60 0 0 0
4137 0.613796 -0.000867284 -0.0219785 0.01 75 75 0 0 0
4141 0.631179 -0.000814608 -0.0493208 0.01 46 46 0 0 0
4147 0.524519 -0.00113782 -0.0247927 0.01 60 60 0 0 0
4151 0.6019 -0.000903333 -0.0148025 0.01 60 60 0 0 0
4161 0.626241 -0.000829572 -0.0107612 0.01 60 60 0 0 0
4166 0.591394 -0.00093517 -0.0179727 0.01 60 60 0 0 0
4169 0.62777 -0.000824941 -0.0170668 0.01 60 59 0 0 0
4175 0.557514 -0.00103784 -0.0110362 0.01 60 60 0 0 0
4176 0.550005 -0.00106059 -0.0240846 0.01 60 60 0 0 0
4181 0.548089 -0.0010664 -0.0174964 0.01 60 60 0 0 0
4182 0.625519 -0.000831759 -0.0219785 0.01 76 76 0 0 0
4184 0.613796 -0.000867284 -0.0219785 0.01 75 74 0 0 0
4197 0.609606 -0.000879982 -0.00108813 0.01 60 60 0 0 0
4227 0.589907 -0.000939675 -0.00801317 0.01 60 60 0 0 0
4255 0.622841 -0.000839876 -0.0219785 0.01 77 77 0 0 0
4261 0.557514 -0.00103784 -0.0192231 0.01 60 60 0 0 0
4267 0.557514 -0.00103784 -0.0110362 0.01 60 60 0 0 0
4279 0.622841 -0.000839876 -0.0219785 0.01 77 77 0 0 0
4290 0.625519 -0.000831759 -0.0219785 0.01 75 75 0 0 0
4305 0.613796 -0.000867284 -0.0225397 0.01 75 75 -0.00138104 0 -0.000561224
4311 0.631179 -0.000814608 -0.0493208 0.01 48 48 0 0 0
4324 0.631179 -0.000814608 -0.0493208 0.01 48 48 0 0 0
4329 0.631179 -0.000814608 -0.0493208 0.01 48 48 0 0 0
4331 0.631179 -0.000814608 -0.0493208 0.01 48 48 0 0 0
4334 0.630588 -0.0008164 -0.0219785 0.01 75 75 0 0 0
4340 0.613796 -0.000867284 -0.0219785 0.01 75 75 0 0 0
4356 0.524519 -0.00113782 -0.0111865 0.01 60 60 0 0 0
4358 0.631179 -0.000814608 -0.0493208 0.01 46 47 0 0 0
4380 0.620724 -0.000846291 -0.051254 0.01 48 48 0 0 0
4388 0.613796 -0.000867284 -0.0297479 0.01 77 77 -0.0232416 0 -0.00776937
4400 0.631179 -0.000814608 -0.0493208 0.01 48 48 0 0 0
4408 0.618914 -0.000851776 -0.0493208 0.01 47 47 0.00608829 -0.0122654 0
4417 0.581809 -0.000964216 -0.00132952 0.01 60 60 0 0 0
4442 0.622841 -0.000839876 -0.00331673 0.01 77 77 0.0610369 0 0.0186618
4453 0.631179 -0.000814608 -0.0493208 0.01 48 48 0 0 0
4462 0.586659 -0.000949518 -0.0276403 0.01 48 48 0 0 0
4477 0.557514 -0.00103784 -0.0190344 0.01 60 60 0 0 0
4478 0.613796 -0.000867284 -0.0219785 0.01 76 76 0 0 0
4517 0.556631 -0.00104051 -0.00022749 0.01 60 60 0 0 0
4522 0.564064 -0.00101799 -0.000531259 0.01 60 60 0 0 0
4530 0.631179 -0.000814608 -0.0493208 0.01 48 48 0 0 0
4533 0.550005 -0.00106059 -0.0240846 0.01 60 60 0 0 0
4536 0.613796 -0.000867284 -0.0219785 0.01 75 74 0 0 0
4557 0.550005 -0.00106059 -0.00116511 0.01 60 60 0 0 0
4560 0.548081 -0.00106642 -0.0111865 0.01 60 60 0 0 0
4565 0.613796 -0.000867284 -0.0219785 0.01 75 75 0 0 0
4569 0.520739 -0.00114928 -0.0111865 0.01 60 60 0 0 0
4591 0.631179 -0.000814608 -0.0493208 0.01 46 46 0 0 0
4597 0.524519 -0.00113782 -0.0111865 0.01 60 60 0 0 0
4607 0.631179 -0.000814608 -0.0493208 0.01 48 48 0 0 0
4608 0.554936 -0.00104565 -0.0174964 0.01 60 60 0 0 0
4613 0.631179 -0.000814608 -0.014574 0.01 48 48 0.00265682 0 0.0347469
4622 0.541566 -0.00108616 -0.0111865 0.01 60 60 0 0 0
4623 0.613796 -0.000867284 -0.0219785 0.01 77 77 0 0 0
4633 0.613796 -0.000867284 -0.0219785 0.01 77 76 0 0 0
4634 0.631179 -0.000814608 -0.0493208 0.01 48 48 0 0 0
4664 0.6233 -0.000838484 -0.00148823 0.01 60 59 0 0 0
4677 0.625519 -0.000831759 -0.0219785 0.01 76 76 0 0 0
4691 0.631179 -0.000814608 -0.0493208 0.01 48 48 0 0 0
4703 0.557514 -0.00103784 -0.0190344 0.01 60 60 0 0 0
4705 0.613796 -0.000867284 -0.0219785 0.01 77 77 0 0 0
4718 0.631179 -0.000814608 -0.0493208 0.01 48 48 0 0 0
4722 0.556631 -0.00104051 -0.00022749 0.01 60 60 0 0 0
4723 0.631179 -0.000814608 -0.0493208 0.01 48 48 0 0 0
4731 0.606954 -0.000888018 -0.0148349 0.01 60 60 0 0 0
4736 0.631179 -0.000814608 -0.0493208 0.01 47 47 0 0 0
4737 0.550005 -0.00106059 -0.0240846 0.01 60 60 0 0 0
4738 0.550005 -0.00106059 -0.0111865 0.01 60 60 0 0 0
4740 0.631179 -0.000814608 -0.0493208 0.01 48 48 0 0 0
4756 0.604667 -0.000894949 -0.0219785 0.01 75 75 0 0 0
4757 0.631179 -0.000814608 -0.0493208 0.01 48 48 0 0 0
4764 0.631179 -0.000814608 -0.0493208 0.01 48 48 0 0 0
4770 0.604667 -0.000894949 -0.0219785 0.01 75 75 0 0 0
4781 0.625519 -0.000831759 -0.0219785 0.01 76 76 0 0 0
4809 0.604667 -0.000894949 -0.0219785 0.01 76 76 0 0 0
4810 0.613796 -0.000867284 -0.0219785 0.01 77 76 0 0 0
4814 0.630933 -0.000815354 -0.00866278 0.01 60 60 0 0 0
4818 0.62777 -0.000824941 -0.0170668 0.01 60 60 0 0 0
4823 0.613796 -0.000867284 -0.0219785 0.01 76 76 0 0 0
4835 0.613796 -0.000867284 -0.0219785 0.01 77 77 0 0 0
4836 0.612517 -0.00087116 -0.0493208 0.01 47 47 0 0 0
4849 0.631179 -0.000814608 -0.0493208 0.01 47 47 0 0 0
4850 0.572385 -0.000992774 -0.0229235 0.01 60 60 0 0 0
4857 0.625519 -0.000831759 -0.0219785 0.01 76 76 0 0 0
4858 0.595297 -0.000923343 -0.0219785 0.01 75 75 0 0 0
4866 0.631179 -0.000814608 -0.0493208 0.01 48 48 0 0 0
4874 0.612411 -0.000871482 -0.0493208 0.01 48 48 0 0 0
4879 0.548081 -0.00106642 -0.0111865 0.01 60 60 0 0 0
4931 0.604667 -0.000894949 -0.0219785 0.01 75 75 0 0 0
4954 0.631179 -0.000814608 -0.0493208 0.01 46 46 0 0 0
4957 0.622841 -0.000839876 -0.00331673 0.01 77 77 0 0 0
4990 0.554936 -0.00104565 -0.0174964 0.01 60 60 0 0 0
5002 0.498345 -0.00121714 -0.0239156 0.01 60 60 0 0 0
5006 0.631179 -0.000814608 -0.0493208 0.01 47 47 0 0 0
5017 0.550005 -0.00106059 -0.0240846 0.01 60 61 0 0 0
5038 0.613796 -0.000867284 -0.0219785 0.01 75 75 0 0 0
5042 0.604667 -0.000894949 -0.0219785 0.01 75 75 0 0 0
5050 0.631179 -0.000814608 -0.0493208 0.01 47 47 0 0 0
5056 0.631179 -0.000814608 -0.0493208 0.01 47 47 0 0 0
5064 0.520739 -0.00114928 -0.0111865 0.01 60 60 0 0 0
5069 0.631179 -0.000814608 -0.0493208 0.01 48 48 0 0 0
5086 0.631179 -0.000814608 -0.0493208 0.01 47 47 0 0 0
5089 0.524519 -0.00113782 -0.0111865 0.01 60 60 0 0 0
5094 0.604667 -0.000894949 -0.0219785 0.01 76 76 0 0 0
5098 0.613796 -0.000867284 -0.0219785 0.01 75 75 0 0 0
5102 0.631179 -0.000814608 -0.0493208 0.01 48 48 0 0 0
5103 0.612411 -0.000871482 -0.0493208 0.01 48 48 0 0 0
5108 0.631179 -0.000814608 -0.0493208 0.01 48 48 0 0 0
5117 0.631179 -0.000814608 -0.0493208 0.01 48 48 0 0 0
5128 0.631179 -0.000814608 -0.0493208 0.01 48 48 0 0 0
5133 0.612411 -0.000871482 -0.0493208 0.01 48 48 0 0 0
5143 0.550005 -0.00106059 -0.0240846 0.01 60 60 0 0 0
5144 0.613796 -0.000867284 -0.0219785 0.01 76 76 0 0 0
5151 0.631179 -0.000814608 -0.0493208 0.01 48 48 0 0 0
5156 0.604667 -0.000894949 -0.0219785 0.01 75 75 0 0 0
5172 0.631179 -0.000814608 -0.0493208 0.01 48 48 0 0 0
5179 0.582309 -0.000962701 -0.0111865 0.01 60 60 0 0 0
5182 0.622841 -0.000839876 -0.0219785 0.01 77 77 0 0 0
5186 0.631179 -0.000814608 -0.0493208 0.01 47 47 0 0 0
5191 0.631179 -0.000814608 -0.0493208 0.01 47 47 0 0 0
5194 0.595297 -0.000923343 -0.0219785 0.01 75 75 0.00774279 -0.00936997 0
5202 0.548081 -0.00106642 -0.0220262 0.01 60 59 0 0 0
5208 0.550005 -0.00106059 -0.0240846 0.01 60 60 0 0 0
5209 0.631179 -0.000814608 -0.0493208 0.01 47 47 0 0 0
5210 0.613192 -0.000869114 -0.0493208 0.01 47 47 0 0 0
5218 0.525856 -0.00113377 -0.0111865 0.01 60 60 0 0 0
5219 0.631179 -0.000814608 -0.0493208 0.01 48 48 0 0 0
5220 0.631179 -0.000814608 -0.0679737 0.01 48 48 0 0 0
5226 0.533549 -0.00111046 -0.0111865 0.01 60 60 -0.00854141 0.00902998 0
5236 0.552133 -0.00105414 -0.0111865 0.01 60 60 0 0 0
5242 0.61099 -0.000875789 -0.0493208 0.01 48 49 0 0 0
5258 0.550005 -0.00106059 -0.0111865 0.01 60 60 0 0 0
5265 0.631179 -0.000814608 -0.0493208 0.01 48 48 0 0 0
5278 0.564064 -0.00101799 -0.0107612 0.01 60 61 0 0 0
5303 0.631179 -0.000814608 -0.0493208 0.01 47 47 0 0 0
5323 0.548089 -0.0010664 -0.0174964 0.01 60 60 0 0 0
5327 0.582309 -0.000962701 -0.0111865 0.01 60 60 0 0 0
5334 0.627086 -0.000827011 -0.0493208 0.01 48 48 0 0 0
5335 0.631179 -0.000814608 -0.0493208 0.01 48 48 0 0 0
5337 0.550005 -0.00106059 -0.0156377 0.01 60 60 0 0 0
5343 0.618914 -0.000851776 -0.0493208 0.01 47 47 0 0 0
5366 0.631179 -0.000814608 -0.0297749 0.01 47 47 0.00192701 0 0.0195459
5370 0.589907 -0.000939675 -0.0138369 0.01 60 60 0 0 0
5375 0.625221 -0.000832664 -0.0219785 0.01 75 75 0 0 0
5378 0.558985 -0.00103338 -0.0128781 0.01 60 61 0 0 0
5399 0.604667 -0.000894949 -0.0219785 0.01 75 75 0 0 0
5409 0.631179 -0.000814608 -0.0493208 0.01 48 48 0 0 0
5418 0.624559 -0.000834668 -0.0493208 0.01 48 49 0 0 0
5424 0.625519 -0.000831759 -0.0219785 0.01 76 75 0 0 0
5441 0.613796 -0.000867284 -0.0219785 0.01 76 76 0 0 0
5459 0.613796 -0.000867284 -0.0219785 0.01 77 77 0 0 0
5466 0.625519 -0.000831759 -0.0219785 0.01 75 75 0 0 0
5469 0.631179 -0.000814608 -0.0493208 0.01 47 47 0 0 0
5471 0.548081 -0.00106642 -0.00022749 0.01 60 60 0 0 0
5478 0.625519 -0.000831759 -0.0219785 0.01 75 75 0 0 0
5487 0.631179 -0.000814608 -0.0493208 0.01 48 48 0 0 0
5496 0.554936 -0.00104565 -0.0174964 0.01 60 60 0 0 0
5502 0.631179 -0.000814608 -0.0493208 0.01 47 47 0 0 0
5508 0.631179 -0.000814608 -0.0493208 0.01 47 48 0 0 0
5515 0.626315 -0.000829349 -0.0493208 0.01 47 47 0 0 0
5525 0.525856 -0.00113377 -0.0111865 0.01 60 60 0 0 0
5534 0.605065 -0.000893743 -0.0493208 0.01 46 46 0 0 0
5535 0.631179 -0.000814608 -0.0493208 0.01 48 48 0 0 0
5536 0.600983 -0.000906113 -0.0219785 0.01 75 75 0 0 0
5541 0.613796 -0.000867284 -0.0219785 0.01 76 76 0 0 0
5550 0.631179 -0.000814608 -0.0493208 0.01 48 48 0 0 0
5554 0.631179 -0.000814608 -0.0493208 0.01 48 48 0 0 0
5555 0.631179 -0.000814608 -0.0493208 0.01 47 47 0 0 0
5558 0.512928 -0.00117295 -0.0180298 0.01 60 60 0 0 0
5565 0.595297 -0.000923343 -0.0219785 0.01 75 75 0 0 0
5571 0.631179 -0.000814608 -0.0357569 0.01 47 47 -0.00041879 0 -0.00422777
5574 0.586659 -0.000949518 -0.0276403 0.01 60 60 0 0 0
5583 0.631179 -0.000814608 -0.0493208 0.01 48 48 0 0 0
5585 0.570645 -0.000998047 -0.0298661 0.01 60 59 -0.00189492 0 -0.0186796
5610 0.582309 -0.000962701 -0.0111865 0.01 60 60 0 0 0
5622 0.548081 -0.00106642 -0.0111865 0.01 60 60 0 0 0
5632 0.625519 -0.000831759 -0.0219785 0.01 76 76 0 0 0
5635 0.613796 -0.000867284 -0.0219785 0.01 75 75 0 0 0
5638 0.631179 -0.000814608 -0.0493208 0.01 48 48 0 0 0
5640 0.620608 -0.000846643 -0.0107612 0.01 60 60 0 0 0
5648 0.613796 -0.000867284 -0.0219785 0.01 76 76 0 0 0
5654 0.548081 -0.00106642 -0.0111865 0.01 60 60 0 0 0
5656 0.613796 -0.000867284 -0.0219785 0.01 75 75 0 0 0
5658 0.572385 -0.000992774 -0.0229235 0.01 60 60 0 0 0
5664 0.604667 -0.000894949 -0.0319504 0.01 76 76 0 0 0
5667 0.550005 -0.00106059 -0.0111865 0.01 60 60 0 0 0
5674 0.631179 -0.000814608 -0.0493208 0.01 48 48 0 0 0
5677 0.613796 -0.000867284 -0.0219785 0.01 77 77 0 0 0
5699 0.564064 -0.00101799 -0.000531259 0.01 60 60 0 0 0
5704 0.613796 -0.000867284 -0.0219785 0.01 75 75 0 0 0
5716 0.613796 -0.000867284 -0.0219785 0.01 75 75 0 0 0
5720 0.6233 -0.000838484 -0.00969162 0.01 60 60 0 0 0
5740 0.631179 -0.000814608 -0.0493208 0.01 48 48 0 0 0
5745 0.613796 -0.000867284 -0.0219785 0.01 76 76 0 0 0
5749 0.524519 -0.00113782 -0.0111865 0.01 60 60 0 0 0
5760 0.631179 -0.000814608 -0.0679737 0.01 48 48 0 0 0
5767 0.613796 -0.000867284 -0.0219785 0.01 76 76 0 0 0
5775 0.613796 -0.000867284 -0.0219785 0.01 76 76 0 0 0
5780 0.588263 -0.000944659 -0.0219785 0.01 75 75 0 0 0
5782 0.550005 -0.00106059 -0.0111865 0.01 60 60 0 0 0
5784 0.631179 -0.000814608 -0.0493208 0.01 48 48 0 0 0
5793 0.626241 -0.000829572 -0.0107612 0.01 60 61 0 0 0
5794 0.631179 -0.000814608 -0.0493208 0.01 48 48 0 0 0
5802 0.613796 -0.000867284 -0.0219785 0.01 75 75 0 0 0
5809 0.613796 -0.000867284 -0.0219785 0.01 77 77 0 0 0
5814 0.525856 -0.00113377 -0.0111865 0.01 60 60 0 0 0
5820 0.604667 -0.000894949 -0.0219785 0.01 76 75 0 0 0
5822 0.613796 -0.000867284 -0.0219785 0.01 75 75 0 0 0
5826 0.550005 -0.00106059 -0.00797585 0.01 60 60 0 0 0
5836 0.550005 -0.00106059 -0.0156377 0.01 60 60 0 0 0
5851 0.550005 -0.00106059 -0.0240846 0.01 60 60 0 0 0
5853 0.550005 -0.00106059 -0.0240846 0.01 60 60 0 0 0
5880 0.550005 -0.00106059 -0.0111865 0.01 60 60 0 0 0
5896 0.625519 -0.000831759 -0.0219785 0.01 76 76 0 0 0
5913 0.633724 -0.000806897 -0.0493208 0.01 48 48 0 0 0
5917 0.616873 -0.000857961 -0.0219785 0.01 75 75 0 0 0
5918 0.613796 -0.000867284 -0.0219785 0.01 75 75 0 0 0
5938 0.550005 -0.00106059 -0.00797585 0.01 60 60 0 0 0
5947 0.625519 -0.000831759 -0.0219785 0.01 76 75 0 0 0
5949 0.625519 -0.000831759 -0.0219785 0.01 76 76 0 0 0
5951 0.550005 -0.00106059 -0.00116511 0.01 60 60 0 0 0
5954 0.613796 -0.000867284 -0.0219785 0.01 76 76 0 0 0
5960 0.541566 -0.00108616 -0.0111865 0.01 60 59 0 0 0
5965 0.613796 -0.000867284 -0.0219785 0.01 75 75 0 0 0
5971 0.605183 -0.000893384 -0.0219785 0.01 75 75 0 0 0
5972 0.512928 -0.00117295 -0.0180298 0.01 60 60 0 0 0
5975 0.613796 -0.000867284 -0.0219785 0.01 75 75 0 0 0
5979 0.631179 -0.000814608 -0.0420785 0.01 47 47 0 0 0
5986 0.613796 -0.000867284 -0.0219785 0.01 75 75 0 0 0
5995 0.604667 -0.000894949 -0.0219785 0.01 75 75 0 0 0
6003 0.616873 -0.000857961 -0.0244919 0.01 75 75 -0.0060969 0 -0.00251336
6006 0.604667 -0.000894949 -0.0219785 0.01 75 75 0 0 0
6009 0.631179 -0.000814608 -0.0493208 0.01 48 48 0 0 0
6016 0.543085 -0.00108156 -0.0267614 0.01 60 60 0 0 0
6019 0.6233 -0.000838484 -0.00969162 0.01 60 60 0 0 0
6034 0.604667 -0.000894949 -0.0219785 0.01 75 75 0 0 0
6045 0.577613 -0.00097693 -0.00666185 0.01 60 60 0 0 0
6049 0.524519 -0.00113782 -0.0111865 0.01 60 59 0 0 0
6058 0.604667 -0.000894949 -0.0219785 0.01 75 75 0 0 0
6059 0.631179 -0.000814608 -0.0493208 0.01 47 48 0 0 0
6073 0.631179 -0.000814608 -0.0493208 0.01 48 48 0 0 0
6075 0.626241 -0.000829572 -0.0107612 0.01 60 60 0 0 0
6083 0.631179 -0.000814608 -0.0493208 0.01 48 48 0 0 0
6088 0.613796 -0.000867284 -0.0219785 0.01 77 77 0 0 0
6101 0.631179 -0.000814608 -0.0493208 0.01 48 48 0 0 0
6122 0.524519 -0.00113782 -0.0111865 0.01 60 61 0 0 0
6123 0.625519 -0.000831759 -0.0219785 0.01 76 76 0 0 0
6137 0.631179 -0.000814608 -0.0493208 0.01 48 48 0 0 0
6150 0.577613 -0.00097693 -0.00666185 0.01 60 60 0 0 0
6152 0.548081 -0.00106642 -0.0111865 0.01 60 59 0 0 0
6160 0.631179 -0.000814608 -0.0493208 0.01 46 46 0 0 0
6166 0.600031 -0.000908998 -0.0276403 0.01 48 48 -0.00789674 0.0133713 0
6175 0.613796 -0.000867284 -0.0219785 0.01 75 75 0 0 0
6196 0.631179 -0.000814608 -0.0493208 0.01 47 46 0 0 0
6209 0.557514 -0.00103784 -0.0190344 0.01 60 60 0 0 0
6211 0.604667 -0.000894949 -0.0219785 0.01 75 75 0 0 0
6217 0.524519 -0.00113782 -0.0111865 0.01 60 60 0 0 0
6221 0.623618 -0.000837522 -0.0219785 0.01 60 60 0 0 0
6229 0.604667 -0.000894949 -0.0219785 0.01 75 75 0 0 0
6237 0.631179 -0.000814608 -0.0493208 0.01 47 47 0 0 0
6256 0.613796 -0.000867284 -0.0219785 0.01 75 75 0 0 0
6264 0.631179 -0.000814608 -0.0493208 0.01 46 46 0 0 0
6271 0.631179 -0.000814608 -0.0493208 0.01 48 48 0 0 0
6279 0.557514 -0.00103784 -0.0192231 0.01 60 60 0 0 0
6304 0.557514 -0.00103784 -0.0110362 0.01 60 61 0 0 0
6322 0.631179 -0.000814608 -0.0493208 0.01 47 48 0 0 0
6323 0.631179 -0.000814608 -0.0493208 0.01 48 48 0 0 0
6340 0.548081 -0.00106642 -0.0188644 0.01 60 60 0 0 0
6355 0.631179 -0.000814608 -0.0539223 0.01 47 49 0 0 0
6368 0.612411 -0.000871482 -0.0537676 0.01 48 48 0 0 0
6369 0.631179 -0.000814608 -0.0493208 0.01 47 47 0 0 0
6399 0.572493 -0.000992445 -0.0276403 0.01 47 48 0 0 0
6401 0.631179 -0.000814608 -0.0493208 0.01 48 48 0 0 0
6408 0.631179 -0.000814608 -0.0493208 0.01 48 47 0 0 0
6413 0.625519 -0.000831759 -0.0219785 0.01 76 76 0 0 0
6447 0.572493 -0.000992445 -0.0276403 0.01 47 48 0 0 0
6451 0.629683 -0.000819142 -0.0493208 0.01 47 47 0 0 0
6453 0.613796 -0.000867284 -0.0219785 0.01 76 76 0 0 0
6458 0.548081 -0.00106642 -0.0111865 0.01 60 60 0 0 0
6474 0.543085 -0.00108156 -0.0267614 0.01 60 60 0 0 0
6476 0.545494 -0.00107426 -0.0218931 0.01 60 60 0 0 0
6481 0.625519 -0.000831759 -0.0219785 0.01 75 75 0 0 0
6485 0.631179 -0.000814608 -0.0515144 0.01 47 49 -0.00012134 0 -0.00219354
6491 0.604667 -0.000894949 -0.0319504 0.01 75 75 0 0 0
6500 0.631179 -0.000814608 -0.0493208 0.01 48 49 0 0 0
6501 0.631179 -0.000814608 -0.0540244 0.01 48 48 0 0 0
6504 0.616873 -0.000857961 -0.0219785 0.01 75 75 0 0 0
6505 0.550005 -0.00106059 -0.0111865 0.01 60 60 0 0 0
6520 0.613796 -0.000867284 -0.0219785 0.01 75 75 0 0 0
6522 0.617521 -0.000855998 -0.0242744 0.01 60 60 0 0 0
6531 0.613796 -0.000867284 -0.0219785 0.01 75 75 0 0 0
6532 0.631179 -0.000814608 -0.0493208 0.01 47 47 0 0 0
6541 0.550005 -0.00106059 -0.00116511 0.01 60 60 0 0 0
6559 0.631179 -0.000814608 -0.0493208 0.01 48 48 0 0 0
6560 0.613796 -0.000867284 -0.0219785 0.01 76 76 0 0 0
6572 0.577613 -0.00097693 -0.00666185 0.01 60 60 0 0 0
6575 0.631179 -0.000814608 -0.0493208 0.01 47 47 0 0 0
6589 0.631179 -0.000814608 -0.0493208 0.01 48 48 0 0 0
6595 0.520739 -0.00114928 -0.0111865 0.01 60 60 0 0 0
6597 0.613796 -0.000867284 -0.0219785 0.01 75 75 0 0 0
6601 0.564064 -0.00101799 -0.000531259 0.01 60 60 0 0 0
6603 0.554936 -0.00104565 -0.0174964 0.01 60 60 0 0 0
6605 0.631179 -0.000814608 -0.0493208 0.01 48 48 0 0 0
6626 0.631179 -0.000814608 -0.0493208 0.01 47 47 0 0 0
6632 0.613796 -0.000867284 -0.0219785 0.01 75 74 0 0 0
6645 0.631179 -0.000814608 -0.0493208 0.01 48 48 0 0 0
6660 0.631179 -0.000814608 -0.0493208 0.01 47 47 0 0 0
6662 0.572385 -0.000992774 -0.0229235 0.01 60 60 0 0 0
6664 0.631179 -0.000814608 -0.0493208 0.01 47 47 0 0 0
6666 0.613796 -0.000867284 -0.0219785 0.01 77 77 0 0 0
6667 0.605065 -0.000893743 -0.0493208 0.01 46 46 0 0 0
6679 0.631179 -0.000814608 -0.0493208 0.01 48 48 0 0 0
6681 0.626315 -0.000829349 -0.0493208 0.01 48 48 0 0 0
6689 0.557514 -0.00103784 -0.0190344 0.01 60 60 0 0 0
6691 0.631179 -0.000814608 -0.055104 0.01 48 48 0.000209808 0 0.00278135
6700 0.525856 -0.00113377 -0.0111865 0.01 60 59 0 0 0
6703 0.631179 -0.000814608 -0.0493208 0.01 48 47 0 0 0
6717 0.541566 -0.00108616 -0.0111865 0.01 60 60 0 0 0
6720 0.613796 -0.000867284 -0.0219785 0.01 76 76 0 0 0
6744 0.585317 -0.000953585 -0.0107612 0.01 60 60 0 0 0
6745 0.631179 -0.000814608 -0.0493208 0.01 48 48 0 0 0
6749 0.631179 -0.000814608 -0.0493208 0.01 46 46 0 0 0
6762 0.541566 -0.00108616 -0.0111865 0.01 60 60 0 0 0
6794 0.524519 -0.00113782 -0.0109667 0.01 60 60 0 0 0
6807 0.631179 -0.000814608 -0.0493208 0.01 48 48 0 0 0
6808 0.572493 -0.000992445 -0.0452695 0.01 47 47 -0.0022011 0 -0.0176292
6810 0.622841 -0.000839876 -0.0219785 0.01 75 76 0 0 0
6811 0.554936 -0.00104565 -0.0174964 0.01 60 60 0 0 0
6819 0.543085 -0.00108156 -0.0267614 0.01 60 60 0 0 0
6833 0.631179 -0.000814608 -0.0493208 0.01 48 48 0 0 0
6839 0.554936 -0.00104565 -0.0174964 0.01 60 60 0 0 0
6851 0.613796 -0.000867284 -0.0219785 0.01 76 76 0 0 0
6858 0.633724 -0.000806897 -0.0493208 0.01 48 49 0 0 0
6861 0.604667 -0.000894949 -0.0219785 0.01 75 75 0 0 0
6870 0.509676 -0.0011828 -0.0111865 0.01 60 61 0 0 0
6882 0.604667 -0.000894949 -0.0219785 0.01 75 75 0 0 0
6891 0.631179 -0.000814608 -0.0493208 0.01 48 48 0 0 0
6903 0.604667 -0.000894949 -0.0219785 0.01 75 75 0 0 0
6910 0.584402 -0.000956357 -0.0111865 0.01 60 60 0 0 0
6914 0.572385 -0.000992774 -0.0229235 0.01 60 60 0 0 0
6931 0.616873 -0.000857961 -0.0219785 0.01 75 75 0 0 0
6934 0.588263 -0.000944659 -0.0219785 0.01 75 75 0 0 0
6952 0.613796 -0.000867284 -0.0219785 0.01 76 76 0 0 0
6968 0.557514 -0.00103784 -0.00926033 0.01 60 60 0.00154212 0 0.00977405
6981 0.613796 -0.000867284 -0.0219785 0.01 77 77 0 0 0
6988 0.631179 -0.000814608 -0.0493208 0.01 47 47 0 0 0
6997 0.613796 -0.000867284 -0.0219785 0.01 75 75 0 0 0
6999 0.631179 -0.000814608 -0.0493208 0.01 48 47 0 0 0
7004 0.548089 -0.0010664 -0.0174964 0.01 60 60 0 0 0
7024 0.585317 -0.000953585 -0.0107612 0.01 60 60 0 0 0
7026 0.613796 -0.000867284 -0.0219785 0.01 75 75 0 0 0
7029 0.550005 -0.00106059 -0.00812296 0.01 60 61 0 0 0
7044 0.631179 -0.000814608 -0.0493208 0.01 48 48 0 0 0
7045 0.622841 -0.000839876 -0.0219785 0.01 77 77 0 0 0
7069 0.625519 -0.000831759 -0.0219785 0.01 76 76 0 0 0
7070 0.586659 -0.000949518 -0.0276403 0.01 60 60 0 0 0
7072 0.550005 -0.00106059 -0.0111865 0.01 60 60 0 0 0
7081 0.548081 -0.00106642 -0.0229829 0.01 60 60 -0.000666559 0 -0.00411846
7089 0.631179 -0.000814608 -0.0493208 0.01 47 47 0 0 0
7094 0.628506 -0.000822709 -0.0219785 0.01 75 74 0 0 0
7096 0.631179 -0.000814608 -0.0664672 0.01 47 47 0 0 0
7102 0.613796 -0.000867284 -0.0219785 0.01 75 75 0 0 0
7107 0.631179 -0.000814608 -0.0493208 0.01 48 48 0 0 0
7109 0.548081 -0.00106642 -0.0128799 0.01 60 60 0 0 0
7111 0.631179 -0.000814608 -0.0493208 0.01 48 49 0 0 0
7114 0.613796 -0.000867284 -0.0219785 0.01 75 75 0 0 0
7116 0.625519 -0.000831759 -0.0219785 0.01 75 75 0 0 0
7117 0.588263 -0.000944659 -0.0219785 0.01 75 75 0.0210522 -0.0255336 0
7127 0.613796 -0.000867284 -0.0219785 0.01 76 76 0 0 0
7129 0.631179 -0.000814608 -0.0493208 0.01 46 47 0 0 0
7130 0.613796 -0.000867284 -0.0219785 0.01 75 75 0 0 0
7136 0.524519 -0.00113782 -0.0111865 0.01 60 60 0 0 0
7150 0.613796 -0.000867284 -0.0219785 0.01 75 75 0 0 0
7152 0.631179 -0.000814608 -0.0414524 0.01 48 48 0 0 0
7160 0.613796 -0.000867284 -0.0219785 0.01 76 76 0 0 0
7163 0.626379 -0.000829156 -0.0219785 0.01 75 75 0 0 0
7168 0.631179 -0.000814608 -0.0493208 0.01 48 48 0 0 0
7173 0.590224 -0.000938716 -0.0107612 0.01 60 61 0 0 0
7180 0.557514 -0.00103784 -0.0110362 0.01 60 60 0 0 0
7193 0.631179 -0.000814608 -0.0493208 0.01 48 48 0 0 0
7198 0.621419 -0.000844186 -0.0493208 0.01 47 47 0.00482089 -0.0097608 0
7214 0.631179 -0.000814608 -0.0493208 0.01 48 49 0 0 0
7229 0.63996 -0.000788 -0.0493208 0.01 48 49 0 0 0
7233 0.631179 -0.000814608 -0.0493208 0.01 48 48 0 0 0
7250 0.528144 -0.00112684 -0.0111865 0.01 60 59 0 0 0
7251 0.613796 -0.000867284 -0.0219785 0.01 75 74 0 0 0
7254 0.631179 -0.000814608 -0.0493208 0.01 48 49 0 0 0
7260 0.631179 -0.000814608 -0.0493208 0.01 47 47 0 0 0
7264 0.633051 -0.000808937 -0.0493208 0.01 47 47 -0.00090301 0.00187141 0
7265 0.631179 -0.000814608 -0.0493208 0.01 48 49 0 0 0
7270 0.512928 -0.00117295 -0.0180298 0.01 60 60 0 0 0
7280 0.631179 -0.000814608 -0.0493208 0.01 48 48 0 0 0
7285 0.631179 -0.000814608 -0.0493208 0.01 47 47 0 0 0
7293 0.616873 -0.000857961 -0.033967 0.01 75 75 0 0 0
7296 0.554936 -0.00104565 -0.0174964 0.01 60 60 0 0 0
7298 0.631179 -0.000814608 -0.0493208 0.01 47 47 0 0 0
7315 0.631179 -0.000814608 -0.0493208 0.01 47 47 0 0 0
7317 0.613796 -0.000867284 -0.0219785 0.01 75 75 0 0 0
7326 0.613796 -0.000867284 -0.0219785 0.01 75 75 0 0 0
7345 0.546704 -0.00107059 -0.0178415 0.01 60 59 -0.000730604 0 -0.00665505
7352 0.631179 -0.000814608 -0.0493208 0.01 47 47 0 0 0
7356 0.616873 -0.000857961 -0.033967 0.01 75 75 0 0 0
7365 0.625519 -0.000831759 -0.0219785 0.01 76 76 0 0 0
7378 0.604667 -0.000894949 -0.0219785 0.01 75 75 0 0 0
7400 0.631179 -0.000814608 -0.0493208 0.01 48 48 0 0 0
7405 0.564064 -0.00101799 -0.000531259 0.01 60 60 0 0 0
7409 0.631179 -0.000814608 -0.0493208 0.01 47 47 0 0 0
7423 0.512928 -0.00117295 -0.0180298 0.01 60 60 0 0 0
7437 0.631179 -0.000814608 -0.0493208 0.01 48 49 0 0 0
7443 0.604667 -0.000894949 -0.0219785 0.01 76 76 0 0 0
7444 0.631179 -0.000814608 -0.0493208 0.01 48 48 0 0 0
7488 0.625519 -0.000831759 -0.0219785 0.01 75 75 0 0 0
7489 0.617521 -0.000855998 -0.0327397 0.01 60 60 0 0 0
7491 0.631179 -0.000814608 -0.0404398 0.01 47 47 0.000871822 0 0.00888097
7496 0.572385 -0.000992774 -0.0269829 0.01 60 60 0 0 0
7521 0.512928 -0.00117295 -0.0147445 0.01 60 60 0 0 0
7531 0.627086 -0.000827011 -0.0493208 0.01 48 48 0.0020743 -0.00409299 0
7535 0.613796 -0.000867284 -0.0219785 0.01 75 75 0 0 0
7539 0.616873 -0.000857961 -0.0219785 0.01 75 75 0 0 0
7544 0.524519 -0.00113782 -0.0111865 0.01 60 60 0 0 0
7550 0.631179 -0.000814608 -0.0493208 0.01 48 48 0 0 0
7551 0.629087 -0.000820948 -0.0493208 0.01 48 48 0 0 0
7553 0.550005 -0.00106059 -0.00116511 0.01 60 59 0 0 0
7559 0.631179 -0.000814608 -0.0493208 0.01 47 47 0 0 0
7563 0.625519 -0.000831759 -0.0219785 0.01 76 76 0 0 0
7577 0.631179 -0.000814608 -0.0493208 0.01 47 47 0 0 0
7594 0.631179 -0.000814608 -0.0493208 0.01 48 48 0 0 0
7600 0.570767 -0.000997675 -0.0174964 0.01 60 59 0 0 0
7609 0.648662 -0.00076163 -0.00890913 0.01 75 75 0 0 0
7611 0.581809 -0.000964216 -0.00132952 0.01 60 60 0 0 0
7613 0.631179 -0.000814608 -0.0493208 0.01 47 48 0 0 0
7618 0.572385 -0.000992774 -0.0229235 0.01 60 60 0 0 0
7630 0.613796 -0.000867284 -0.0219785 0.01 75 75 0 0 0
7636 0.548081 -0.00106642 -0.0111865 0.01 60 60 0 0 0
7640 0.550005 -0.00106059 -0.0358681 0.01 60 60 -0.0018861 0 -0.0117836
7643 0.618914 -0.000851776 -0.0493208 0.01 47 47 0 0 0
7653 0.509676 -0.0011828 -0.0111865 0.01 60 60 0 0 0
7675 0.520739 -0.00114928 -0.0111865 0.01 60 60 0 0 0
7676 0.631179 -0.000814608 -0.0493208 0.01 47 47 0 0 0
7679 0.631179 -0.000814608 -0.0493208 0.01 48 48 0 0 0
7683 0.548081 -0.00106642 -0.0128799 0.01 60 60 0 0 0
7684 0.604667 -0.000894949 -0.0219785 0.01 76 75 0 0 0
7691 0.625519 -0.000831759 -0.0219785 0.01 75 75 0 0 0
7721 0.625519 -0.000831759 -0.0219785 0.01 75 75 0 0 0
7722 0.613796 -0.000867284 -0.0219785 0.01 75 75 0 0 0
7737 0.631179 -0.000814608 -0.0493208 0.01 48 49 0 0 0
7739 0.631179 -0.000814608 -0.0493208 0.01 47 47 0 0 0
7742 0.613796 -0.000867284 -0.0219785 0.01 75 75 0 0 0
7743 0.604667 -0.000894949 -0.0219785 0.01 75 75 0 0 0
7752 0.613192 -0.000869114 -0.0493208 0.01 47 47 0.00903179 -0.0179869 0
7754 0.631179 -0.000814608 -0.0493208 0.01 47 47 0 0 0
7756 0.613796 -0.000867284 -0.0219785 0.01 77 77 0 0 0
7769 0.631179 -0.000814608 -0.0493208 0.01 48 48 0 0 0
7774 0.557514 -0.00103784 -0.0192231 0.01 60 60 0 0 0
7780 0.554936 -0.00104565 -0.0174964 0.01 60 60 0 0 0
7788 0.625519 -0.000831759 -0.0219785 0.01 76 76 0 0 0
7792 0.497716 -0.00121904 -0.0111865 0.01 60 60 0 0 0
7793 0.613796 -0.000867284 -0.0219785 0.01 75 75 0 0 0
7795 0.524519 -0.00113782 -0.0111865 0.01 60 60 0 0 0
7798 0.616873 -0.000857961 -0.0219785 0.01 75 75 0 0 0
7804 0.550005 -0.00106059 -0.00812296 0.01 60 60 0 0 0
7806 0.631179 -0.000814608 -0.0294426 0.01 48 48 0 0 0
7807 0.631179 -0.000814608 -0.0493208 0.01 47 47 0 0 0
7809 0.600983 -0.000906113 -0.0219785 0.01 75 75 0 0 0
7812 0.631179 -0.000814608 -0.0493208 0.01 48 49 0 0 0
7825 0.631179 -0.000814608 -0.0493208 0.01 48 48 0 0 0
7827 0.613796 -0.000867284 -0.0219785 0.01 75 75 0 0 0
7837 0.631179 -0.000814608 -0.0493208 0.01 48 48 0 0 0
7864 0.595297 -0.000923343 -0.0219785 0.01 75 75 0 0 0
7867 0.498345 -0.00121714 -0.0239156 0.01 60 60 0 0 0
7877 0.613796 -0.000867284 -0.0219785 0.01 75 75 0 0 0
7881 0.604667 -0.000894949 -0.0219785 0.01 76 76 0 0 0
7890 0.631179 -0.000814608 -0.0493208 0.01 48 48 0 0 0
7903 0.550005 -0.00106059 -0.0111865 0.01 60 60 0 0 0
7911 0.631179 -0.000814608 -0.0493208 0.01 48 48 0 0 0
7915 0.620725 -0.000846289 -0.0219785 0.01 76 76 -0.00549459 0.00692844 0
7935 0.613796 -0.000867284 -0.0219785 0.01 75 75 0 0 0
7941 0.613304 -0.000868775 -0.00597407 0.01 60 60 0 0 0
7945 0.517139 -0.00116018 -0.0247927 0.01 60 60 0 0 0
7949 0.585317 -0.000953585 -0.0107612 0.01 60 60 0 0 0
7963 0.631179 -0.000814608 -0.0493208 0.01 48 48 0 0 0
7974 0.625519 -0.000831759 -0.0219785 0.01 75 75 0 0 0
7986 0.613796 -0.000867284 -0.0219785 0.01 76 76 0 0 0
7988 0.613796 -0.000867284 -0.0219785 0.01 76 76 0 0 0
8006 0.613796 -0.000867284 -0.0219785 0.01 77 77 0 0 0
8009 0.631179 -0.000814608 -0.0493208 0.01 48 48 0 0 0
8010 0.631179 -0.000814608 -0.0493208 0.01 47 47 0 0 0
8014 0.625733 -0.000831111 -0.0170668 0.01 60 60 0.00141296 -0.00203615 0
8016 0.605065 -0.000893743 -0.0427885 0.01 46 46 0.000882521 0 0.00653233
8020 0.548081 -0.00106642 -0.0111865 0.01 60 60 0 0 0
8021 0.613796 -0.000867284 -0.0219785 0.01 77 77 0 0 0
8022 0.550005 -0.00106059 -0.0240846 0.01 60 60 0 0 0
8023 0.524519 -0.00113782 -0.0111865 0.01 60 60 0 0 0
8059 0.524519 -0.00113782 -0.0111865 0.01 60 60 0 0 0
8066 0.628506 -0.000822709 -0.0219785 0.01 75 74 0 0 0
8089 0.554349 -0.00104743 -0.0103344 0.01 60 60 0 0 0
8093 0.513973 -0.00116978 -0.0111865 0.01 60 60 0 0 0
8097 0.631179 -0.000814608 -0.0540244 0.01 47 48 0 0 0
8109 0.6233 -0.000838484 -0.0230731 0.01 60 60 -0.00171484 0 -0.0133815
8112 0.631179 -0.000814608 -0.0493208 0.01 46 46 0 0 0
8118 0.631179 -0.000814608 -0.0493208 0.01 48 49 0 0 0
8119 0.613796 -0.000867284 -0.00809863 0.01 76 76 0 0 0
8128 0.631179 -0.000814608 -0.0493208 0.01 47 47 0 0 0
8133 0.631992 -0.000812146 -0.0511194 0.01 48 48 0 0 0
8145 0.601106 -0.000905739 -0.0107612 0.01 60 61 0 0 0
8150 0.631179 -0.000814608 -0.0493208 0.01 46 46 0 0 0
8151 0.631179 -0.000814608 -0.0414524 0.01 48 48 0 0 0
8154 0.612411 -0.000871482 -0.0493208 0.01 48 48 0 0 0
8159 0.631179 -0.000814608 -0.0493208 0.01 48 48 0 0 0
8169 0.631179 -0.000814608 -0.0493208 0.01 47 47 0 0 0
8173 0.631179 -0.000814608 -0.0493208 0.01 48 48 0 0 0
8182 0.585317 -0.000953585 -0.0107612 0.01 60 60 0 0 0
8194 0.550005 -0.00106059 -0.00797585 0.01 60 60 0 0 0
8220 0.603893 -0.000897293 -0.0256638 0.01 75 75 0 0 0
8237 0.604667 -0.000894949 -0.0219785 0.01 76 76 0 0 0
8238 0.613796 -0.000867284 -0.0219785 0.01 76 76 0 0 0
8241 0.631179 -0.000814608 -0.0493208 0.01 47 47 0 0 0
8248 0.631179 -0.000814608 -0.0493208 0.01 48 48 0 0 0
8252 0.613796 -0.000867284 -0.0219785 0.01 77 77 0 0 0
8257 0.625519 -0.000831759 -0.0219785 0.01 76 76 0 0 0
8259 0.613304 -0.000868775 -0.00597407 0.01 60 60 0 0 0
8262 0.601273 -0.000905233 -0.0148025 0.01 60 60 0 0 0
8263 0.631179 -0.000814608 -0.0679737 0.01 48 48 0 0 0
8269 0.631179 -0.000814608 -0.0493208 0.01 47 47 0 0 0
8271 0.613796 -0.000867284 -0.0219785 0.01 76 76 0 0 0
8272 0.631179 -0.000814608 -0.0493208 0.01 48 48 0 0 0
8276 0.622841 -0.000839876 -0.0219785 0.01 77 77 0 0 0
8278 0.631179 -0.000814608 -0.0493208 0.01 47 47 0 0 0
8282 0.613796 -0.000867284 -0.00809863 0.01 76 76 0 0 0
8285 0.631179 -0.000814608 -0.0493208 0.01 47 47 0 0 0
8286 0.613796 -0.000867284 -0.0202122 0.01 76 76 0 0 0
8299 0.631179 -0.000814608 -0.0493208 0.01 47 48 0 0 0
8312 0.631179 -0.000814608 -0.0493208 0.01 48 48 0 0 0
8313 0.524519 -0.00113782 -0.0100426 0.01 60 60 0 0 0
8331 0.631179 -0.000814608 -0.0493208 0.01 48 48 0 0 0
8339 0.550005 -0.00106059 -0.0111865 0.01 60 61 0 0 0
8343 0.541566 -0.00108616 -0.0111865 0.01 60 59 0 0 0
8359 0.619985 -0.00084853 -0.0493208 0.01 48 48 0 0 0
8367 0.604667 -0.000894949 -0.0219785 0.01 75 75 0 0 0
8376 0.622841 -0.000839876 -0.0219785 0.01 77 77 0 0 0
8381 0.556631 -0.00104051 -0.00022749 0.01 60 60 0 0 0
8394 0.604667 -0.000894949 -0.0219785 0.01 75 75 0 0 0
8413 0.613796 -0.000867284 -0.0219785 0.01 75 75 0 0 0
8423 0.613796 -0.000867284 -0.0219785 0.01 77 77 0 0 0
8430 0.613796 -0.000867284 -0.0219785 0.01 77 77 0 0 0
8440 0.604667 -0.000894949 -0.0219785 0.01 76 76 0 0 0
8472 0.631179 -0.000814608 -0.0493208 0.01 48 48 0 0 0
8481 0.524519 -0.00113782 -0.0247927 0.01 60 61 0 0 0
8492 0.631179 -0.000814608 -0.0297749 0.01 47 47 0 0 0
8495 0.572493 -0.000992445 -0.0276403 0.01 48 48 0 0 0
8509 0.613796 -0.000867284 -0.0219785 0.01 75 75 0 0 0
8515 0.622841 -0.000839876 -0.00331673 0.01 77 77 0 0 0
8517 0.630933 -0.000815354 -0.00866278 0.01 60 60 0 0 0
8518 0.604667 -0.000894949 -0.0219785 0.01 75 75 0 0 0
8524 0.550005 -0.00106059 -0.0156377 0.01 60 60 0 0 0
8525 0.60575 -0.000891667 -0.00425892 0.01 75 75 0 0 0
8567 0.622841 -0.000839876 -0.0219785 0.01 77 77 0 0 0
8568 0.550005 -0.00106059 -0.0240846 0.01 60 60 0 0 0
8575 0.613796 -0.000867284 -0.0219785 0.01 77 77 0 0 0
8577 0.550005 -0.00106059 -0.0307818 0.01 60 60 -0.00315273 0 -0.0195953
8579 0.631179 -0.000814608 -0.0493208 0.01 48 49 0 0 0
8580 0.613796 -0.000867284 -0.0219785 0.01 75 74 0 0 0
8590 0.626315 -0.000829349 -0.0493208 0.01 48 48 0 0 0
8623 0.613796 -0.000867284 -0.0219785 0.01 76 76 0 0 0
8651 0.604667 -0.000894949 -0.0219785 0.01 75 75 0 0 0
8668 0.572385 -0.000992774 -0.0229235 0.01 60 61 0 0 0
8676 0.631179 -0.000814608 -0.0493208 0.01 48 48 0 0 0
8677 0.631179 -0.000814608 -0.0317106 0.01 46 47 0.00173485 0 0.0176102
8681 0.631179 -0.000814608 -0.0493208 0.01 48 48 0 0 0
8686 0.625519 -0.000831759 -0.0219785 0.01 76 76 0 0 0
8707 0.604667 -0.000894949 -0.0219785 0.01 75 75 0 0 0
8722 0.60575 -0.000891667 -0.00425892 0.01 75 73 0.0119768 -0.0134616 0
8743 0.631179 -0.000814608 -0.0493208 0.01 47 47 0 0 0
8749 0.604667 -0.000894949 -0.0219785 0.01 76 76 0 0 0
8752 0.613063 -0.000869506 -0.0493208 0.01 48 48 0.00943841 -0.0181162 0
8762 0.631179 -0.000814608 -0.0493208 0.01 48 49 0 0 0
8763 0.631179 -0.000814608 -0.0493208 0.01 48 48 0 0 0
8764 0.605065 -0.000893743 -0.0493208 0.01 46 46 0 0 0
8765 0.631179 -0.000814608 -0.0493208 0.01 48 48 0 0 0
8778 0.631179 -0.000814608 -0.0493208 0.01 47 47 0 0 0
8786 0.604956 -0.000894072 -0.0126207 0.01 60 60 0 0 0
8788 0.631179 -0.000814608 -0.0493208 0.01 47 47 0 0 0
8792 0.631179 -0.000814608 -0.0493208 0.01 48 48 0 0 0
8798 0.548081 -0.00106642 -0.0111865 0.01 60 60 0 0 0
8803 0.631179 -0.000814608 -0.0493208 0.01 48 48 0 0 0
8813 0.631179 -0.000814608 -0.0493208 0.01 48 48 0 0 0
8817 0.613796 -0.000867284 -0.0219785 0.01 77 76 0 0 0
8823 0.625519 -0.000831759 -0.0219785 0.01 76 76 0 0 0
8834 0.595297 -0.000923343 -0.0219785 0.01 75 75 0 0 0
8840 0.643745 -0.000776532 -0.055985 0.01 48 48 -0.00614007 0.0125651 0
8847 0.550005 -0.00106059 -0.0135177 0.01 60 59 0 0 0
8852 0.631179 -0.000814608 -0.0493208 0.01 48 49 0 0 0
8857 0.613796 -0.000867284 -0.0219785 0.01 75 75 0 0 0
8858 0.613796 -0.000867284 -0.0219785 0.01 76 76 0 0 0
8871 0.631179 -0.000814608 -0.0493208 0.01 48 48 0 0 0
8872 0.613796 -0.000867284 -0.0219785 0.01 76 76 0 0 0
8882 0.548089 -0.0010664 -0.0174964 0.01 60 59 0 0 0
8888 0.604667 -0.000894949 -0.0219785 0.01 75 75 0 0 0
8889 0.631179 -0.000814608 -0.0493208 0.01 48 48 0 0 0
8892 0.613796 -0.000867284 -0.0219785 0.01 75 75 0 0 0
8906 0.631179 -0.000814608 -0.0493208 0.01 48 48 0 0 0
8912 0.631179 -0.000814608 -0.0493208 0.01 46 46 0 0 0
8940 0.631179 -0.000814608 -0.0493208 0.01 48 48 0 0 0
8944 0.613796 -0.000867284 -0.0219785 0.01 77 77 0 0 0
8947 0.616873 -0.000857961 -0.0219785 0.01 75 75 0 0 0
8958 0.613796 -0.000867284 -0.0219785 0.01 77 77 0 0 0
8962 0.631179 -0.000814608 -0.0493208 0.01 48 48 0 0 0
8969 0.548081 -0.00106642 -0.0111865 0.01 60 60 0 0 0
8990 0.612411 -0.000871482 -0.0493208 0.01 48 48 0 0 0
9000 0.524519 -0.00113782 -0.0295251 0.01 60 60 0 0 0
9001 0.613119 -0.000869337 -0.0148297 0.01 60 60 0 0 0
9004 0.498345 -0.00121714 -0.0239156 0.01 60 60 0 0 0
9007 0.524519 -0.00113782 -0.0111865 0.01 60 59 0 0 0
9008 0.613796 -0.000867284 -0.0219785 0.01 77 77 0 0 0
9019 0.631179 -0.000814608 -0.0493208 0.01 47 47 0 0 0
9021 0.548081 -0.00106642 -0.0220262 0.01 60 60 0 0 0
9028 0.625519 -0.000831759 -0.0219785 0.01 75 75 0 0 0
9037 0.613796 -0.000867284 -0.0219785 0.01 75 75 0 0 0
9045 0.613796 -0.000867284 -0.0219785 0.01 76 75 0 0 0
9053 0.617521 -0.000855998 -0.0283067 0.01 60 60 0 0 0
9065 0.631179 -0.000814608 -0.0493208 0.01 47 47 0 0 0
9074 0.631179 -0.000814608 -0.0493208 0.01 47 47 0 0 0
9077 0.613796 -0.000867284 -0.0219785 0.01 76 76 0 0 0
9086 0.631179 -0.000814608 -0.0493208 0.01 48 47 0 0 0
9090 0.628449 -0.000822883 -0.0107612 0.01 60 60 0 0 0
9097 0.497716 -0.00121904 -0.0111865 0.01 60 60 0 0 0
9099 0.613796 -0.000867284 -0.0219785 0.01 77 77 0 0 0
9103 0.643745 -0.000776532 -0.055985 0.01 48 48 0 0 0
9106 0.585317 -0.000953585 -0.0107612 0.01 60 60 0 0 0
9118 0.613796 -0.000867284 -0.0219785 0.01 77 77 0 0 0
9131 0.613796 -0.000867284 -0.0219785 0.01 75 75 0 0 0
9138 0.631179 -0.000814608 -0.0432099 0.01 48 48 0 0 0
9140 0.622841 -0.000839876 -0.00331673 0.01 77 77 0 0 0
9142 0.631179 -0.000814608 -0.0493208 0.01 48 48 0 0 0
9151 0.631179 -0.000814608 -0.0414524 0.01 47 47 0 0 0
9165 0.631179 -0.000814608 -0.0493208 0.01 48 48 0 0 0
9166 0.512928 -0.00117295 -0.0180298 0.01 60 60 0 0 0
9169 0.550005 -0.00106059 -0.00812296 0.01 60 60 0 0 0
9203 0.631179 -0.000814608 -0.0493208 0.01 47 47 0 0 0
9210 0.631179 -0.000814608 -0.0493208 0.01 47 47 0 0 0
9215 0.548081 -0.00106642 -0.0111865 0.01 60 60 0 0 0
9222 0.631179 -0.000814608 -0.0493208 0.01 47 47 0 0 0
9228 0.625519 -0.000831759 -0.0219785 0.01 76 76 0 0 0
9254 0.613796 -0.000867284 -0.0219785 0.01 76 74 0 0 0
9256 0.608274 -0.000884017 -0.0219785 0.01 75 74 0 0 0
9264 0.626361 -0.000829208 -0.00597407 0.01 60 61 0 0 0
9270 0.631179 -0.000814608 -0.0493208 0.01 47 47 0 0 0
9275 0.582309 -0.000962701 -0.0111865 0.01 60 60 0 0 0
9285 0.550005 -0.00106059 -0.0111865 0.01 60 60 0 0 0
9303 0.631179 -0.000814608 -0.0664672 0.01 48 48 0 0 0
9306 0.622886 -0.00083974 -0.0493208 0.01 47 47 0.00408434 -0.00829375 0
9308 0.588415 -0.000944197 -0.0148025 0.01 60 60 0 0 0
9321 0.631179 -0.000814608 -0.0493208 0.01 47 47 0 0 0
9333 0.550005 -0.00106059 -0.00797585 0.01 60 60 0 0 0
9334 0.613796 -0.000867284 -0.0219785 0.01 77 77 0 0 0
9345 0.613796 -0.000867284 -0.0219785 0.01 75 75 0 0 0
9347 0.584402 -0.000956357 -0.0111865 0.01 60 60 0 0 0
9351 0.626361 -0.000829208 -0.00597407 0.01 60 60 0 0 0
9355 0.604667 -0.000894949 -0.0219785 0.01 75 75 0 0 0
9365 0.631179 -0.000814608 -0.0493208 0.01 48 48 0 0 0
9377 0.581809 -0.000964216 -0.00132952 0.01 60 60 0 0 0
9380 0.622841 -0.000839876 -0.0219785 0.01 77 77 0 0 0
9393 0.631179 -0.000814608 -0.0493208 0.01 47 48 0 0 0
9394 0.605183 -0.000893384 -0.0219785 0.01 75 75 0 0 0
9396 0.631179 -0.000814608 -0.0664672 0.01 47 47 0 0 0
9397 0.520739 -0.00114928 -0.0111865 0.01 60 60 0 0 0
9403 0.631179 -0.000814608 -0.0493208 0.01 47 48 0 0 0
9428 0.591394 -0.00093517 -0.0179727 0.01 60 60 0 0 0
9438 0.605183 -0.000893384 -0.0219785 0.01 75 75 0 0 0
9447 0.631179 -0.000814608 -0.0493208 0.01 48 48 0 0 0
9450 0.613796 -0.000867284 -0.0219785 0.01 75 75 0 0 0
9454 0.509676 -0.0011828 -0.0111865 0.01 60 60 0 0 0
9459 0.497716 -0.00121904 -0.0111865 0.01 60 60 0 0 0
9468 0.613796 -0.000867284 -0.0433191 0.01 75 75 0 0 0
9471 0.613796 -0.000867284 -0.0219785 0.01 77 77 0 0 0
9483 0.550005 -0.00106059 -0.0240846 0.01 60 60 0 0 0
9485 0.604667 -0.000894949 -0.0219785 0.01 75 75 0 0 0
9487 0.509676 -0.0011828 -0.00362047 0.01 60 61 0 0 0
9492 0.581809 -0.000964216 -0.0229235 0.01 60 60 0 0 0
9496 0.631179 -0.000814608 -0.0493208 0.01 47 47 0 0 0
9498 0.613796 -0.000867284 -0.0219785 0.01 75 74 0 0 0
9504 0.586659 -0.000949518 -0.0220919 0.01 48 50 0 0 0
9507 0.586659 -0.000949518 -0.0276403 0.01 60 60 0 0 0
9515 0.631179 -0.000814608 -0.0493208 0.01 47 47 0 0 0
9519 0.577613 -0.00097693 -0.00666185 0.01 60 61 0 0 0
9527 0.631179 -0.000814608 -0.0493208 0.01 48 47 0 0 0
9529 0.604667 -0.000894949 -0.0219785 0.01 75 75 0 0 0
9539 0.631179 -0.000814608 -0.0493208 0.01 47 47 0 0 0
9540 0.631179 -0.000814608 -0.0493208 0.01 47 47 0 0 0
9542 0.631179 -0.000814608 -0.0493208 0.01 46 46 0 0 0
9558 0.524519 -0.00113782 -0.0144166 0.01 60 60 0 0 0
9562 0.613796 -0.000867284 -0.0219785 0.01 75 75 0 0 0
9572 0.622841 -0.000839876 -0.00331673 0.01 77 77 0 0 0
9585 0.631179 -0.000814608 -0.0493208 0.01 48 48 0 0 0
9586 0.520739 -0.00114928 -0.0111865 0.01 60 60 0 0 0
9591 0.613796 -0.000867284 -0.0433191 0.01 75 75 0 0 0
9599 0.550005 -0.00106059 -0.0267614 0.01 60 60 0 0 0
9602 0.625519 -0.000831759 -0.0219785 0.01 75 75 0 0 0
9604 0.588415 -0.000944197 -0.0148025 0.01 60 60 0 0 0
9605 0.572385 -0.000992774 -0.0229235 0.01 60 60 0 0 0
9608 0.631179 -0.000814608 -0.0493208 0.01 48 48 0 0 0
9612 0.589907 -0.000939675 -0.00801317 0.01 60 60 0 0 0
9618 0.613796 -0.000867284 -0.0219785 0.01 76 76 0 0 0
9626 0.631179 -0.000814608 -0.0297749 0.01 47 47 0 0 0
9634 0.613796 -0.000867284 -0.0219785 0.01 75 74 0 0 0
9643 0.604667 -0.000894949 -0.0219785 0.01 75 75 0 0 0
9645 0.613796 -0.000867284 -0.0219785 0.01 76 76 0 0 0
9650 0.613796 -0.000867284 -0.0219785 0.01 76 75 0 0 0
9651 0.631179 -0.000814608 -0.0679737 0.01 48 48 0 0 0
9658 0.618914 -0.000851776 -0.0493208 0.01 47 47 0 0 0
9659 0.631179 -0.000814608 -0.0679737 0.01 47 47 0 0 0
9670 0.631179 -0.000814608 -0.0493208 0.01 47 47 0 0 0
9682 0.579385 -0.000971559 -0.0398866 0.01 60 59 0 0 0
9689 0.524519 -0.00113782 -0.0144166 0.01 60 59 0 0 0
9694 0.512928 -0.00117295 -0.0180298 0.01 60 60 0 0 0
9698 0.631179 -0.000814608 -0.0493208 0.01 48 48 0 0 0
9702 0.625519 -0.000831759 -0.0219785 0.01 76 76 0 0 0
9704 0.524519 -0.00113782 -0.0111865 0.01 60 60 0 0 0
9729 0.631179 -0.000814608 -0.0493208 0.01 47 47 0 0 0
9730 0.631179 -0.000814608 -0.0493208 0.01 47 47 0 0 0
9741 0.631179 -0.000814608 -0.0503537 0.01 48 49 -5.70118e-05 0 -0.00103293
9743 0.625519 -0.000831759 -0.0219785 0.01 76 76 0 0 0
9746 0.631179 -0.000814608 -0.0493208 0.01 46 46 0 0 0
9747 0.543085 -0.00108156 -0.0267614 0.01 60 60 0 0 0
9751 0.524519 -0.00113782 -0.0192644 0.01 60 60 0 0 0
9760 0.631179 -0.000814608 -0.0493208 0.01 48 48 0 0 0
9768 0.604667 -0.000894949 -0.0219785 0.01 75 75 0 0 0
9775 0.604667 -0.000894949 -0.0219785 0.01 76 76 0 0 0
9779 0.631179 -0.000814608 -0.0493208 0.01 48 48 0 0 0
9784 0.631179 -0.000814608 -0.0493208 0.01 47 47 0 0 0
9791 0.524519 -0.00113782 -0.0111865 0.01 60 60 0 0 0
9804 0.582309 -0.000962701 -0.0111865 0.01 60 60 0 0 0
9815 0.572385 -0.000992774 -0.0262171 0.01 60 60 -0.000492871 0 -0.00329359
9818 0.613796 -0.000867284 -0.0239981 0.01 75 75 0 0 0
9819 0.524519 -0.00113782 -0.0247927 0.01 60 61 0 0 0
9821 0.631179 -0.000814608 -0.0493208 0.01 48 49 0 0 0
9829 0.631179 -0.000814608 -0.0493208 0.01 48 48 0 0 0
9849 0.524519 -0.00113782 -0.0111865 0.01 60 60 0 0 0
9868 0.605065 -0.000893743 -0.0493208 0.01 46 46 0 0 0
9872 0.631179 -0.000814608 -0.0493208 0.01 48 48 0 0 0
9873 0.613796 -0.000867284 -0.0219785 0.01 75 75 0 0 0
9877 0.550005 -0.00106059 -0.0111865 0.01 60 60 0 0 0
9879 0.604667 -0.000894949 -0.0219785 0.01 75 75 0 0 0
9885 0.548081 -0.00106642 -0.00022749 0.01 60 60 0 0 0
9886 0.631179 -0.000814608 -0.0493208 0.01 47 47 0 0 0
9889 0.550005 -0.00106059 -0.00812296 0.01 60 60 0 0 0
9896 0.613796 -0.000867284 -0.0219785 0.01 76 76 0 0 0
9898 0.545494 -0.00107426 -0.0218931 0.01 60 60 0 0 0
9908 0.550005 -0.00106059 -0.0240846 0.01 60 60 0 0 0
9910 0.613796 -0.000867284 -0.0341619 0.01 77 77 -0.0358072 0 -0.0121834
9915 0.631179 -0.000814608 -0.0493208 0.01 48 48 0 0 0
9916 0.631179 -0.000814608 -0.0493208 0.01 48 48 0 0 0
9920 0.631179 -0.000814608 -0.0493208 0.01 47 47 0 0 0
9921 0.572385 -0.000992774 -0.0269829 0.01 60 60 0 0 0
9941 0.604667 -0.000894949 -0.0219785 0.01 75 75 0 0 0
9954 0.631179 -0.000814608 -0.0493208 0.01 47 47 0 0 0
9966 0.613796 -0.000867284 -0.0219785 0.01 75 75 0 0 0
9983 0.554936 -0.00104565 -0.0174964 0.01 60 60 0 0 0
9985 0.605183 -0.000893384 -0.00180214 0.01 75 75 0 0 0
9986 0.631179 -0.000814608 -0.0493208 0.01 48 48 0 0 0
9987 0.613796 -0.000867284 -0.0219785 0.01 75 75 0 0 0
9993 0.613796 -0.000867284 -0.0219785 0.01 77 77 0 0 0
10013 0.613796 -0.000867284 -0.0219785 0.01 76 76 0 0 0
10021 0.631179 -0.000814608 -0.0679737 0.01 48 48 0 0 0
10039 0.631179 -0.000814608 -0.0493208 0.01 48 48 0 0 0
10047 0.629683 -0.000819142 -0.0493208 0.01 47 47 0.000726797 -0.00149614 0
10048 0.605183 -0.000893384 -0.0219785 0.01 75 75 0 0 0
10052 0.631179 -0.000814608 -0.0493208 0.01 48 48 0 0 0
10054 0.613796 -0.000867284 -0.0219785 0.01 75 75 0 0 0
10064 0.637929 -0.000794154 -0.0553688 0.01 60 60 0 0 0
10066 0.550005 -0.00106059 -0.00116511 0.01 60 60 0 0 0
10068 0.654876 -0.000742801 -0.0493208 0.01 48 48 -0.0113771 0.0236964 0
10070 0.631179 -0.000814608 -0.0493208 0.01 48 48 0 0 0
10085 0.604667 -0.000894949 -0.0219785 0.01 75 75 0 0 0
10089 0.613796 -0.000867284 -0.0219785 0.01 75 75 0 0 0
10094 0.613796 -0.000867284 -0.0286331 0.01 77 77 0 0 0
10097 0.512928 -0.00117295 -0.0180298 0.01 60 60 0 0 0
10104 0.613796 -0.000867284 -0.0219785 0.01 77 77 0 0 0
10135 0.548081 -0.00106642 -0.0111865 0.01 60 60 0 0 0
10141 0.604667 -0.000894949 -0.0219785 0.01 75 75 0 0 0
10143 0.613796 -0.000867284 -0.0219785 0.01 77 77 0 0 0
10178 0.631179 -0.000814608 -0.0493208 0.01 47 47 0 0 0
10208 0.524519 -0.00113782 -0.0144166 0.01 60 59 0 0 0
10212 0.631179 -0.000814608 -0.0493208 0.01 48 48 0 0 0
10213 0.616873 -0.000857961 -0.0219785 0.01 75 75 0 0 0
10215 0.550005 -0.00106059 -0.00933143 0.01 60 60 0 0 0
10222 0.613796 -0.000867284 -0.0433191 0.01 75 75 0 0 0
10223 0.631179 -0.000814608 -0.0493208 0.01 47 47 0 0 0
10224 0.589907 -0.000939675 -0.00801317 0.01 60 60 0 0 0
10227 0.626599 -0.000828489 -0.0493208 0.01 48 48 0 0 0
10229 0.626379 -0.000829156 -0.0219785 0.01 75 75 -0.0173365 0.0217118 0
10233 0.631179 -0.000814608 -0.0493208 0.01 48 48 0 0 0
10237 0.616873 -0.000857961 -0.033967 0.01 75 75 0 0 0
10245 0.631179 -0.000814608 -0.0493208 0.01 47 47 0 0 0
10250 0.559283 -0.00103248 -0.0276403 0.01 48 49 0 0 0
10259 0.604667 -0.000894949 -0.0219785 0.01 75 75 0 0 0
10268 0.631179 -0.000814608 -0.0493208 0.01 47 47 0 0 0
10274 0.622841 -0.000839876 -0.0219785 0.01 76 76 0 0 0
10276 0.513973 -0.00116978 -0.0111865 0.01 60 60 0 0 0
10288 0.604667 -0.000894949 -0.0219785 0.01 75 75 0 0 0
10296 0.556631 -0.00104051 -0.00022749 0.01 60 60 0 0 0
10301 0.60575 -0.000891667 -0.00425892 0.01 75 75 0 0 0
10307 0.631179 -0.000814608 -0.0493208 0.01 48 48 0 0 0
10308 0.613796 -0.000867284 -0.0219785 0.01 75 75 0 0 0
10311 0.590224 -0.000938716 -0.0107612 0.01 60 60 0 0 0
10312 0.524519 -0.00113782 -0.0247927 0.01 60 60 0 0 0
10314 0.557514 -0.00103784 -0.0110362 0.01 60 61 0 0 0
10322 0.631179 -0.000814608 -0.0365469 0.01 48 48 0 0 0
10328 0.625519 -0.000831759 -0.0219785 0.01 76 76 0 0 0
10352 0.613796 -0.000867284 -0.0219785 0.01 76 76 0 0 0
10353 0.631179 -0.000814608 -0.0297749 0.01 47 47 0 0 0
10356 0.631179 -0.000814608 -0.0493208 0.01 47 47 0 0 0
10361 0.631179 -0.000814608 -0.0493208 0.01 47 47 0 0 0
10377 0.631179 -0.000814608 -0.0493208 0.01 48 48 0 0 0
10379 0.548081 -0.00106642 -0.0111865 0.01 60 60 0 0 0
10382 0.550005 -0.00106059 -0.0111865 0.01 60 60 0 0 0
10394 0.582309 -0.000962701 -0.0111865 0.01 60 60 0 0 0
10398 0.613796 -0.000867284 -0.0219785 0.01 75 75 0 0 0
10404 0.613796 -0.000867284 -0.0219785 0.01 75 75 0 0 0
10406 0.631179 -0.000814608 -0.0493208 0.01 47 47 0 0 0
10410 0.589907 -0.000939675 -0.0138369 0.01 60 60 0 0 0
10415 0.616873 -0.000857961 -0.00804144 0.01 75 75 0.0357694 0 0.0139371
10416 0.604667 -0.000894949 -0.0219785 0.01 75 75 0 0 0
10425 0.613796 -0.000867284 -0.0219785 0.01 76 76 0 0 0
10454 0.631179 -0.000814608 -0.0493208 0.01 48 48 0 0 0
10461 0.613796 -0.000867284 -0.0219785 0.01 77 77 0 0 0
10466 0.631179 -0.000814608 -0.0493208 0.01 48 49 0 0 0
10469 0.631179 -0.000814608 -0.0493208 0.01 47 47 0 0 0
10476 0.631179 -0.000814608 -0.0493208 0.01 48 48 0 0 0
10483 0.604667 -0.000894949 -0.0219785 0.01 75 75 0 0 0
10486 0.616873 -0.000857961 -0.0219785 0.01 75 75 0 0 0
10496 0.613796 -0.000867284 -0.0239981 0.01 75 75 0 0 0
10504 0.604667 -0.000894949 -0.0219785 0.01 75 75 0 0 0
10507 0.613796 -0.000867284 -0.0219785 0.01 75 75 0 0 0
10516 0.572385 -0.000992774 -0.0229235 0.01 60 60 0 0 0
10519 0.548081 -0.00106642 -0.0111865 0.01 60 60 0 0 0
10558 0.550005 -0.00106059 -0.00797585 0.01 60 59 0 0 0
10559 0.613796 -0.000867284 -0.0219785 0.01 77 77 0 0 0
10560 0.631179 -0.000814608 -0.0493208 0.01 48 48 0 0 0
10568 0.613796 -0.000867284 -0.0219785 0.01 77 77 0 0 0
10577 0.613796 -0.000867284 -0.0219785 0.01 75 75 0 0 0
10585 0.509676 -0.0011828 -0.0111865 0.01 60 60 0 0 0
10588 0.625221 -0.000832664 -0.0219785 0.01 75 75 -0.0164325 0.020554 0
10589 0.550005 -0.00106059 -0.0240846 0.01 60 60 0 0 0
10602 0.631179 -0.000814608 -0.0493208 0.01 48 48 0 0 0
10603 0.628553 -0.000822566 -0.0493208 0.01 47 47 0 0 0
10611 0.631179 -0.000814608 -0.0493208 0.01 47 47 0 0 0
10615 0.556631 -0.00104051 -0.00022749 0.01 60 60 0 0 0
10621 0.626315 -0.000829349 -0.0493208 0.01 48 47 0 0 0
10625 0.631179 -0.000814608 -0.0493208 0.01 47 47 0 0 0
10629 0.604667 -0.000894949 -0.0219785 0.01 75 75 0 0 0
10640 0.548081 -0.00106642 -0.0111865 0.01 60 59 0 0 0
10647 0.631179 -0.000814608 -0.0679737 0.01 48 48 0 0 0
10654 0.616873 -0.000857961 -0.033967 0.01 76 76 0 0 0
10665 0.631179 -0.000814608 -0.0493208 0.01 47 47 0 0 0
10666 0.631179 -0.000814608 -0.0493208 0.01 47 47 0 0 0
10683 0.524519 -0.00113782 -0.0111865 0.01 60 60 0 0 0
10687 0.613796 -0.000867284 -0.0219785 0.01 75 75 0 0 0
10694 0.613796 -0.000867284 -0.0219785 0.01 77 77 0 0 0
10712 0.631179 -0.000814608 -0.0679737 0.01 48 48 0 0 0
10718 0.613796 -0.000867284 -0.0219785 0.01 75 75 0 0 0
10732 0.548081 -0.00106642 -0.0111865 0.01 60 60 0 0 0
10747 0.604667 -0.000894949 -0.0219785 0.01 75 75 0 0 0
10763 0.613796 -0.000867284 -0.0219785 0.01 77 77 0 0 0
10780 0.604667 -0.000894949 -0.0219785 0.01 75 75 0 0 0
10782 0.524519 -0.00113782 -0.0111865 0.01 60 60 0 0 0
10791 0.631179 -0.000814608 -0.0493208 0.01 47 47 0 0 0
10799 0.631179 -0.000814608 -0.0493208 0.01 46 46 0 0 0
10805 0.631992 -0.000812146 -0.0511194 0.01 48 48 0 0 0
10818 0.631179 -0.000814608 -0.0493208 0.01 48 48 0 0 0
10831 0.631179 -0.000814608 -0.0493208 0.01 48 48 0 0 0
10836 0.631179 -0.000814608 -0.0493208 0.01 47 47 0 0 0
10837 0.631179 -0.000814608 -0.0679737 0.01 47 47 0 0 0
10841 0.631179 -0.000814608 -0.0493208 0.01 48 47 0 0 0
10855 0.600983 -0.000906113 -0.0219785 0.01 75 75 0 0 0
10861 0.512928 -0.00117295 -0.0415675 0.01 60 60 0 0 0
10873 0.631179 -0.000814608 -0.0493208 0.01 48 48 0 0 0
10883 0.631179 -0.000814608 -0.0493208 0.01 48 48 0 0 0
10887 0.524519 -0.00113782 -0.021874 0.01 60 60 0 0 0
10891 0.613796 -0.000867284 -0.0219785 0.01 75 75 0 0 0
10895 0.622841 -0.000839876 -0.00331673 0.01 77 77 0 0 0
10904 0.631179 -0.000814608 -0.0493208 0.01 46 47 0 0 0
10905 0.512928 -0.00117295 -0.0180298 0.01 60 60 0 0 0
10916 0.613796 -0.000867284 -0.0219785 0.01 75 75 0 0 0
10917 0.648814 -0.00076117 -0.0620272 0.01 47 47 -0.00115223 0 -0.0127063
10929 0.613796 -0.000867284 -0.0219785 0.01 76 76 0 0 0
10945 0.631179 -0.000814608 -0.0493208 0.01 47 47 0 0 0
10952 0.625519 -0.000831759 -0.0219785 0.01 76 76 0 0 0
10953 0.613796 -0.000867284 -0.0219785 0.01 75 75 0 0 0
10955 0.524466 -0.00113798 -0.0110903 0.01 60 60 0 0 0
10964 0.550005 -0.00106059 -0.0156377 0.01 60 60 0 0 0
10973 0.631179 -0.000814608 -0.0493208 0.01 48 48 0 0 0
10981 0.613796 -0.000867284 -0.0219785 0.01 76 76 0 0 0
10988 0.613796 -0.000867284 -0.0219785 0.01 76 76 0 0 0
10997 0.631179 -0.000814608 -0.0493208 0.01 46 46 0 0 0
11001 0.524519 -0.00113782 -0.0111865 0.01 60 60 0 0 0
11003 0.520739 -0.00114928 -0.0111865 0.01 60 60 0 0 0
11014 0.613796 -0.000867284 -0.0219785 0.01 77 77 0 0 0
11018 0.631179 -0.000814608 -0.0493208 0.01 48 48 0 0 0
11033 0.602712 -0.000900874 -0.00108813 0.01 60 59 0 0 0
11037 0.6019 -0.000903333 -0.0148025 0.01 60 60 0 0 0
11038 0.631179 -0.000814608 -0.0574301 0.01 48 49 -0.000447303 0 -0.00810931
11039 0.550005 -0.00106059 -0.0267614 0.01 60 60 0 0 0
11054 0.590224 -0.000938716 -0.0107612 0.01 60 60 0 0 0
11057 0.6233 -0.000838484 -0.00969162 0.01 60 60 0 0 0
11068 0.631179 -0.000814608 -0.0493208 0.01 48 47 0 0 0
11078 0.631179 -0.000814608 -0.0539223 0.01 47 47 0 0 0
11106 0.630588 -0.0008164 -0.0219785 0.01 75 75 -0.0132106 0.0167919 0
11125 0.548081 -0.00106642 -0.0111865 0.01 60 60 0 0 0
11126 0.561527 -0.00102568 -0.0111865 0.01 60 60 0 0 0
11133 0.613796 -0.000867284 -0.0219785 0.01 75 75 0 0 0
11140 0.631179 -0.000814608 -0.0294426 0.01 48 48 0 0 0
11143 0.550005 -0.00106059 -0.0111865 0.01 60 60 0 0 0
11152 0.631179 -0.000814608 -0.0679737 0.01 48 48 0 0 0
11153 0.613796 -0.000867284 -0.0219785 0.01 77 77 0 0 0
11156 0.626315 -0.000829349 -0.0493208 0.01 48 48 0 0 0
11171 0.520739 -0.00114928 -0.0111865 0.01 60 60 0 0 0
11176 0.604667 -0.000894949 -0.0219785 0.01 75 75 0 0 0
11177 0.625519 -0.000831759 -0.0219785 0.01 75 75 0 0 0
11179 0.625519 -0.000831759 -0.0219785 0.01 76 76 0 0 0
11188 0.613796 -0.000867284 -0.0219785 0.01 75 75 0 0 0
11191 0.631179 -0.000814608 -0.0493208 0.01 47 47 0 0 0
11200 0.589907 -0.000939675 -0.0138369 0.01 60 60 0 0 0
11202 0.631179 -0.000814608 -0.0664282 0.01 48 48 0 0 0
11209 0.631179 -0.000814608 -0.0493208 0.01 47 47 0 0 0
11210 0.616873 -0.000857961 -0.033967 0.01 75 75 -0.0281683 0 -0.0119885
11213 0.625519 -0.000831759 -0.0219785 0.01 76 76 0 0 0
11228 0.613796 -0.000867284 -0.0219785 0.01 75 75 0 0 0
11230 0.622841 -0.000839876 -0.0219785 0.01 77 77 0 0 0
11238 0.604667 -0.000894949 -0.0219785 0.01 76 76 0 0 0
11239 0.631179 -0.000814608 -0.0493208 0.01 48 48 0 0 0
11255 0.631992 -0.000812146 -0.0493208 0.01 48 49 0.00407346 -0.00796831 0
11286 0.631179 -0.000814608 -0.0493208 0.01 48 48 0 0 0
11288 0.582179 -0.000963093 -0.0111865 0.01 60 61 -0.00723904 0.00878137 0
11294 0.60675 -0.000888638 -0.0219785 0.01 76 76 0 0 0
11335 0.631179 -0.000814608 -0.0493208 0.01 48 48 0 0 0
11343 0.631179 -0.000814608 -0.0493208 0.01 46 46 0 0 0
11349 0.613796 -0.000867284 -0.0219785 0.01 76 76 0 0 0
11363 0.524519 -0.00113782 -0.0144166 0.01 60 59 0 0 0
11383 0.554936 -0.00104565 -0.0174964 0.01 60 60 0 0 0
11387 0.550005 -0.00106059 -0.0111865 0.01 60 60 0 0 0
11400 0.524519 -0.00113782 -0.0111865 0.01 60 60 0 0 0
11403 0.625519 -0.000831759 -0.0219785 0.01 75 75 0 0 0
11407 0.550005 -0.00106059 -0.00812296 0.01 60 60 0 0 0
11409 0.631179 -0.000814608 -0.0493208 0.01 48 48 0 0 0
11414 0.613796 -0.000867284 -0.0219785 0.01 75 75 0 0 0
11417 0.497716 -0.00121904 -0.0111865 0.01 60 60 0 0 0
11427 0.613796 -0.000867284 -0.0219785 0.01 76 76 0 0 0
11428 0.631179 -0.000814608 -0.0493208 0.01 47 47 0 0 0
11429 0.550005 -0.00106059 -0.0111865 0.01 60 60 0 0 0
11433 0.584402 -0.000956357 -0.011455 0.01 60 60 0 0 0
11437 0.613796 -0.000867284 -0.0219785 0.01 75 75 0 0 0
11463 0.604667 -0.000894949 -0.0219785 0.01 76 76 0 0 0
11471 0.550005 -0.00106059 -0.0111865 0.01 60 60 0 0 0
11473 0.604667 -0.000894949 -0.0219785 0.01 75 75 0 0 0
11504 0.524519 -0.00113782 -0.0111865 0.01 60 60 0 0 0
11515 0.622841 -0.000839876 -0.0219785 0.01 77 77 0 0 0
11535 0.631179 -0.000814608 -0.0493208 0.01 48 48 0 0 0
11589 0.631179 -0.000814608 -0.0493208 0.01 46 47 0 0 0
11600 0.613796 -0.000867284 -0.0219785 0.01 77 77 0 0 0
11601 0.631179 -0.000814608 -0.0679737 0.01 48 48 0 0 0
11602 0.631179 -0.000814608 -0.0493208 0.01 48 49 0 0 0
11605 0.631179 -0.000814608 -0.0493208 0.01 48 48 0 0 0
11636 0.613796 -0.000867284 -0.0219785 0.01 77 77 0 0 0
11637 0.636977 -0.000797039 -0.0493208 0.01 48 48 -0.00288197 0.00579786 0
11644 0.631179 -0.000814608 -0.0493208 0.01 46 46 0 0 0
11647 0.631179 -0.000814608 -0.0493208 0.01 47 47 0 0 0
11655 0.631179 -0.000814608 -0.0493208 0.01 48 48 0 0 0
11659 0.613796 -0.000867284 -0.0225397 0.01 75 75 0 0 0
11673 0.613796 -0.000867284 -0.0219785 0.01 76 76 0 0 0
11688 0.550005 -0.00106059 -0.00822832 0.01 60 60 0 0 0
11695 0.631179 -0.000814608 -0.0493208 0.01 48 48 0 0 0
11698 0.631179 -0.000814608 -0.0493208 0.01 48 48 0 0 0
11707 0.581809 -0.000964216 -0.0229235 0.01 60 60 0 0 0
11717 0.631179 -0.000814608 -0.0493208 0.01 47 47 0 0 0
11722 0.524519 -0.00113782 -0.0111865 0.01 60 60 0 0 0
11724 0.631179 -0.000814608 -0.0493208 0.01 47 48 0 0 0
11741 0.524519 -0.00113782 -0.021874 0.01 60 60 0 0 0
11747 0.613796 -0.000867284 -0.0219785 0.01 77 77 0 0 0
11750 0.550005 -0.00106059 -0.0240846 0.01 60 60 0 0 0
11755 0.616873 -0.000857961 -0.033967 0.01 75 75 0 0 0
11777 0.548081 -0.00106642 -0.00022749 0.01 60 59 0 0 0
11778 0.550005 -0.00106059 -0.00812296 0.01 60 60 0 0 0
11779 0.613796 -0.000867284 -0.0219785 0.01 77 77 0 0 0
11780 0.631179 -0.000814608 -0.0493208 0.01 48 48 0 0 0
11792 0.631179 -0.000814608 -0.0493208 0.01 48 48 0 0 0
11815 0.622841 -0.000839876 -0.0219785 0.01 77 77 0 0 0
11818 0.613796 -0.000867284 -0.0219785 0.01 76 76 0 0 0
11826 0.524519 -0.00113782 -0.0192644 0.01 60 61 0 0 0
11832 0.613796 -0.000867284 -0.0219785 0.01 76 76 0 0 0
11841 0.631179 -0.000814608 -0.0493208 0.01 48 48 0 0 0
11844 0.613796 -0.000867284 -0.0219785 0.01 77 77 0 0 0
11846 0.631179 -0.000814608 -0.0493208 0.01 48 48 0 0 0
11875 0.631179 -0.000814608 -0.0493208 0.01 48 49 0 0 0
11896 0.613796 -0.000867284 -0.0219785 0.01 76 76 0 0 0
11911 0.589907 -0.000939675 -0.00801317 0.01 60 60 0 0 0
11917 0.631179 -0.000814608 -0.0493208 0.01 47 47 0 0 0
11948 0.613796 -0.000867284 -0.0219785 0.01 75 75 0 0 0
11960 0.631179 -0.000814608 -0.0294426 0.01 48 48 0 0 0
11969 0.631992 -0.000812146 -0.0511194 0.01 48 48 -0.000135571 0 -0.00179859
11978 0.631179 -0.000814608 -0.0493208 0.01 47 47 0 0 0
11989 0.631179 -0.000814608 -0.0493208 0.01 48 48 0 0 0
11997 0.548081 -0.00106642 -0.0111865 0.01 60 60 0 0 0
12002 0.631179 -0.000814608 -0.0493208 0.01 48 48 0 0 0
12014 0.593629 -0.000928396 -0.0398866 0.01 60 60 0 0 0
12021 0.606954 -0.000888018 -0.0148349 0.01 60 60 0 0 0
12023 0.613796 -0.000867284 -0.0219785 0.01 77 77 0 0 0
12037 0.631179 -0.000814608 -0.0493208 0.01 47 47 0 0 0
12054 0.561527 -0.00102568 -0.0111865 0.01 60 60 -0.00814328 0.00939393 0
12061 0.512928 -0.00117295 -0.0180298 0.01 60 60 0 0 0
12062 0.595297 -0.000923343 -0.0219785 0.01 75 75 0 0 0
12066 0.631179 -0.000814608 -0.0493208 0.01 47 47 0 0 0
12068 0.613796 -0.000867284 -0.0219785 0.01 75 75 0 0 0
12081 0.631179 -0.000814608 -0.0493208 0.01 46 46 0 0 0
12082 0.613796 -0.000867284 -0.0219785 0.01 77 77 0 0 0
12090 0.604667 -0.000894949 -0.0219785 0.01 75 75 0 0 0
12093 0.631179 -0.000814608 -0.0493208 0.01 47 46 0 0 0
12099 0.547067 -0.00106949 -0.0111865 0.01 60 60 0 0 0
12119 0.622841 -0.000839876 -0.0219785 0.01 75 75 0 0 0
12120 0.524519 -0.00113782 -0.0111865 0.01 60 61 0 0 0
12125 0.613796 -0.000867284 -0.0219785 0.01 75 75 0 0 0
12128 0.572385 -0.000992774 -0.0229235 0.01 60 60 0 0 0
12130 0.651077 -0.000754312 -0.0219785 0.01 75 75 -0.0154697 0.0204891 0
12140 0.613796 -0.000867284 -0.0219785 0.01 77 77 0 0 0
12152 0.550005 -0.00106059 -0.00812296 0.01 60 60 0 0 0
12163 0.557514 -0.00103784 -0.0190344 0.01 60 59 0 0 0
12166 0.631179 -0.000814608 -0.0493208 0.01 48 49 0 0 0
12171 0.613796 -0.000867284 -0.0219785 0.01 77 77 0 0 0
12172 0.604667 -0.000894949 -0.0219785 0.01 75 75 0 0 0
12174 0.550005 -0.00106059 -0.0111865 0.01 60 60 0 0 0
12180 0.625519 -0.000831759 -0.0219785 0.01 75 75 0 0 0
12188 0.613796 -0.000867284 -0.0219785 0.01 76 77 0 0 0
12194 0.613796 -0.000867284 -0.0219785 0.01 76 76 0 0 0
12196 0.584402 -0.000956357 -0.0111865 0.01 60 60 0 0 0
12197 0.60575 -0.000891667 -0.00425892 0.01 75 75 0 0 0
12202 0.613796 -0.000867284 -0.0219785 0.01 76 76 0 0 0
12217 0.572385 -0.000992774 -0.0229235 0.01 60 60 0 0 0
12227 0.602372 -0.000901902 -0.0219785 0.01 76 76 0 0 0
12230 0.585317 -0.000953585 -0.0107612 0.01 60 60 0 0 0
12234 0.559283 -0.00103248 -0.0276403 0.01 48 48 0 0 0
12235 0.613119 -0.000869337 -0.0148297 0.01 60 60 0 0 0
12250 0.613796 -0.000867284 -0.0219785 0.01 76 77 0 0 0
12251 0.556631 -0.00104051 -0.00022749 0.01 60 60 0 0 0
12256 0.631179 -0.000814608 -0.0493208 0.01 47 47 0 0 0
12268 0.604667 -0.000894949 -0.0219785 0.01 75 75 0 0 0
12270 0.550005 -0.00106059 -0.0156377 0.01 60 60 0 0 0
12280 0.588263 -0.000944659 -0.0219785 0.01 75 75 0 0 0
12281 0.613796 -0.000867284 -0.0219785 0.01 77 77 0 0 0
12292 0.589907 -0.000939675 -0.00801317 0.01 60 60 0 0 0
12295 0.631179 -0.000814608 -0.0493208 0.01 47 47 0 0 0
12299 0.626599 -0.000828489 -0.0493208 0.01 48 48 0 0 0
12321 0.550005 -0.00106059 -0.0111865 0.01 60 60 0 0 0
12322 0.631179 -0.000814608 -0.0493208 0.01 48 48 0 0 0
12357 0.613796 -0.000867284 -0.0219785 0.01 75 75 0 0 0
12358 0.631179 -0.000814608 -0.0493208 0.01 47 47 0 0 0
12361 0.613796 -0.000867284 -0.0219785 0.01 75 75 0 0 0
12371 0.631179 -0.000814608 -0.0493208 0.01 48 48 0 0 0
12374 0.548081 -0.00106642 -0.0111865 0.01 60 60 0 0 0
12384 0.631179 -0.000814608 -0.0493208 0.01 48 48 0 0 0
12394 0.625519 -0.000831759 -0.0219785 0.01 75 75 0 0 0
12406 0.631179 -0.000814608 -0.0493208 0.01 48 48 0 0 0
12418 0.631179 -0.000814608 -0.0493208 0.01 48 48 0 0 0
12419 0.524466 -0.00113798 -0.0110903 0.01 60 60 0 0 0
12420 0.631179 -0.000814608 -0.0493208 0.01 47 47 0 0 0
12439 0.631179 -0.000814608 -0.0493208 0.01 46 46 0 0 0
12445 0.625519 -0.000831759 -0.0219785 0.01 76 76 0 0 0
12447 0.631179 -0.000814608 -0.0365469 0.01 48 48 0 0 0
12450 0.618091 -0.000854271 -0.0493208 0.01 48 48 0.00675176 -0.0130888 0
12451 0.524519 -0.00113782 -0.0144166 0.01 60 60 0 0 0
12454 0.631179 -0.000814608 -0.0493208 0.01 46 46 0 0 0
12456 0.631179 -0.000814608 -0.0493208 0.01 48 48 0 0 0
12460 0.630588 -0.0008164 -0.0219785 0.01 75 75 0 0 0
12464 0.631179 -0.000814608 -0.0493208 0.01 46 47 0 0 0
12468 0.548081 -0.00106642 -0.0111865 0.01 60 60 0 0 0
12472 0.585317 -0.000953585 -0.0107612 0.01 60 60 0 0 0
12475 0.604667 -0.000894949 -0.0219785 0.01 75 75 0 0 0
12493 0.613796 -0.000867284 -0.0202122 0.01 76 76 0 0 0
12504 0.525856 -0.00113377 -0.0111865 0.01 60 59 0 0 0
12528 0.600983 -0.000906113 -0.0219785 0.01 75 75 0 0 0
12529 0.631179 -0.000814608 -0.0493208 0.01 48 48 0 0 0
12532 0.613796 -0.000867284 -0.0219785 0.01 75 75 0 0 0
12535 0.550005 -0.00106059 -0.0240846 0.01 60 60 0 0 0
12540 0.631179 -0.000814608 -0.0493208 0.01 48 48 0 0 0
12546 0.631179 -0.000814608 -0.0493208 0.01 48 48 0 0 0
12552 0.613796 -0.000867284 -0.0219785 0.01 75 75 0 0 0
12561 0.538946 -0.0010941 -0.0111865 0.01 60 60 0 0 0
12583 0.631179 -0.000814608 -0.0493208 0.01 48 48 0 0 0
12593 0.613796 -0.000867284 -0.0219785 0.01 76 76 0 0 0
12605 0.550005 -0.00106059 -0.00797585 0.01 60 60 0 0 0
12612 0.613796 -0.000867284 -0.0219785 0.01 77 77 0 0 0
12613 0.613796 -0.000867284 -0.0239981 0.01 75 75 0 0 0
12627 0.631179 -0.000814608 -0.0493208 0.01 47 48 0 0 0
12645 0.631179 -0.000814608 -0.0493208 0.01 48 48 0 0 0
12650 0.631179 -0.000814608 -0.0493208 0.01 47 47 0 0 0
12652 0.631179 -0.000814608 -0.0493208 0.01 48 49 0 0 0
12657 0.616873 -0.000857961 -0.0219785 0.01 75 75 0 0 0
12671 0.631179 -0.000814608 -0.0493208 0.01 47 47 0 0 0
12679 0.604667 -0.000894949 -0.0219785 0.01 75 75 0 0 0
12696 0.613796 -0.000867284 -0.0219785 0.01 75 75 0 0 0
12723 0.631179 -0.000814608 -0.0679737 0.01 48 48 0 0 0
12729 0.613796 -0.000867284 -0.0219785 0.01 77 77 0 0 0
12745 0.604667 -0.000894949 -0.0219785 0.01 75 75 0 0 0
12760 0.577613 -0.00097693 -0.00666185 0.01 60 60 0 0 0
12763 0.609606 -0.000879982 -0.00108813 0.01 60 60 0 0 0
12766 0.556631 -0.00104051 -0.00022749 0.01 60 61 0 0 0
12776 0.613796 -0.000867284 -0.0219785 0.01 75 75 0 0 0
12796 0.613796 -0.000867284 -0.0219785 0.01 75 75 0 0 0
12804 0.512928 -0.00117295 -0.0180298 0.01 60 60 0 0 0
12807 0.631179 -0.000814608 -0.0493208 0.01 48 48 0 0 0
12808 0.631179 -0.000814608 -0.0493208 0.01 48 48 0 0 0
12815 0.625519 -0.000831759 -0.0219785 0.01 76 76 0 0 0
12821 0.631179 -0.000814608 -0.0493208 0.01 47 47 0 0 0
12828 0.631179 -0.000814608 -0.0679737 0.01 48 48 0 0 0
12835 0.604667 -0.000894949 -0.0319504 0.01 76 76 0 0 0
12836 0.604667 -0.000894949 -0.0219785 0.01 75 75 0 0 0
12845 0.550005 -0.00106059 -0.0240846 0.01 60 60 0 0 0
12855 0.625519 -0.000831759 -0.0219785 0.01 75 75 0 0 0
12858 0.619971 -0.000848573 -0.0219785 0.01 75 75 -0.00491512 0.00617462 0
12860 0.613796 -0.000867284 -0.0219785 0.01 75 74 0 0 0
12879 0.622841 -0.000839876 -0.0219785 0.01 77 77 0 0 0
12885 0.631179 -0.000814608 -0.0493208 0.01 46 48 0 0 0
12899 0.631179 -0.000814608 -0.0493208 0.01 48 48 0 0 0
12905 0.631179 -0.000814608 -0.0493208 0.01 48 49 0 0 0
12915 0.612411 -0.000871482 -0.0493208 0.01 47 48 0 0 0
12922 0.631179 -0.000814608 -0.0493208 0.01 47 47 0 0 0
12929 0.631179 -0.000814608 -0.0493208 0.01 46 46 0 0 0
12941 0.548081 -0.00106642 -0.0245162 0.01 60 59 -0.00145474 0 -0.0133297
12947 0.613796 -0.000867284 -0.0259579 0.01 76 76 -0.0108396 0 -0.00397942
12961 0.589907 -0.000939675 -0.0138369 0.01 60 60 0 0 0
12963 0.631179 -0.000814608 -0.0493208 0.01 48 49 0 0 0
12964 0.613796 -0.000867284 -0.0219785 0.01 75 75 0 0 0
12969 0.512928 -0.00117295 -0.0180298 0.01 60 60 0 0 0
12977 0.631179 -0.000814608 -0.0493208 0.01 48 49 0 0 0
12986 0.631179 -0.000814608 -0.0493208 0.01 46 46 0 0 0
12996 0.631179 -0.000814608 -0.0493208 0.01 48 48 0 0 0
13006 0.595297 -0.000923343 -0.0219785 0.01 75 75 0 0 0
13007 0.520739 -0.00114928 -0.0111865 0.01 60 60 0 0 0
13013 0.613796 -0.000867284 -0.0219785 0.01 76 76 0 0 0
13017 0.613796 -0.000867284 -0.0219785 0.01 76 76 0 0 0
13020 0.631179 -0.000814608 -0.0493208 0.01 48 48 0 0 0
13024 0.631179 -0.000814608 -0.0493208 0.01 47 47 0 0 0
13033 0.613796 -0.000867284 -0.0219785 0.01 77 77 0 0 0
13044 0.623618 -0.000837522 -0.0219785 0.01 60 60 0 0 0
13046 0.613796 -0.000867284 -0.0219785 0.01 75 76 0 0 0
13047 0.631179 -0.000814608 -0.0493208 0.01 48 48 0 0 0
13052 0.550005 -0.00106059 -0.0111865 0.01 60 60 0 0 0
13069 0.602712 -0.000900874 -0.00108813 0.01 60 60 0 0 0
13074 0.613796 -0.000867284 -0.0219785 0.01 76 76 0 0 0
13079 0.613796 -0.000867284 -0.0219785 0.01 75 75 0 0 0
13090 0.524519 -0.00113782 -0.0111865 0.01 60 60 0 0 0
13095 0.631179 -0.000814608 -0.0679737 0.01 48 48 0 0 0
13102 0.604667 -0.000894949 -0.0219785 0.01 75 75 0 0 0
13106 0.613796 -0.000867284 -0.0219785 0.01 75 75 0 0 0
13111 0.631179 -0.000814608 -0.0493208 0.01 48 48 0 0 0
13116 0.548081 -0.00106642 -0.0111865 0.01 60 59 0 0 0
13120 0.613796 -0.000867284 -0.0219785 0.01 75 76 0 0 0
13137 0.631179 -0.000814608 -0.0493208 0.01 47 47 0 0 0
13142 0.631179 -0.000814608 -0.0493208 0.01 47 47 0 0 0
13146 0.550005 -0.00106059 -0.0156377 0.01 60 60 0 0 0
13147 0.550005 -0.00106059 -0.0260899 0.01 60 59 0 0 0
13167 0.604667 -0.000894949 -0.0219785 0.01 75 75 0 0 0
13178 0.631179 -0.000814608 -0.0493208 0.01 47 47 0 0 0
13184 0.550005 -0.00106059 -0.0156377 0.01 60 60 0 0 0
13198 0.605183 -0.000893384 -0.0219785 0.01 75 75 0 0 0
13208 0.520739 -0.00114928 -0.0111865 0.01 60 60 0 0 0
13216 0.631179 -0.000814608 -0.0493208 0.01 47 47 0 0 0
13225 0.631179 -0.000814608 -0.0493208 0.01 47 47 0 0 0
13232 0.550005 -0.00106059 -0.00812296 0.01 60 60 0 0 0
13238 0.613796 -0.000867284 -0.0219785 0.01 76 76 0 0 0
13266 0.616873 -0.000857961 -0.0219785 0.01 75 75 0 0 0
13273 0.524519 -0.00113782 -0.0111865 0.01 60 60 0 0 0
13286 0.631179 -0.000814608 -0.0493208 0.01 48 48 0 0 0
13291 0.631179 -0.000814608 -0.0493208 0.01 47 47 0 0 0
13296 0.613796 -0.000867284 -0.0219785 0.01 75 75 0 0 0
13299 0.604667 -0.000894949 -0.0219785 0.01 75 75 0 0 0
13317 0.631179 -0.000814608 -0.0493208 0.01 46 47 0 0 0
13320 0.631179 -0.000814608 -0.0664672 0.01 48 48 0 0 0
13328 0.595297 -0.000923343 -0.0219785 0.01 75 75 0 0 0
13348 0.613796 -0.000867284 -0.0219785 0.01 76 76 0 0 0
13354 0.497716 -0.00121904 -0.0111865 0.01 60 59 0 0 0
13358 0.616873 -0.000857961 -0.033967 0.01 76 76 0 0 0
13370 0.631179 -0.000814608 -0.0493208 0.01 48 48 0 0 0
13379 0.613796 -0.000867284 -0.0219785 0.01 77 77 0 0 0
13384 0.631179 -0.000814608 -0.0493208 0.01 48 49 0 0 0
13395 0.602372 -0.000901902 -0.0219785 0.01 76 76 0 0 0
13406 0.631179 -0.000814608 -0.0493208 0.01 48 48 0 0 0
13409 0.604218 -0.000896309 -0.0219785 0.01 75 75 0.00775868 -0.00957799 0
13410 0.524519 -0.00113782 -0.0247927 0.01 60 61 0 0 0
13418 0.613796 -0.000867284 -0.0219785 0.01 76 76 0 0 0
13433 0.628449 -0.000822883 -0.0107612 0.01 60 60 0 0 0
13447 0.557514 -0.00103784 -0.0110362 0.01 60 60 0 0 0
13467 0.619985 -0.00084853 -0.0493208 0.01 48 48 0 0 0
13478 0.613796 -0.000867284 -0.0219785 0.01 77 77 0 0 0
13485 0.631179 -0.000814608 -0.0493208 0.01 47 47 0 0 0
13487 0.589907 -0.000939675 -0.00801317 0.01 60 61 0 0 0
13491 0.613796 -0.000867284 -0.0219785 0.01 77 77 0 0 0
13492 0.631179 -0.000814608 -0.0679737 0.01 48 48 0 0 0
13513 0.613796 -0.000867284 -0.0239981 0.01 75 75 0 0 0
13521 0.604667 -0.000894949 -0.0219785 0.01 75 75 0 0 0
13528 0.548081 -0.00106642 -0.0111865 0.01 60 60 0 0 0
13533 0.554936 -0.00104565 -0.0174964 0.01 60 60 0 0 0
13543 0.550005 -0.00106059 -0.0111865 0.01 60 60 0 0 0
13546 0.631179 -0.000814608 -0.0493208 0.01 47 47 0 0 0
13551 0.613796 -0.000867284 -0.0219785 0.01 76 76 0 0 0
13566 0.550005 -0.00106059 -0.0111865 0.01 60 60 0 0 0
13568 0.631179 -0.000814608 -0.0493208 0.01 47 47 0 0 0
13578 0.622841 -0.000839876 -0.0219785 0.01 77 77 0 0 0
13580 0.611178 -0.000875219 -0.0219785 0.01 75 75 0 0 0
13582 0.631179 -0.000814608 -0.0315291 0.01 47 47 0 0 0
13584 0.588263 -0.000944659 -0.0219785 0.01 75 75 0 0 0
13590 0.604667 -0.000894949 -0.0219785 0.01 75 75 0 0 0
13591 0.613796 -0.000867284 -0.0219785 0.01 75 75 0 0 0
13609 0.625519 -0.000831759 -0.0219785 0.01 76 76 0 0 0
13613 0.631179 -0.000814608 -0.0493208 0.01 47 47 0 0 0
13633 0.625519 -0.000831759 -0.0219785 0.01 76 76 0 0 0
13634 0.524519 -0.00113782 -0.0111865 0.01 60 60 0 0 0
13660 0.631179 -0.000814608 -0.0493208 0.01 48 48 0 0 0
13674 0.613796 -0.000867284 -0.0219785 0.01 75 75 0 0 0
13687 0.604667 -0.000894949 -0.0219785 0.01 75 75 0 0 0
13695 0.613796 -0.000867284 -0.0219785 0.01 75 75 0 0 0
13701 0.631179 -0.000814608 -0.0493208 0.01 46 47 0 0 0
13713 0.631179 -0.000814608 -0.0493208 0.01 47 47 0 0 0
13714 0.625519 -0.000831759 -0.0219785 0.01 76 76 0 0 0
13731 0.631179 -0.000814608 -0.0679737 0.01 48 48 0 0 0
13733 0.557514 -0.00103784 -0.0110362 0.01 60 61 0 0 0
13734 0.572385 -0.000992774 -0.0229235 0.01 60 60 0 0 0
13735 0.524519 -0.00113782 -0.0111865 0.01 60 60 0 0 0
13740 0.626315 -0.000829349 -0.0493208 0.01 47 48 0 0 0
13756 0.509676 -0.0011828 -0.0111865 0.01 60 60 0 0 0
13758 0.625519 -0.000831759 -0.0219785 0.01 76 76 0 0 0
13763 0.631179 -0.000814608 -0.0493208 0.01 48 48 0 0 0
13772 0.557514 -0.00103784 -0.0190344 0.01 60 61 0 0 0
13781 0.53369 -0.00111003 -0.0111865 0.01 60 59 0 0 0
13796 0.631179 -0.000814608 -0.0493208 0.01 48 48 0 0 0
13810 0.631179 -0.000814608 -0.0493208 0.01 48 48 0 0 0
13813 0.6117 -0.000873636 -0.0107612 0.01 60 61 0 0 0
13823 0.604667 -0.000894949 -0.0219785 0.01 76 76 0 0 0
13824 0.625519 -0.000831759 -0.0219785 0.01 75 75 0 0 0
13840 0.631179 -0.000814608 -0.0493208 0.01 48 48 0 0 0
13863 0.631179 -0.000814608 -0.0493208 0.01 47 47 0 0 0
13879 0.625519 -0.000831759 -0.0219785 0.01 76 76 0 0 0
13887 0.613796 -0.000867284 -0.0219785 0.01 77 77 0 0 0
13890 0.498345 -0.00121714 -0.0239156 0.01 60 60 0 0 0
13898 0.631179 -0.000814608 -0.0493208 0.01 48 48 0 0 0
13913 0.613796 -0.000867284 -0.0219785 0.01 75 75 0 0 0
13922 0.604667 -0.000894949 -0.0219785 0.01 75 75 0 0 0
13923 0.550005 -0.00106059 -0.0240846 0.01 60 60 0 0 0
13939 0.631179 -0.000814608 -0.0493208 0.01 48 48 0 0 0
13951 0.548081 -0.00106642 -0.0111865 0.01 60 60 0 0 0
13964 0.631179 -0.000814608 -0.0493208 0.01 47 47 0 0 0
13988 0.613796 -0.000867284 -0.0219785 0.01 75 75 0 0 0
14012 0.550005 -0.00106059 -0.00812296 0.01 60 60 0 0 0
14020 0.631179 -0.000814608 -0.0493208 0.01 47 47 0 0 0
14028 0.548081 -0.00106642 -0.0128799 0.01 60 60 0 0 0
14029 0.550005 -0.00106059 -0.00116511 0.01 60 60 0 0 0
14036 0.613796 -0.000867284 -0.0219785 0.01 76 76 0 0 0
14050 0.631179 -0.000814608 -0.0493208 0.01 47 47 0 0 0
14051 0.559283 -0.00103248 -0.0407985 0.01 48 49 0 0 0
14057 0.631179 -0.000814608 -0.0493208 0.01 48 48 0 0 0
14059 0.631179 -0.000814608 -0.0493208 0.01 47 47 0 0 0
14065 0.588415 -0.000944197 -0.0106773 0.01 60 60 0.000591472 0 0.00412529
14075 0.604667 -0.000894949 -0.0219785 0.01 75 75 0 0 0
14079 0.631179 -0.000814608 -0.0493208 0.01 48 48 0 0 0
14100 0.604667 -0.000894949 -0.0219785 0.01 75 75 0 0 0
14114 0.613796 -0.000867284 -0.00809863 0.01 76 76 0 0 0
14122 0.584402 -0.000956357 -0.0111865 0.01 60 60 0 0 0
14128 0.498345 -0.00121714 -0.0239156 0.01 60 60 0 0 0
14129 0.556631 -0.00104051 -0.00022749 0.01 60 60 0 0 0
14130 0.631179 -0.000814608 -0.0493208 0.01 47 47 0 0 0
14137 0.631179 -0.000814608 -0.0493208 0.01 47 47 0 0 0
14141 0.631179 -0.000814608 -0.0493208 0.01 48 48 0 0 0
14150 0.631179 -0.000814608 -0.0493208 0.01 48 48 0 0 0
14154 0.613796 -0.000867284 -0.0219785 0.01 75 75 0 0 0
14159 0.626315 -0.000829349 -0.0493208 0.01 48 48 0 0 0
14174 0.631179 -0.000814608 -0.0679737 0.01 48 48 0 0 0
14199 0.613796 -0.000867284 -0.0219785 0.01 75 74 0 0 0
14202 0.613796 -0.000867284 -0.0219785 0.01 75 75 0 0 0
14203 0.548081 -0.00106642 -0.0111865 0.01 60 60 0 0 0
14206 0.613796 -0.000867284 -0.0219785 0.01 77 77 0 0 0
14217 0.613796 -0.000867284 -0.0219785 0.01 75 75 0 0 0
14222 0.625519 -0.000831759 -0.0219785 0.01 75 75 0 0 0
14256 0.520739 -0.00114928 -0.0111865 0.01 60 60 0 0 0
14261 0.604667 -0.000894949 -0.0219785 0.01 76 76 0 0 0
14285 0.613796 -0.000867284 -0.0219785 0.01 76 76 0 0 0
14293 0.572385 -0.000992774 -0.0229235 0.01 60 60 0 0 0
14298 0.625519 -0.000831759 -0.0219785 0.01 75 75 0 0 0
14308 0.527721 -0.00112812 -0.0110903 0.01 60 59 0 0 0
14313 0.613796 -0.000867284 -0.0219785 0.01 77 77 0 0 0
14314 0.573398 -0.000989703 -0.0111865 0.01 60 60 0 0 0
14315 0.625519 -0.000831759 -0.0219785 0.01 75 75 0 0 0
14319 0.577613 -0.00097693 -0.00666185 0.01 60 60 0 0 0
14320 0.631179 -0.000814608 -0.0493208 0.01 47 47 0 0 0
14334 0.631179 -0.000814608 -0.0493208 0.01 48 49 0 0 0
14348 0.631179 -0.000814608 -0.0493208 0.01 46 46 0 0 0
14358 0.631179 -0.000814608 -0.0549651 0.01 47 47 -0.000550576 0 -0.00564428
14368 0.550005 -0.00106059 -0.0240846 0.01 60 60 0 0 0
14372 0.613796 -0.000867284 -0.0219785 0.01 76 76 0 0 0
14382 0.619985 -0.00084853 -0.0493208 0.01 48 49 0 0 0
14388 0.631179 -0.000814608 -0.0493208 0.01 48 48 0 0 0
14393 0.604667 -0.000894949 -0.0219785 0.01 75 75 0 0 0
14401 0.613796 -0.000867284 -0.0219785 0.01 75 75 0 0 0
14405 0.512928 -0.00117295 -0.0180298 0.01 60 60 0 0 0
14409 0.509676 -0.0011828 -0.0111865 0.01 60 60 0 0 0
14411 0.631179 -0.000814608 -0.0493208 0.01 48 48 0 0 0
14412 0.581809 -0.000964216 -0.00132952 0.01 60 60 0 0 0
14433 0.631179 -0.000814608 -0.0493208 0.01 47 48 0 0 0
14435 0.550005 -0.00106059 -0.0307818 0.01 60 60 0 0 0
14445 0.509676 -0.0011828 -0.0111865 0.01 60 60 0 0 0
14450 0.613796 -0.000867284 -0.0219785 0.01 77 77 0 0 0
14456 0.631179 -0.000814608 -0.0664282 0.01 48 48 -0.00064154 0 -0.00854285
14458 0.524519 -0.00113782 -0.0111865 0.01 60 60 0 0 0
14463 0.633724 -0.000806897 -0.0493208 0.01 48 48 0 0 0
14464 0.613796 -0.000867284 -0.0219785 0.01 75 75 0 0 0
14477 0.588415 -0.000944197 -0.0148025 0.01 60 60 0 0 0
14515 0.613796 -0.000867284 -0.0219785 0.01 75 75 0 0 0
14521 0.613796 -0.000867284 -0.0219785 0.01 76 75 0 0 0
14525 0.550005 -0.00106059 -0.0240846 0.01 60 60 0 0 0
14531 0.616873 -0.000857961 -0.0219785 0.01 75 75 0 0 0
14533 0.524519 -0.00113782 -0.0111865 0.01 60 60 0 0 0
14534 0.631179 -0.000814608 -0.0493208 0.01 48 48 0 0 0
14543 0.625519 -0.000831759 -0.0219785 0.01 76 76 0 0 0
14549 0.631179 -0.000814608 -0.0493208 0.01 48 48 0 0 0
14560 0.613796 -0.000867284 -0.0219785 0.01 75 75 0 0 0
14561 0.616873 -0.000857961 -0.033967 0.01 75 75 0 0 0
14563 0.556631 -0.00104051 -0.00022749 0.01 60 60 0 0 0
14565 0.631179 -0.000814608 -0.0493208 0.01 46 46 0 0 0
14568 0.584864 -0.000954957 -0.0375699 0.01 60 60 0 0 0
14574 0.625519 -0.000831759 -0.0219785 0.01 76 76 0 0 0
14590 0.631179 -0.000814608 -0.0664282 0.01 48 48 0 0 0
14597 0.544012 -0.00107875 -0.00853822 0.01 60 60 0 0 0
14625 0.548081 -0.00106642 -0.0111865 0.01 60 60 0 0 0
14627 0.625519 -0.000831759 -0.0219785 0.01 75 75 0 0 0
14630 0.631179 -0.000814608 -0.0493208 0.01 47 47 0 0 0
14641 0.625519 -0.000831759 -0.0219785 0.01 76 76 0 0 0
14663 0.591394 -0.00093517 -0.0179727 0.01 60 60 -0.000962332 0 -0.00678627
14665 0.623618 -0.000837522 -0.0219785 0.01 60 60 0 0 0
14677 0.620724 -0.000846291 -0.051254 0.01 48 48 0.00521328 -0.0104555 -0.00193323
14679 0.631179 -0.000814608 -0.0493208 0.01 48 47 0 0 0
14690 0.524519 -0.00113782 -0.0111865 0.01 60 60 0 0 0
14692 0.613796 -0.000867284 -0.0219785 0.01 75 75 0 0 0
14694 0.631179 -0.000814608 -0.0493208 0.01 48 48 0 0 0
14697 0.604667 -0.000894949 -0.0219785 0.01 75 75 0 0 0
14710 0.628449 -0.000822883 -0.0107612 0.01 60 60 0 0 0
14727 0.631179 -0.000814608 -0.0432099 0.01 48 48 0 0 0
14737 0.524519 -0.00113782 -0.0111865 0.01 60 60 0 0 0
14747 0.604667 -0.000894949 -0.0219785 0.01 75 75 0 0 0
14756 0.613796 -0.000867284 -0.0219785 0.01 76 77 0 0 0
14797 0.604667 -0.000894949 -0.0219785 0.01 75 75 0 0 0
14801 0.631179 -0.000814608 -0.0493208 0.01 47 47 0 0 0
14802 0.631179 -0.000814608 -0.0493208 0.01 47 47 0 0 0
14808 0.631179 -0.000814608 -0.0493208 0.01 47 47 0 0 0
14812 0.550005 -0.00106059 -0.0363555 0.01 60 59 0 0 0
14817 0.524519 -0.00113782 -0.0111865 0.01 60 60 0 0 0
14819 0.554349 -0.00104743 -0.0111865 0.01 60 60 0 0 0
14837 0.628506 -0.000822709 -0.0219785 0.01 75 74 0 0 0
14847 0.60675 -0.000888638 -0.0219785 0.01 76 76 -0.00169295 0.00208277 0
14848 0.554936 -0.00104565 -0.0174964 0.01 60 60 0 0 0
14857 0.556631 -0.00104051 -0.00022749 0.01 60 59 0 0 0
14861 0.600983 -0.000906113 -0.0219785 0.01 75 75 0 0 0
14864 0.631179 -0.000814608 -0.0493208 0.01 47 47 0 0 0
14866 0.613796 -0.000867284 -0.0219785 0.01 77 77 0 0 0
14871 0.613796 -0.000867284 -0.0219785 0.01 77 77 0 0 0
14885 0.604667 -0.000894949 -0.0219785 0.01 75 75 0 0 0
14904 0.613796 -0.000867284 -0.00809863 0.01 76 76 0 0 0
14916 0.613796 -0.000867284 -0.0219785 0.01 76 76 0 0 0
14919 0.631179 -0.000814608 -0.0493208 0.01 47 47 0 0 0
14925 0.631179 -0.000814608 -0.0294426 0.01 48 48 0 0 0
14934 0.631179 -0.000814608 -0.0493208 0.01 48 48 0 0 0
14952 0.631179 -0.000814608 -0.0493208 0.01 47 47 0 0 0
14969 0.613796 -0.000867284 -0.0219785 0.01 75 75 0 0 0
14972 0.613796 -0.000867284 -0.0219785 0.01 77 77 0 0 0
14989 0.631179 -0.000814608 -0.0493208 0.01 47 47 0 0 0
14990 0.613796 -0.000867284 -0.0219785 0.01 75 75 0 0 0
15000 0.604667 -0.000894949 -0.0219785 0.01 75 75 0 0 0
15002 0.582309 -0.000962701 -0.0111865 0.01 60 60 0 0 0
15008 0.550005 -0.00106059 -0.00812296 0.01 60 60 0 0 0
15011 0.612411 -0.000871482 -0.0493208 0.01 48 48 0 0 0
15027 0.613796 -0.000867284 -0.0219785 0.01 76 76 0 0 0
15044 0.613796 -0.000867284 -0.0219785 0.01 75 75 0 0 0
15063 0.550005 -0.00106059 -0.0240846 0.01 60 60 0 0 0
15068 0.626315 -0.000829349 -0.0493208 0.01 48 48 0 0 0
15073 0.570645 -0.000998047 -0.0111865 0.01 60 59 0 0 0
15076 0.613796 -0.000867284 -0.0278163 0.01 75 75 0 0 0
15077 0.631179 -0.000814608 -0.0493208 0.01 46 46 0 0 0
15079 0.605065 -0.000893743 -0.0493208 0.01 46 46 0 0 0
15082 0.631179 -0.000814608 -0.0493208 0.01 47 47 0 0 0
15093 0.631179 -0.000814608 -0.0493208 0.01 48 48 0 0 0
15094 0.548081 -0.00106642 -0.0111865 0.01 60 60 0 0 0
15101 0.550005 -0.00106059 -0.0111865 0.01 60 60 0 0 0
15105 0.572385 -0.000992774 -0.0229235 0.01 60 60 0 0 0
15106 0.613796 -0.000867284 -0.0219785 0.01 75 75 0 0 0
15112 0.613796 -0.000867284 -0.0219785 0.01 75 75 0 0 0
15120 0.613796 -0.000867284 -0.0219785 0.01 75 75 0 0 0
15131 0.548081 -0.00106642 -0.0111865 0.01 60 60 0 0 0
15134 0.550005 -0.00106059 -0.0111865 0.01 60 60 0 0 0
15141 0.625519 -0.000831759 -0.0219785 0.01 76 76 0 0 0
15144 0.614357 -0.000865586 -0.0493208 0.01 48 48 0.00874218 -0.0168229 0
15160 0.613796 -0.000867284 -0.0219785 0.01 75 75 0 0 0
15169 0.557514 -0.00103784 -0.0110362 0.01 60 60 0 0 0
15175 0.613796 -0.000867284 -0.0219785 0.01 75 74 0 0 0
15181 0.613796 -0.000867284 -0.0219785 0.01 76 76 0 0 0
15183 0.604667 -0.000894949 -0.0219785 0.01 76 75 0 0 0
15186 0.625519 -0.000831759 -0.0219785 0.01 76 76 0 0 0
15205 0.604667 -0.000894949 -0.0319504 0.01 76 76 0 0 0
15214 0.595297 -0.000923343 -0.0219785 0.01 75 75 0 0 0
15226 0.625519 -0.000831759 -0.0219785 0.01 75 75 0 0 0
15231 0.606954 -0.000888018 -0.0148349 0.01 60 60 0 0 0
15233 0.625519 -0.000831759 -0.0219785 0.01 75 75 0 0 0
15237 0.625519 -0.000831759 -0.0219785 0.01 75 75 0 0 0
15239 0.631179 -0.000814608 -0.0493208 0.01 48 48 0 0 0
15251 0.60675 -0.000888638 -0.0219785 0.01 76 76 0 0 0
15263 0.524519 -0.00113782 -0.0111865 0.01 60 60 0 0 0
15267 0.631179 -0.000814608 -0.0493208 0.01 47 47 0 0 0
15278 0.631179 -0.000814608 -0.0493208 0.01 48 48 0 0 0
15279 0.631179 -0.000814608 -0.0493208 0.01 48 48 0 0 0
15300 0.497716 -0.00121904 -0.0111865 0.01 60 60 0 0 0
15304 0.631179 -0.000814608 -0.055985 0.01 48 48 -0.000503421 0 -0.00666421
15307 0.613796 -0.000867284 -0.0219785 0.01 76 76 0 0 0
15323 0.512928 -0.00117295 -0.0180298 0.01 60 60 0 0 0
15337 0.631179 -0.000814608 -0.0493208 0.01 47 47 0 0 0
15338 0.631179 -0.000814608 -0.0493208 0.01 47 47 0 0 0
15361 0.550005 -0.00106059 -0.0111865 0.01 60 60 0 0 0
15367 0.604667 -0.000894949 -0.0219785 0.01 75 75 0 0 0
15372 0.631179 -0.000814608 -0.0493208 0.01 46 46 0 0 0
15377 0.604667 -0.000894949 -0.0219785 0.01 75 75 0 0 0
15389 0.612411 -0.000871482 -0.0537676 0.01 48 48 -0.000361905 0 -0.00444676
15415 0.616873 -0.000857961 -0.033967 0.01 75 75 0 0 0
15424 0.631179 -0.000814608 -0.0493208 0.01 48 48 0 0 0
15446 0.625519 -0.000831759 -0.0219785 0.01 76 76 0 0 0
15461 0.520739 -0.00114928 -0.0111865 0.01 60 60 0 0 0
15463 0.631179 -0.000814608 -0.0493208 0.01 48 48 0 0 0
15471 0.634125 -0.000805681 -0.0493208 0.01 48 48 -0.00147247 0.00294596 0
15482 0.631179 -0.000814608 -0.0493208 0.01 47 47 0 0 0
15498 0.524519 -0.00113782 -0.0144166 0.01 60 60 0 0 0
15499 0.631992 -0.000812146 -0.0511194 0.01 48 48 0 0 0
15526 0.613796 -0.000867284 -0.0219785 0.01 77 77 0 0 0
15533 0.631179 -0.000814608 -0.0493208 0.01 48 48 0 0 0
15535 0.630933 -0.000815354 -0.00866278 0.01 60 60 0 0 0
15541 0.613796 -0.000867284 -0.0219785 0.01 76 76 0 0 0
15545 0.613796 -0.000867284 -0.0219785 0.01 75 75 0 0 0
15546 0.524519 -0.00113782 -0.0110903 0.01 60 60 0 0 0
15562 0.613796 -0.000867284 -0.0219785 0.01 77 77 0 0 0
15575 0.631179 -0.000814608 -0.0493208 0.01 48 48 0 0 0
15584 0.604667 -0.000894949 -0.0219785 0.01 75 75 0 0 0
15587 0.524519 -0.00113782 -0.021874 0.01 60 60 0 0 0
15594 0.613796 -0.000867284 -0.0273541 0.01 75 75 0 0 0
15601 0.613796 -0.000867284 -0.0219785 0.01 76 76 0 0 0
15610 0.613796 -0.000867284 -0.0219785 0.01 75 75 0 0 0
15619 0.613796 -0.000867284 -0.0202122 0.01 76 76 0 0 0
15621 0.60686 -0.000888303 -0.0136311 0.01 60 60 0 0 0
15637 0.613796 -0.000867284 -0.0219785 0.01 76 76 0 0 0
15640 0.631179 -0.000814608 -0.0664282 0.01 48 48 0 0 0
15646 0.631179 -0.000814608 -0.0493208 0.01 47 47 0 0 0
15659 0.631179 -0.000814608 -0.0493208 0.01 48 48 0 0 0
15664 0.631179 -0.000814608 -0.0679737 0.01 48 48 0 0 0
15671 0.631179 -0.000814608 -0.0493208 0.01 48 48 0 0 0
15680 0.631179 -0.000814608 -0.0493208 0.01 48 48 0 0 0
15686 0.631179 -0.000814608 -0.0493208 0.01 47 47 0 0 0
15687 0.547067 -0.00106949 -0.0111865 0.01 60 60 0 0 0
15695 0.586659 -0.000949518 -0.0420539 0.01 60 60 -0.0020503 0 -0.0144136
15702 0.512928 -0.00117295 -0.0180298 0.01 60 60 0 0 0
15705 0.613796 -0.000867284 -0.0219785 0.01 77 77 0 0 0
15706 0.550005 -0.00106059 -0.00116511 0.01 60 60 0 0 0
15710 0.548081 -0.00106642 -0.0111865 0.01 60 60 0 0 0
15712 0.631179 -0.000814608 -0.0493208 0.01 47 47 0 0 0
15715 0.604667 -0.000894949 -0.0171494 0.01 75 75 0.01234 0 0.0048291
15723 0.60675 -0.000888638 -0.0219785 0.01 76 76 0 0 0
15732 0.520739 -0.00114928 -0.0111865 0.01 60 60 0 0 0
15733 0.604667 -0.000894949 -0.0219785 0.01 76 76 0 0 0
15735 0.62777 -0.000824941 -0.0170668 0.01 60 60 0 0 0
15736 0.631179 -0.000814608 -0.0493208 0.01 46 46 0 0 0
15738 0.604667 -0.000894949 -0.0219785 0.01 75 75 0 0 0
15744 0.586659 -0.000949518 -0.0276403 0.01 60 60 0 0 0
15746 0.604667 -0.000894949 -0.0219785 0.01 76 76 0 0 0
15755 0.60675 -0.000888638 -0.0219785 0.01 76 76 0 0 0
15756 0.631179 -0.000814608 -0.0493208 0.01 48 48 0 0 0
15757 0.586659 -0.000949518 -0.0410715 0.01 48 49 0 0 0
15762 0.613304 -0.000868775 -0.00597407 0.01 60 60 0 0 0
15785 0.554349 -0.00104743 -0.0103344 0.01 60 60 0 0 0
15787 0.605065 -0.000893743 -0.0493208 0.01 46 46 0 0 0
15793 0.604667 -0.000894949 -0.0219785 0.01 75 75 0 0 0
15799 0.631179 -0.000814608 -0.0493208 0.01 47 47 0 0 0
15801 0.572385 -0.000992774 -0.0229235 0.01 60 60 0 0 0
15802 0.550005 -0.00106059 -0.0111865 0.01 60 60 0 0 0
15804 0.619069 -0.000851305 -0.0107612 0.01 60 60 0 0 0
15816 0.613796 -0.000867284 -0.0297479 0.01 77 77 0 0 0
15817 0.613796 -0.000867284 -0.0219785 0.01 76 77 0 0 0
15818 0.597309 -0.000917244 -0.0318212 0.01 60 60 0 0 0
15820 0.622841 -0.000839876 -0.0219785 0.01 77 77 0 0 0
15822 0.618945 -0.000851683 -0.0210613 0.01 60 60 0 0 0
15823 0.550005 -0.00106059 -0.0111865 0.01 60 60 0 0 0
15830 0.613796 -0.000867284 -0.0219785 0.01 77 77 0 0 0
15839 0.613796 -0.000867284 -0.0219785 0.01 77 77 0 0 0
15842 0.631179 -0.000814608 -0.0493208 0.01 48 48 0 0 0
15846 0.631179 -0.000814608 -0.0493208 0.01 48 48 0 0 0
15851 0.509676 -0.0011828 -0.0111865 0.01 60 60 0 0 0
15852 0.631179 -0.000814608 -0.0493208 0.01 47 47 0 0 0
15856 0.631179 -0.000814608 -0.0493208 0.01 46 46 0 0 0
15867 0.582309 -0.000962701 -0.0111865 0.01 60 60 0 0 0
15874 0.625519 -0.000831759 -0.0219785 0.01 76 76 0 0 0
15876 0.631179 -0.000814608 -0.0493208 0.01 46 46 0 0 0
15879 0.631179 -0.000814608 -0.0493208 0.01 47 47 0 0 0
15883 0.613796 -0.000867284 -0.0219785 0.01 77 77 0 0 0
15884 0.631179 -0.000814608 -0.0493208 0.01 48 48 0 0 0
15886 0.626315 -0.000829349 -0.0493208 0.01 48 48 0 0 0
15895 0.613796 -0.000867284 -0.0297479 0.01 77 77 0 0 0
15910 0.631179 -0.000814608 -0.0493208 0.01 48 48 0 0 0
15911 0.613796 -0.000867284 -0.0219785 0.01 75 75 0 0 0
15912 0.613796 -0.000867284 -0.0219785 0.01 76 76 0 0 0
15915 0.613796 -0.000867284 -0.0190639 0.01 77 77 0.00910431 0 0.00291456
15922 0.613796 -0.000867284 -0.0219785 0.01 77 77 0 0 0
15925 0.613304 -0.000868775 -0.00597407 0.01 60 60 0 0 0
