max_pf 102 min_pf 46
individual dGr dSr disp_rate patch_no b_patch_no mut_eff DdGr DdSr
40 -0.210786 -0.00930581 0.01 102 102 0 0 0
90 -0.137533 -0.00882894 0.01 72 72 0 0 0
92 -0.159113 -0.00819769 0.01 72 73 0 0 0
97 -0.158902 -0.00953066 0.01 48 48 0 0 0
125 -0.199639 -0.00930581 0.01 100 100 0 0 0
156 -0.158902 -0.00953776 0.01 48 48 0 0 0
162 -0.21912 -0.00930581 0.01 101 101 0 0 0
196 -0.165984 -0.00907235 0.01 72 72 0 0 0
201 -0.205758 -0.00930581 0.01 100 100 0 0 0
208 -0.210786 -0.00930581 0.01 100 100 0 0 0
213 -0.19013 -0.00921148 0.01 101 101 0 0 0
246 -0.175999 -0.00911174 0.01 72 72 0 0 0
270 -0.127721 -0.00953776 0.01 48 48 0 0 0
297 -0.127721 -0.00953776 0.01 47 47 0 0 0
300 -0.210786 -0.00954825 0.01 102 102 0 0 0
309 -0.164427 -0.00953776 0.01 48 48 0 0 0
331 -0.142001 -0.00915089 0.01 72 72 0 0 0
347 -0.200044 -0.00894288 0.01 100 100 0 0 0
351 -0.158902 -0.00953776 0.01 47 47 0 0 0
365 -0.150073 -0.00892637 0.01 72 72 0 0 0
373 -0.19013 -0.00921148 0.01 101 101 0 0 0
382 -0.132629 -0.00953776 0.01 48 48 0 0 0
393 -0.204609 -0.00930581 0.01 100 101 0 0 0
406 -0.19013 -0.00930581 0.01 100 100 0 0 0
407 -0.141106 -0.00884757 0.01 72 72 0 0 0
423 -0.158902 -0.00953776 0.01 48 48 0 0 0
437 -0.194262 -0.00930581 0.01 100 100 0 0 0
455 -0.143182 -0.00953776 0.01 48 48 0 0 0
456 -0.210786 -0.00930581 0.01 101 101 0 0 0
482 -0.127721 -0.00953776 0.01 48 49 0 0 0
492 -0.210786 -0.00930581 0.01 102 102 0 0 0
495 -0.127721 -0.00953776 0.01 47 47 0 0 0
527 -0.165757 -0.00929225 0.01 72 72 0 0 0
541 -0.130341 -0.00894244 0.01 72 72 0 0 0
583 -0.158902 -0.00953776 0.01 47 47 0 0 0
585 -0.158902 -0.00953776 0.01 48 48 0 0 0
597 -0.127721 -0.00953776 0.01 48 48 0 0 0
604 -0.172022 -0.00817813 0.01 72 72 0 0 0
611 -0.179295 -0.00842952 0.01 72 72 0 0 0
618 -0.19013 -0.00921148 0.01 101 101 0 0 0
624 -0.158902 -0.00953776 0.01 48 48 0 0 0
633 -0.19013 -0.00926632 0.01 101 101 0 0 0
646 -0.158902 -0.00953066 0.01 48 48 0 0 0
653 -0.158902 -0.00953776 0.01 48 49 0 0 0
655 -0.143481 -0.00821146 0.01 72 72 0 0 0
674 -0.125466 -0.00953776 0.01 47 47 0 0 0
696 -0.127721 -0.00953776 0.01 48 48 0 0 0
727 -0.199639 -0.00930581 0.01 100 100 0 0 0
756 -0.132629 -0.00953776 0.01 48 48 0 0 0
764 -0.164427 -0.00953776 0.01 47 48 0 0 0
828 -0.127721 -0.00969549 0.01 47 48 2.39909e-06 0 -0.000157731
830 -0.205758 -0.00958526 0.01 100 100 0 0 0
878 -0.14477 -0.00916463 0.01 72 72 0 0 0
919 -0.19013 -0.00921148 0.01 101 101 0 0 0
926 -0.210786 -0.00940248 0.01 102 102 0 0 0
968 -0.162494 -0.00884123 0.01 72 72 0 0 0
991 -0.19013 -0.00921148 0.01 101 101 0 0 0
999 -0.128049 -0.00953776 0.01 48 49 0 0 0
1027 -0.140969 -0.00931568 0.01 72 72 0 0 0
1043 -0.19013 -0.00921148 0.01 101 101 0 0 0
1053 -0.158101 -0.00916463 0.01 72 71 0 0 0
1056 -0.134996 -0.00934872 0.01 48 48 0 0 0
1058 -0.155845 -0.00931012 0.01 72 72 0 0 0
1065 -0.200044 -0.00930581 0.01 100 100 0 0 0
1070 -0.136843 -0.00936512 0.01 48 48 -1.89245e-06 0 0.000172639
1086 -0.210786 -0.00954825 0.01 102 102 0 0 0
1087 -0.19013 -0.00924445 0.01 100 100 0 0 0
1101 -0.158068 -0.00926412 0.01 72 72 0 0 0
1131 -0.143182 -0.00953776 0.01 48 48 0 0 0
1169 -0.164427 -0.00953776 0.01 48 48 0 0 0
1181 -0.145906 -0.00817262 0.01 72 72 0 0 0
1196 -0.158902 -0.00953776 0.01 47 47 0 0 0
1197 -0.19013 -0.00921148 0.01 101 101 0 0 0
1206 -0.204609 -0.00930581 0.01 101 101 0 0 0
1208 -0.163049 -0.00953079 0.01 48 48 0 0 0
1246 -0.164789 -0.00934381 0.01 72 72 0 0 0
1254 -0.164789 -0.00934381 0.01 72 72 0 0 0
1255 -0.210786 -0.00954825 0.01 102 102 0 0 0
1260 -0.216783 -0.00922373 0.01 101 101 0 0 0
1261 -0.210786 -0.00959727 0.01 102 102 -0.00733048 0 -4.90239e-05
1288 -0.158902 -0.00953776 0.01 47 47 0 0 0
1310 -0.190426 -0.00930581 0.01 100 100 0 0 0
1316 -0.132629 -0.00953776 0.01 48 47 0 0 0
1325 -0.202928 -0.00930581 0.01 102 102 0 0 0
1338 -0.19013 -0.00926632 0.01 101 101 0 0 0
1361 -0.143481 -0.00821146 0.01 72 72 0 0 0
1381 -0.198681 -0.00930581 0.01 100 100 0 0 0
1386 -0.200951 -0.00930581 0.01 100 99 0 0 0
1411 -0.19013 -0.00921148 0.01 101 101 0 0 0
1423 -0.210786 -0.00930581 0.01 102 102 0 0 0
1436 -0.19013 -0.00930581 0.01 100 100 0 0 0
1441 -0.158902 -0.00953776 0.01 48 48 0 0 0
1446 -0.19013 -0.00916519 0.01 101 101 0 0 0
1449 -0.19013 -0.00921148 0.01 101 101 0 0 0
1463 -0.127721 -0.00953776 0.01 48 48 0 0 0
1467 -0.156501 -0.00953776 0.01 48 48 0 0 0
1492 -0.140772 -0.00870061 0.01 72 72 0 0 0
1504 -0.197569 -0.00936483 0.01 101 101 0 0 0
1522 -0.19977 -0.00930581 0.01 101 101 0 0 0
1536 -0.202928 -0.00930581 0.01 102 102 0 0 0
1566 -0.145906 -0.00817262 0.01 72 72 0 0 0
1623 -0.158902 -0.00939348 0.01 48 48 0 0 0
1643 -0.19013 -0.00921148 0.01 101 101 0 0 0
1647 -0.158902 -0.00953776 0.01 48 48 0 0 0
1692 -0.210786 -0.00930581 0.01 102 102 0 0 0
1693 -0.213571 -0.00930581 0.01 100 100 0.0804952 -0.0135276 0
1718 -0.127721 -0.00953776 0.01 48 49 0 0 0
1723 -0.210786 -0.00930581 0.01 102 102 0 0 0
1740 -0.19013 -0.00930581 0.01 100 100 0 0 0
1750 -0.227622 -0.00930581 0.01 101 101 0.0926006 -0.0168362 0
1779 -0.164427 -0.00956974 0.01 47 47 0 0 0
1787 -0.14467 -0.00872306 0.01 72 72 0 0 0
1793 -0.204609 -0.00930581 0.01 101 101 0 0 0
1803 -0.150073 -0.00892637 0.01 72 72 0 0 0
1811 -0.19013 -0.00930581 0.01 100 100 0 0 0
1814 -0.158902 -0.00953776 0.01 48 48 0 0 0
1815 -0.164789 -0.00906666 0.01 72 72 0 0 0
1830 -0.198681 -0.00930581 0.01 102 101 0 0 0
1976 -0.210786 -0.00930581 0.01 101 101 0 0 0
1982 -0.132683 -0.00953776 0.01 48 48 0 0 0
1985 -0.158902 -0.00953776 0.01 48 48 0 0 0
1997 -0.127721 -0.00953776 0.01 48 48 0 0 0
2023 -0.138134 -0.00953776 0.01 47 47 0 0 0
2024 -0.147642 -0.00953079 0.01 47 48 0 0 0
2030 -0.158902 -0.00953776 0.01 48 48 0 0 0
2036 -0.210786 -0.00930581 0.01 101 101 0 0 0
2051 -0.187769 -0.00957672 0.01 72 73 0 0 0
2053 -0.158902 -0.00953776 0.01 47 48 0 0 0
2074 -0.19013 -0.00908394 0.01 100 100 0 0 0
2080 -0.210786 -0.00954825 0.01 102 102 0 0 0
2114 -0.14403 -0.00785 0.01 72 72 0 0 0
2117 -0.158902 -0.00953776 0.01 47 47 0 0 0
2172 -0.165984 -0.00907235 0.01 72 72 0 0 0
2180 -0.158902 -0.00953776 0.01 48 48 0 0 0
2198 -0.165757 -0.00929225 0.01 72 72 0 0 0
2240 -0.148249 -0.00817262 0.01 72 72 0 0 0
2280 -0.19013 -0.00941931 0.01 100 100 0 0 0
2282 -0.164427 -0.00953776 0.01 48 48 0 0 0
2284 -0.145887 -0.00896097 0.01 72 73 0 0 0
2295 -0.224791 -0.00930581 0.01 102 102 -0.0155426 0.00283186 0
2298 -0.210786 -0.00930581 0.01 101 100 0 0 0
2302 -0.210786 -0.00930581 0.01 101 101 0 0 0
2310 -0.210786 -0.00930581 0.01 101 101 0 0 0
2314 -0.158902 -0.00953776 0.01 47 47 0 0 0
2319 -0.163049 -0.00953079 0.01 47 48 0 0 0
2341 -0.19013 -0.00930581 0.01 100 100 0 0 0
2346 -0.19013 -0.00921148 0.01 101 101 0 0 0
2354 -0.233896 -0.00902807 0.01 101 101 0 0 0
2365 -0.210786 -0.00930581 0.01 101 101 0 0 0
2376 -0.137533 -0.00882894 0.01 72 72 0 0 0
2417 -0.210786 -0.00930581 0.01 102 102 0 0 0
2418 -0.141183 -0.00881734 0.01 72 72 0 0 0
2419 -0.19013 -0.00930581 0.01 100 100 0 0 0
2420 -0.158902 -0.00953776 0.01 48 48 0 0 0
2459 -0.158902 -0.00953776 0.01 47 48 0 0 0
2461 -0.141106 -0.00884757 0.01 72 72 0 0 0
2465 -0.19013 -0.00924002 0.01 100 100 0 0 0
2468 -0.172022 -0.00817813 0.01 72 72 0 0 0
2481 -0.158902 -0.00953776 0.01 47 47 0 0 0
2510 -0.164427 -0.00953776 0.01 48 48 0 0 0
2511 -0.198681 -0.00930581 0.01 101 101 0 0 0
2519 -0.158902 -0.00953776 0.01 48 48 0 0 0
2537 -0.164427 -0.00953776 0.01 48 48 0 0 0
2540 -0.163991 -0.00903935 0.01 72 72 0 0 0
2565 -0.2015 -0.00930581 0.01 100 99 0 0 0
2569 -0.19013 -0.00930581 0.01 100 100 0 0 0
2581 -0.132629 -0.00953776 0.01 47 47 0 0 0
2583 -0.141685 -0.00785707 0.01 72 72 0 0 0
2610 -0.200044 -0.00930581 0.01 100 100 0 0 0
2623 -0.19013 -0.00921148 0.01 101 101 0 0 0
2625 -0.233896 -0.00902807 0.01 101 101 0 0 0
2626 -0.203281 -0.00921148 0.01 101 101 0 0 0
2641 -0.19013 -0.00881053 0.01 101 101 0 0 0
2645 -0.165757 -0.00929716 0.01 72 71 0 0 0
2661 -0.205758 -0.00930581 0.01 100 100 0 0 0
2670 -0.171204 -0.00945134 0.01 72 72 0 0 0
2681 -0.158902 -0.00953066 0.01 48 48 0 0 0
2686 -0.141183 -0.00881734 0.01 72 72 0 0 0
2697 -0.158902 -0.00961495 0.01 48 48 0 0 0
2702 -0.126692 -0.00931568 0.01 72 72 0 0 0
2706 -0.199639 -0.00930581 0.01 100 100 0 0 0
2707 -0.224508 -0.00930581 0.01 100 100 0 0 0
2732 -0.132629 -0.00953776 0.01 47 47 0 0 0
2740 -0.158902 -0.00953776 0.01 47 47 0 0 0
2748 -0.132629 -0.00953776 0.01 48 48 0 0 0
2754 -0.127721 -0.00953776 0.01 48 48 0 0 0
2755 -0.210786 -0.00930581 0.01 102 102 0 0 0
2757 -0.174601 -0.00830964 0.01 72 72 0 0 0
2762 -0.158902 -0.00953776 0.01 47 47 0 0 0
2778 -0.132683 -0.00953776 0.01 48 48 0 0 0
2785 -0.19013 -0.00921148 0.01 101 101 0 0 0
2793 -0.127721 -0.00969549 0.01 48 48 0 0 0
2797 -0.127721 -0.00953776 0.01 48 48 0 0 0
2805 -0.132629 -0.00953776 0.01 48 48 0 0 0
2806 -0.198681 -0.00916922 0.01 101 101 0 0 0
2824 -0.210786 -0.00954825 0.01 102 102 0 0 0
2829 -0.158902 -0.00953776 0.01 48 48 0 0 0
2832 -0.210786 -0.00930581 0.01 100 100 0 0 0
2837 -0.19013 -0.00924658 0.01 100 100 0 0 0
2840 -0.164427 -0.00953776 0.01 48 48 0 0 0
2897 -0.132683 -0.00953776 0.01 48 48 0 0 0
2901 -0.146149 -0.00915089 0.01 72 72 0 0 0
2907 -0.147525 -0.0090996 0.01 72 72 0 0 0
2937 -0.164789 -0.00906666 0.01 72 72 0 0 0
2938 -0.158902 -0.00953066 0.01 48 48 0 0 0
2950 -0.210786 -0.00930581 0.01 102 102 0 0 0
2971 -0.199639 -0.00930581 0.01 100 100 0 0 0
2982 -0.199639 -0.00930581 0.01 100 100 0 0 0
2989 -0.147256 -0.00900998 0.01 72 72 0 0 0
3025 -0.171769 -0.00877733 0.01 72 72 0 0 0
3060 -0.137173 -0.00872306 0.01 72 72 0 0 0
3082 -0.158902 -0.00953776 0.01 48 48 0 0 0
3125 -0.176435 -0.00891321 0.01 72 72 0 0 0
3134 -0.216427 -0.00915044 0.01 72 72 0 0 0
3149 -0.132683 -0.00953776 0.01 48 48 0 0 0
3157 -0.158902 -0.00953776 0.01 48 48 0 0 0
3166 -0.19013 -0.00924002 0.01 100 100 0 0 0
3211 -0.155845 -0.00931012 0.01 72 72 0 0 0
3237 -0.127721 -0.00953776 0.01 48 48 0 0 0
3241 -0.127721 -0.00953776 0.01 47 47 0 0 0
3245 -0.210786 -0.00954825 0.01 102 102 0 0 0
3252 -0.165984 -0.00907235 0.01 72 72 0 0 0
3261 -0.210786 -0.00954825 0.01 102 102 0 0 0
3301 -0.163143 -0.00953776 0.01 47 47 0 0 0
3334 -0.127721 -0.00963626 0.01 47 47 0 0 0
3355 -0.158068 -0.00926412 0.01 72 72 0 0 0
3370 -0.164427 -0.00953776 0.01 48 48 0 0 0
3397 -0.210786 -0.00930581 0.01 100 100 0 0 0
3411 -0.200044 -0.00930581 0.01 100 100 0 0 0
3441 -0.199639 -0.00930581 0.01 100 100 0 0 0
3449 -0.125466 -0.00953776 0.01 47 47 0 0 0
3465 -0.133837 -0.00953776 0.01 47 47 0 0 0
3469 -0.127721 -0.00969549 0.01 48 48 0 0 0
3478 -0.210786 -0.00930581 0.01 100 100 0 0 0
3485 -0.19013 -0.00921148 0.01 101 101 0 0 0
3509 -0.158902 -0.00953776 0.01 47 47 0 0 0
3525 -0.19013 -0.00930581 0.01 100 100 0 0 0
3589 -0.132683 -0.00953776 0.01 47 47 0 0 0
3590 -0.158902 -0.00953776 0.01 48 48 0 0 0
3648 -0.127721 -0.00953776 0.01 48 48 0 0 0
3650 -0.187133 -0.00894633 0.01 72 72 0 0 0
3683 -0.158902 -0.00953776 0.01 48 48 0 0 0
3700 -0.132683 -0.00953776 0.01 48 48 0 0 0
3718 -0.127721 -0.00953776 0.01 48 48 0 0 0
3767 -0.158902 -0.00953776 0.01 48 48 0 0 0
3773 -0.200044 -0.00894288 0.01 100 100 0 0 0
3795 -0.163143 -0.00953776 0.01 47 47 0 0 0
3798 -0.19013 -0.00881053 0.01 101 101 0 0 0
3799 -0.227622 -0.00930581 0.01 101 101 0 0 0
3804 -0.233896 -0.00902807 0.01 101 101 0 0 0
3806 -0.127721 -0.00953776 0.01 47 48 0 0 0
3832 -0.132683 -0.00953776 0.01 48 48 0 0 0
3835 -0.202928 -0.00930581 0.01 100 100 0 0 0
3841 -0.158902 -0.00953776 0.01 47 47 0 0 0
3855 -0.200044 -0.00930581 0.01 100 100 0 0 0
3869 -0.144504 -0.00878699 0.01 72 72 0 0 0
3882 -0.127721 -0.00953776 0.01 48 49 0 0 0
3897 -0.143182 -0.00953776 0.01 48 48 0 0 0
3901 -0.199639 -0.00930581 0.01 100 100 0 0 0
3916 -0.155845 -0.00931012 0.01 72 72 0 0 0
3929 -0.199639 -0.00930581 0.01 100 100 0 0 0
3936 -0.164427 -0.00953776 0.01 47 47 0 0 0
3938 -0.210786 -0.00954825 0.01 102 102 0 0 0
3941 -0.210786 -0.00930581 0.01 102 102 0 0 0
3949 -0.136843 -0.00953776 0.01 48 48 0 0 0
3951 -0.157831 -0.0091498 0.01 72 72 0 0 0
3962 -0.158902 -0.00953066 0.01 48 48 0 0 0
3966 -0.127721 -0.00953776 0.01 48 47 0 0 0
3970 -0.210786 -0.00930581 0.01 101 101 0 0 0
3976 -0.127721 -0.00953776 0.01 48 48 0 0 0
3979 -0.204609 -0.00930581 0.01 102 102 0 0 0
3984 -0.173082 -0.0082049 0.01 72 72 0 0 0
3987 -0.216427 -0.00915044 0.01 72 72 0 0 0
3994 -0.127721 -0.00953776 0.01 48 48 0 0 0
3995 -0.19013 -0.00930581 0.01 100 100 0 0 0
3999 -0.143481 -0.00821146 0.01 72 72 0 0 0
4008 -0.143182 -0.00953776 0.01 48 48 0 0 0
4049 -0.158902 -0.00953066 0.01 48 48 0 0 0
4053 -0.176435 -0.00860003 0.01 72 72 0 0 0
4062 -0.127721 -0.00953776 0.01 48 48 0 0 0
4118 -0.19013 -0.00924658 0.01 100 100 0 0 0
4128 -0.19013 -0.00930581 0.01 101 100 0 0 0
4194 -0.165757 -0.00898516 0.01 72 72 0 0 0
4196 -0.158902 -0.00953776 0.01 47 48 0 0 0
4211 -0.158902 -0.00953776 0.01 48 48 0 0 0
4234 -0.210786 -0.00930581 0.01 102 102 0 0 0
4239 -0.210786 -0.00954825 0.01 102 102 0 0 0
4241 -0.210786 -0.00930581 0.01 102 102 0 0 0
4254 -0.210786 -0.00930581 0.01 102 102 0 0 0
4289 -0.210786 -0.00930581 0.01 101 101 0 0 0
4291 -0.19013 -0.00930581 0.01 100 100 0 0 0
4300 -0.175774 -0.00927457 0.01 72 71 0 0 0
4304 -0.14467 -0.00872306 0.01 72 72 0 0 0
4320 -0.127721 -0.00953776 0.01 48 48 0 0 0
4325 -0.132683 -0.00953776 0.01 48 48 0 0 0
4336 -0.123605 -0.00953776 0.01 48 49 -2.92733e-05 0.00902417 0
4346 -0.132683 -0.00953776 0.01 47 47 0 0 0
4350 -0.198681 -0.00930581 0.01 100 100 0 0 0
4363 -0.158902 -0.00953066 0.01 48 48 0 0 0
4369 -0.132629 -0.00953776 0.01 47 47 0 0 0
4388 -0.210786 -0.00930581 0.01 101 101 0 0 0
4396 -0.14477 -0.00916463 0.01 72 72 0 0 0
4402 -0.164427 -0.00946805 0.01 48 48 0 0 0
4409 -0.132629 -0.00953776 0.01 48 48 0 0 0
4413 -0.158902 -0.00953776 0.01 48 48 0 0 0
4417 -0.19013 -0.00930581 0.01 100 100 0 0 0
4429 -0.200044 -0.00890031 0.01 100 100 0.0499479 0 0.000405494
4449 -0.176435 -0.00870415 0.01 72 72 0 0 0
4468 -0.127721 -0.00953776 0.01 48 49 0 0 0
4470 -0.158902 -0.00953066 0.01 48 48 0 0 0
4482 -0.164427 -0.00946805 0.01 48 48 0 0 0
4506 -0.161601 -0.00883605 0.01 72 71 0 0 0
4526 -0.190426 -0.00930581 0.01 100 100 0 0 0
4540 -0.19013 -0.00930581 0.01 100 100 0 0 0
4546 -0.134917 -0.00968861 0.01 48 48 0 0 0
4557 -0.122129 -0.00898335 0.01 72 72 -0.00922874 0.0198971 0
4579 -0.138134 -0.00953776 0.01 47 47 0 0 0
4603 -0.217713 -0.00954825 0.01 102 102 0 0 0
4607 -0.1414 -0.00857811 0.01 72 71 0 0 0
4609 -0.210786 -0.00930581 0.01 101 101 0 0 0
4611 -0.210786 -0.00930581 0.01 102 102 0 0 0
4633 -0.198681 -0.00930581 0.01 100 100 0 0 0
4654 -0.158902 -0.00953776 0.01 47 47 0 0 0
4670 -0.148757 -0.00923919 0.01 72 72 0 0 0
4694 -0.158902 -0.00953776 0.01 48 48 0 0 0
4698 -0.158902 -0.00953776 0.01 48 48 0 0 0
4724 -0.176435 -0.00891321 0.01 72 72 0 0 0
4725 -0.158902 -0.00953776 0.01 47 47 0 0 0
4737 -0.141183 -0.00881734 0.01 72 72 0 0 0
4740 -0.19013 -0.00930581 0.01 100 100 0 0 0
4750 -0.210786 -0.00930581 0.01 102 102 0 0 0
4764 -0.127721 -0.00953776 0.01 48 48 0 0 0
4774 -0.132683 -0.00953776 0.01 48 48 0 0 0
4782 -0.202928 -0.00930581 0.01 100 100 0 0 0
4786 -0.192594 -0.00918781 0.01 72 72 0 0 0
4789 -0.192594 -0.00918781 0.01 72 72 0 0 0
4792 -0.19013 -0.00936542 0.01 100 100 -0.00811908 0 -5.96158e-05
4795 -0.141106 -0.00884757 0.01 72 72 0 0 0
4831 -0.132629 -0.00972856 0.01 47 47 0 0 0
4833 -0.144504 -0.00878699 0.01 72 72 0 0 0
4834 -0.173831 -0.00879346 0.01 72 72 0 0 0
4847 -0.158902 -0.00953066 0.01 47 47 0 0 0
4852 -0.19013 -0.00921148 0.01 100 101 0 0 0
4878 -0.198681 -0.00930581 0.01 100 100 0 0 0
4938 -0.127721 -0.00953776 0.01 48 48 0 0 0
4950 -0.127721 -0.00953776 0.01 48 48 0 0 0
4951 -0.19013 -0.00930581 0.01 100 100 0 0 0
4976 -0.19013 -0.00921148 0.01 101 101 0 0 0
5007 -0.145906 -0.00802161 0.01 72 72 0.000211895 0 0.000151011
5016 -0.132629 -0.00972856 0.01 47 47 0 0 0
5017 -0.165984 -0.00907235 0.01 72 72 0 0 0
5023 -0.245255 -0.00902807 0.01 101 101 0 0 0
5040 -0.200044 -0.00930581 0.01 100 100 0 0 0
5050 -0.150709 -0.00958441 0.01 72 72 0 0 0
5056 -0.204609 -0.00930581 0.01 101 101 0 0 0
5084 -0.132629 -0.00972856 0.01 47 47 0 0 0
5102 -0.194262 -0.00930581 0.01 100 100 -0.0291716 0.00441968 0
5113 -0.143182 -0.00953776 0.01 48 48 0 0 0
5120 -0.158902 -0.00953776 0.01 48 48 0 0 0
5153 -0.19013 -0.00930581 0.01 100 100 0 0 0
5158 -0.127721 -0.00953776 0.01 48 48 0 0 0
5185 -0.210786 -0.00930581 0.01 101 101 0 0 0
5190 -0.157831 -0.0091498 0.01 72 72 -0.00197361 0.0129386 0
5208 -0.19013 -0.00921148 0.01 101 101 0 0 0
5254 -0.166048 -0.00913357 0.01 72 73 0 0 0
5261 -0.165852 -0.00907235 0.01 72 72 0 0 0
5266 -0.158902 -0.00953776 0.01 47 47 0 0 0
5273 -0.216471 -0.00930581 0.01 101 101 0 0 0
5280 -0.190426 -0.00930581 0.01 100 100 0 0 0
5283 -0.19013 -0.00908394 0.01 100 100 0 0 0
5284 -0.210786 -0.00930581 0.01 100 100 0 0 0
5296 -0.210786 -0.00930581 0.01 100 100 0 0 0
5302 -0.210786 -0.00930581 0.01 101 101 0 0 0
5317 -0.149713 -0.00893767 0.01 72 72 0 0 0
5322 -0.164427 -0.00953776 0.01 48 48 0 0 0
5339 -0.210786 -0.00930581 0.01 102 102 0 0 0
5343 -0.155845 -0.00931012 0.01 72 72 0 0 0
5354 -0.210786 -0.00930581 0.01 102 102 0 0 0
5373 -0.179742 -0.00872158 0.01 72 72 0 0 0
5375 -0.211966 -0.00926582 0.01 100 100 0 0 0
5387 -0.19013 -0.00921148 0.01 101 101 0 0 0
5390 -0.19013 -0.00921148 0.01 101 101 0 0 0
5404 -0.210786 -0.00930581 0.01 102 102 0 0 0
5426 -0.147642 -0.00953079 0.01 48 48 0 0 0
5465 -0.127721 -0.00953776 0.01 48 48 0 0 0
5471 -0.127721 -0.00953776 0.01 48 49 0 0 0
5497 -0.134996 -0.00934872 0.01 48 48 0 0 0
5506 -0.141106 -0.00884757 0.01 72 72 0 0 0
5521 -0.134996 -0.00934872 0.01 48 48 0 0 0
5523 -0.164427 -0.00953776 0.01 47 47 0 0 0
5566 -0.217713 -0.00954825 0.01 102 102 0 0 0
5598 -0.19013 -0.00921148 0.01 101 101 0 0 0
5607 -0.158902 -0.00953776 0.01 48 48 0 0 0
5623 -0.210786 -0.00930581 0.01 101 101 0 0 0
5659 -0.127721 -0.00953776 0.01 48 48 0 0 0
5698 -0.137755 -0.00953776 0.01 46 46 1.31652e-05 -0.0100346 0
5710 -0.150709 -0.00958441 0.01 72 73 0 0 0
5719 -0.164427 -0.00953776 0.01 48 48 0 0 0
5747 -0.233896 -0.00902807 0.01 101 101 0 0 0
5748 -0.158902 -0.00953066 0.01 48 48 0 0 0
5803 -0.19013 -0.00930581 0.01 100 100 0 0 0
5829 -0.147525 -0.0090996 0.01 72 72 0 0 0
5851 -0.158902 -0.00957084 0.01 47 48 1.71363e-07 0 -4.01856e-05
5888 -0.165852 -0.00907235 0.01 72 71 0 0 0
5893 -0.143182 -0.00953776 0.01 48 48 0 0 0
5900 -0.233896 -0.00902807 0.01 101 101 0 0 0
5947 -0.148658 -0.0092486 0.01 72 72 0 0 0
5953 -0.158902 -0.00953776 0.01 48 48 0 0 0
5994 -0.210786 -0.00954825 0.01 102 102 0 0 0
5996 -0.127721 -0.00953776 0.01 47 47 0 0 0
6028 -0.153678 -0.00918608 0.01 72 72 0 0 0
6051 -0.165984 -0.00907235 0.01 72 72 0 0 0
6069 -0.132683 -0.00953776 0.01 48 48 0 0 0
6082 -0.205758 -0.00930581 0.01 100 100 0 0 0
6086 -0.143182 -0.00953776 0.01 48 48 0 0 0
6099 -0.138134 -0.00953776 0.01 47 47 1.73151e-05 -0.0104135 0
6122 -0.127721 -0.00953776 0.01 47 47 0 0 0
6123 -0.210786 -0.00930581 0.01 102 102 0 0 0
6144 -0.19013 -0.00930581 0.01 100 100 0 0 0
6168 -0.132629 -0.00953776 0.01 48 48 0 0 0
6245 -0.202928 -0.00930581 0.01 102 100 0 0 0
6246 -0.158902 -0.00953776 0.01 48 48 0 0 0
6269 -0.189039 -0.00918781 0.01 72 71 0 0 0
6275 -0.150709 -0.00958441 0.01 72 72 0 0 0
6291 -0.200044 -0.00913201 0.01 100 100 -0.0229663 0 -0.00018913
6296 -0.200044 -0.00930581 0.01 100 100 0 0 0
6306 -0.148249 -0.00817262 0.01 72 72 0 0 0
6316 -0.206992 -0.00930581 0.01 100 100 0 0 0
6327 -0.19013 -0.00916519 0.01 101 101 0 0 0
6347 -0.2015 -0.00930581 0.01 101 101 0 0 0
6352 -0.19013 -0.00930581 0.01 100 100 0 0 0
6364 -0.199639 -0.00930581 0.01 100 100 0 0 0
6381 -0.158902 -0.00953776 0.01 47 47 0 0 0
6404 -0.159113 -0.00819769 0.01 72 72 0 0 0
6409 -0.158902 -0.00953776 0.01 48 49 0 0 0
6431 -0.145935 -0.00933813 0.01 72 72 0 0 0
6433 -0.163049 -0.00953079 0.01 48 48 0 0 0
6442 -0.172669 -0.00839402 0.01 72 72 0 0 0
6454 -0.127721 -0.00969549 0.01 48 48 0 0 0
6467 -0.148658 -0.0092486 0.01 72 72 0 0 0
6476 -0.19013 -0.00926632 0.01 101 101 0 0 0
6499 -0.200044 -0.00930581 0.01 100 100 0 0 0
6504 -0.132629 -0.00953776 0.01 47 47 0 0 0
6509 -0.14477 -0.00916463 0.01 72 72 0 0 0
6531 -0.211966 -0.00926582 0.01 100 100 0 0 0
6624 -0.14477 -0.00916463 0.01 72 72 0 0 0
6633 -0.199639 -0.00930581 0.01 100 100 0 0 0
6657 -0.204609 -0.00930581 0.01 101 101 0 0 0
6663 -0.210786 -0.00954825 0.01 102 102 0 0 0
6677 -0.198681 -0.00930581 0.01 101 101 0 0 0
6685 -0.19013 -0.00930581 0.01 100 100 0 0 0
6693 -0.204609 -0.00930581 0.01 101 101 0 0 0
6694 -0.171204 -0.00945134 0.01 72 72 0 0 0
6706 -0.210786 -0.00930581 0.01 101 101 0 0 0
6725 -0.144504 -0.00878699 0.01 72 72 0 0 0
6734 -0.143481 -0.00821146 0.01 72 72 0 0 0
6783 -0.211966 -0.00926582 0.01 100 100 0 0 0
6794 -0.166048 -0.00929225 0.01 72 72 0 0 0
6812 -0.132683 -0.00953776 0.01 48 49 0 0 0
6832 -0.19013 -0.00921148 0.01 101 101 0 0 0
6834 -0.204609 -0.00930581 0.01 101 101 0 0 0
6837 -0.200044 -0.00930581 0.01 100 100 0 0 0
6865 -0.127721 -0.00953776 0.01 47 48 0 0 0
6870 -0.158902 -0.00953776 0.01 48 48 0 0 0
6897 -0.137533 -0.00882894 0.01 72 72 0 0 0
6918 -0.19013 -0.00921148 0.01 100 100 0 0 0
6922 -0.19013 -0.00921148 0.01 101 101 0 0 0
6928 -0.163049 -0.00953079 0.01 48 48 0 0 0
6962 -0.19013 -0.00908394 0.01 101 100 0 0 0
6971 -0.127721 -0.0100058 0.01 48 48 0 0 0
6996 -0.210786 -0.00930581 0.01 100 100 0 0 0
7002 -0.210786 -0.00954825 0.01 102 102 0 0 0
7025 -0.210786 -0.00930581 0.01 101 101 0 0 0
7026 -0.176435 -0.00870415 0.01 72 72 0 0 0
7049 -0.19013 -0.00916519 0.01 101 101 0 0 0
7052 -0.216783 -0.00922373 0.01 101 101 0 0 0
7053 -0.198681 -0.00930581 0.01 101 101 0 0 0
7068 -0.127721 -0.00953776 0.01 48 48 0 0 0
7076 -0.147642 -0.00953079 0.01 48 48 0 0 0
7079 -0.200044 -0.00930581 0.01 100 100 0 0 0
7082 -0.158902 -0.00953066 0.01 48 48 0 0 0
7123 -0.210786 -0.00930581 0.01 102 102 0 0 0
7139 -0.19013 -0.00930581 0.01 100 100 0 0 0
7142 -0.210786 -0.00954825 0.01 102 102 0 0 0
7149 -0.127721 -0.00953776 0.01 48 48 0 0 0
7153 -0.198681 -0.00930581 0.01 100 100 0 0 0
7157 -0.158068 -0.00926412 0.01 72 72 0 0 0
7170 -0.165757 -0.00898516 0.01 72 72 0 0 0
7177 -0.180852 -0.00982723 0.01 72 72 -0.00013563 0 -0.000242827
7180 -0.158101 -0.00916463 0.01 72 71 0 0 0
7217 -0.130341 -0.00894244 0.01 72 72 0 0 0
7230 -0.176435 -0.00891321 0.01 72 72 0 0 0
7243 -0.199639 -0.00930581 0.01 100 100 0 0 0
7259 -0.132683 -0.00953776 0.01 48 48 0 0 0
7264 -0.210786 -0.00930581 0.01 102 102 0 0 0
7297 -0.145935 -0.00933813 0.01 72 72 0 0 0
7305 -0.141183 -0.00881734 0.01 72 72 0 0 0
7308 -0.19013 -0.00933744 0.01 100 100 0 0 0
7311 -0.127721 -0.00953776 0.01 48 48 0 0 0
7319 -0.164427 -0.00948567 0.01 48 49 0 0 0
7326 -0.159822 -0.00953079 0.01 48 50 0 0 0
7351 -0.127721 -0.00953776 0.01 48 48 0 0 0
7357 -0.200044 -0.00930581 0.01 101 101 0 0 0
7366 -0.150709 -0.00958441 0.01 72 72 0 0 0
7372 -0.155168 -0.00913192 0.01 72 73 0 0 0
7374 -0.19013 -0.00921148 0.01 101 101 0 0 0
7390 -0.148658 -0.0092486 0.01 72 72 0 0 0
7393 -0.143182 -0.00953776 0.01 48 48 0 0 0
7399 -0.2015 -0.00930581 0.01 101 101 0 0 0
7400 -0.165757 -0.00929716 0.01 72 72 0 0 0
7414 -0.165757 -0.00898516 0.01 72 72 0 0 0
7420 -0.203281 -0.00921148 0.01 101 101 0 0 0
7438 -0.227622 -0.00930581 0.01 100 100 0 0 0
7455 -0.127721 -0.00953776 0.01 48 49 0 0 0
7459 -0.19013 -0.00921148 0.01 101 101 0 0 0
7475 -0.192594 -0.00918781 0.01 72 72 0 0 0
7511 -0.200044 -0.00930581 0.01 100 100 0 0 0
7533 -0.210786 -0.00990044 0.01 102 102 -0.0534712 0 -0.000352192
7551 -0.146149 -0.00897196 0.01 72 72 0 0 0
7563 -0.150709 -0.00958441 0.01 72 72 0 0 0
7583 -0.132253 -0.00905563 0.01 72 72 0 0 0
7608 -0.138134 -0.00953776 0.01 47 47 0 0 0
7618 -0.158902 -0.00953776 0.01 47 47 0 0 0
7627 -0.158068 -0.00926412 0.01 72 72 0 0 0
7635 -0.164427 -0.00953776 0.01 47 47 0 0 0
7656 -0.175318 -0.00908596 0.01 72 71 0 0 0
7662 -0.19013 -0.00921148 0.01 100 100 0 0 0
7668 -0.127721 -0.00953776 0.01 48 48 0 0 0
7705 -0.163143 -0.00953776 0.01 47 47 0 0 0
7741 -0.17077 -0.0091498 0.01 72 72 0 0 0
7768 -0.210786 -0.00940248 0.01 102 102 0 0 0
7789 -0.210786 -0.00954825 0.01 102 102 0 0 0
7813 -0.130341 -0.0091201 0.01 72 72 0 0 0
7820 -0.19977 -0.00930581 0.01 101 101 0 0 0
7837 -0.19013 -0.00930581 0.01 100 100 0 0 0
7838 -0.127721 -0.00953776 0.01 48 48 0 0 0
7839 -0.158902 -0.00953066 0.01 48 48 0 0 0
7846 -0.125466 -0.00953776 0.01 47 47 0 0 0
7866 -0.127721 -0.00953776 0.01 47 47 0 0 0
7891 -0.127721 -0.00969549 0.01 48 48 0 0 0
7905 -0.127721 -0.00969549 0.01 48 48 0 0 0
7915 -0.137533 -0.00882894 0.01 72 72 0 0 0
7935 -0.127721 -0.00953776 0.01 48 48 0 0 0
7945 -0.191596 -0.00894633 0.01 72 72 0 0 0
7951 -0.210786 -0.00954825 0.01 102 102 0 0 0
7952 -0.21912 -0.00930581 0.01 101 101 0 0 0
7958 -0.19013 -0.00930581 0.01 100 100 0 0 0
7998 -0.163049 -0.00953079 0.01 47 48 0 0 0
7999 -0.210786 -0.00930581 0.01 101 101 0 0 0
8010 -0.19013 -0.00921148 0.01 101 101 0 0 0
8076 -0.164427 -0.00956974 0.01 47 47 0 0 0
8091 -0.171204 -0.00945134 0.01 72 72 0 0 0
8096 -0.127721 -0.00953776 0.01 48 48 0 0 0
8104 -0.198681 -0.00930581 0.01 100 100 0 0 0
8108 -0.170168 -0.00941255 0.01 72 72 0 0 0
8120 -0.176435 -0.00870415 0.01 72 72 0 0 0
8144 -0.147256 -0.00900998 0.01 72 72 0 0 0
8160 -0.164789 -0.00934381 0.01 72 72 0 0 0
8168 -0.19013 -0.00930581 0.01 101 100 0 0 0
8171 -0.164427 -0.00953776 0.01 47 48 0 0 0
8172 -0.130341 -0.00894244 0.01 72 72 0 0 0
8191 -0.127721 -0.00953776 0.01 47 47 0 0 0
8205 -0.141183 -0.00881734 0.01 72 73 0 0 0
8206 -0.164427 -0.00953776 0.01 47 47 0 0 0
8219 -0.164427 -0.00953776 0.01 47 47 0 0 0
8220 -0.164427 -0.00946805 0.01 48 50 0 0 0
8221 -0.143182 -0.00953776 0.01 48 48 0 0 0
8234 -0.165984 -0.00907235 0.01 72 72 0 0 0
8235 -0.210786 -0.00954825 0.01 102 102 0 0 0
8256 -0.158902 -0.00953776 0.01 46 46 0 0 0
8270 -0.127721 -0.00953776 0.01 48 48 0 0 0
8286 -0.210786 -0.00954825 0.01 102 102 0 0 0
8295 -0.141106 -0.00884757 0.01 72 71 0 0 0
8302 -0.158902 -0.00953066 0.01 47 48 0 0 0
8314 -0.19013 -0.00921148 0.01 101 101 0 0 0
8328 -0.162501 -0.00845177 0.01 72 72 0 0 0
8374 -0.158902 -0.00953776 0.01 47 47 0 0 0
8385 -0.210786 -0.00930581 0.01 101 101 0 0 0
8406 -0.194939 -0.00930581 0.01 100 100 -0.0334463 0.00510414 0
8409 -0.19013 -0.00921148 0.01 101 101 0 0 0
8416 -0.210786 -0.00930581 0.01 101 101 0 0 0
8420 -0.136843 -0.00953776 0.01 48 48 1.97664e-05 -0.00912246 0
8428 -0.210786 -0.00930581 0.01 101 101 0 0 0
8431 -0.200044 -0.00930581 0.01 100 100 0 0 0
8444 -0.198681 -0.00930581 0.01 101 101 0 0 0
8445 -0.19013 -0.00930581 0.01 100 100 0 0 0
8448 -0.216783 -0.00902807 0.01 102 102 0 0 0
8459 -0.19013 -0.00938837 0.01 100 99 -0.0104069 0 -8.25664e-05
8471 -0.134917 -0.00968861 0.01 48 50 0 0 0
8484 -0.136843 -0.00953776 0.01 48 48 0 0 0
8489 -0.137533 -0.00882894 0.01 72 72 0 0 0
8508 -0.141974 -0.00785707 0.01 72 72 0 0 0
8520 -0.158902 -0.00953776 0.01 48 48 0 0 0
8521 -0.210786 -0.00983739 0.01 102 102 -0.0437906 0 -0.00028914
8523 -0.200044 -0.00909566 0.01 101 100 0.0264554 0 0.000210149
8527 -0.158902 -0.00953776 0.01 48 49 0 0 0
8536 -0.147642 -0.00953079 0.01 48 48 0 0 0
8549 -0.19013 -0.00933744 0.01 100 100 0 0 0
8550 -0.200951 -0.00930581 0.01 100 100 0 0 0
8574 -0.19013 -0.00926632 0.01 101 101 0 0 0
8616 -0.227622 -0.00930581 0.01 101 101 0 0 0
8645 -0.127721 -0.00953776 0.01 48 48 0 0 0
8656 -0.145906 -0.00834768 0.01 72 72 -0.000254333 0 -0.000175057
8659 -0.21912 -0.00930581 0.01 101 101 0 0 0
8661 -0.210786 -0.00930581 0.01 101 101 0 0 0
8677 -0.132683 -0.00953776 0.01 48 48 0 0 0
8683 -0.210786 -0.00954825 0.01 102 102 0 0 0
8699 -0.164427 -0.00953776 0.01 48 48 0 0 0
8708 -0.19013 -0.00930581 0.01 100 100 0 0 0
8721 -0.199639 -0.00930581 0.01 101 100 0 0 0
8733 -0.158902 -0.00953066 0.01 48 48 0 0 0
8755 -0.174601 -0.00830964 0.01 72 72 0 0 0
8763 -0.19013 -0.00930581 0.01 100 100 0 0 0
8792 -0.164427 -0.00953776 0.01 48 48 0 0 0
8794 -0.127721 -0.00953776 0.01 48 48 0 0 0
8809 -0.132629 -0.00953776 0.01 48 49 0 0 0
8833 -0.171769 -0.00877733 0.01 72 72 0 0 0
8840 -0.21912 -0.00930581 0.01 101 101 0 0 0
8858 -0.224508 -0.00930581 0.01 100 100 0.00957221 -0.00213344 0
8865 -0.171204 -0.00945134 0.01 72 73 0 0 0
8886 -0.19013 -0.00919428 0.01 100 100 0 0 0
8902 -0.145603 -0.00953079 0.01 48 49 0 0 0
8908 -0.19013 -0.00930581 0.01 100 100 0 0 0
8915 -0.147642 -0.00953079 0.01 48 48 0 0 0
8933 -0.216471 -0.00930581 0.01 101 101 0 0 0
9007 -0.145603 -0.00953079 0.01 48 48 0 0 0
9021 -0.174601 -0.00830964 0.01 72 72 0 0 0
9026 -0.175999 -0.00910768 0.01 72 73 0 0 0
9030 -0.134917 -0.00968861 0.01 48 48 0 0 0
9071 -0.200044 -0.00930581 0.01 101 101 0 0 0
9074 -0.19013 -0.00921148 0.01 101 101 0 0 0
9106 -0.176435 -0.00891321 0.01 72 72 0 0 0
9111 -0.216783 -0.00930581 0.01 101 101 0 0 0
9151 -0.176435 -0.00870415 0.01 72 72 0 0 0
9172 -0.198681 -0.00930581 0.01 100 100 0 0 0
9193 -0.180852 -0.00982723 0.01 72 72 0 0 0
9194 -0.140969 -0.00931568 0.01 72 72 0 0 0
9215 -0.204609 -0.00930581 0.01 101 101 0 0 0
9232 -0.145935 -0.00933813 0.01 72 72 0 0 0
9234 -0.210786 -0.00930581 0.01 102 102 0 0 0
9270 -0.143481 -0.00821146 0.01 72 72 0 0 0
9274 -0.158902 -0.00953776 0.01 47 47 0 0 0
9308 -0.133185 -0.00894244 0.01 72 72 0 0 0
9333 -0.19013 -0.00941931 0.01 100 100 0 0 0
9336 -0.19013 -0.00930581 0.01 100 100 0 0 0
9354 -0.143481 -0.00821146 0.01 72 72 0 0 0
9363 -0.158902 -0.00953776 0.01 47 47 0 0 0
9367 -0.163143 -0.00953776 0.01 47 47 0 0 0
9376 -0.164427 -0.00953776 0.01 47 47 0 0 0
9383 -0.158902 -0.00953066 0.01 48 48 0 0 0
9397 -0.210786 -0.00954825 0.01 102 102 0 0 0
9404 -0.147256 -0.00900998 0.01 72 72 0 0 0
9405 -0.17077 -0.0091498 0.01 72 72 0 0 0
9412 -0.210786 -0.00930581 0.01 101 101 0 0 0
9413 -0.134996 -0.00934872 0.01 47 48 0 0 0
9442 -0.210786 -0.00930581 0.01 102 102 0 0 0
9451 -0.146149 -0.00915089 0.01 72 72 0 0 0
9483 -0.19013 -0.00916519 0.01 101 101 0 0 0
9505 -0.170921 -0.0092486 0.01 72 72 0 0 0
9514 -0.158902 -0.00953776 0.01 47 48 0 0 0
9536 -0.164427 -0.00953776 0.01 48 48 0 0 0
9537 -0.19013 -0.00930581 0.01 100 100 0 0 0
9550 -0.19013 -0.00930581 0.01 100 100 0 0 0
9560 -0.132629 -0.00953776 0.01 48 48 0 0 0
9568 -0.141106 -0.00884757 0.01 72 72 0 0 0
9605 -0.200044 -0.00891459 0.01 101 101 0.0243639 0 0.000181067
9627 -0.19013 -0.00930581 0.01 100 100 0 0 0
9631 -0.146149 -0.00915089 0.01 72 72 0 0 0
9644 -0.221954 -0.00872447 0.01 72 72 0 0 0
9645 -0.158902 -0.00953776 0.01 48 48 0 0 0
9647 -0.132683 -0.00953776 0.01 48 48 0 0 0
9685 -0.127721 -0.00953776 0.01 46 47 0 0 0
9704 -0.19013 -0.00926632 0.01 101 101 0 0 0
9722 -0.132683 -0.00953776 0.01 47 48 0 0 0
9765 -0.145906 -0.00817262 0.01 72 72 0 0 0
9772 -0.153459 -0.00979974 0.01 72 72 0 0 0
9784 -0.158902 -0.00953776 0.01 47 47 0 0 0
9797 -0.176435 -0.00870415 0.01 72 72 0 0 0
9846 -0.210786 -0.00954825 0.01 102 102 0 0 0
9847 -0.174895 -0.00929225 0.01 72 72 0 0 0
9853 -0.200044 -0.00894288 0.01 100 100 0 0 0
9868 -0.210786 -0.00930581 0.01 102 102 0 0 0
9891 -0.204609 -0.00930581 0.01 101 101 0 0 0
9905 -0.210786 -0.00930581 0.01 100 100 0 0 0
9907 -0.210786 -0.00930581 0.01 101 101 0 0 0
9933 -0.132683 -0.00953776 0.01 48 48 0 0 0
9945 -0.179295 -0.00828862 0.01 72 72 0 0 0
9958 -0.159113 -0.00819769 0.01 72 72 0 0 0
9967 -0.165984 -0.00907235 0.01 72 72 0 0 0
9990 -0.158902 -0.00953776 0.01 48 49 0 0 0
10004 -0.19013 -0.00921148 0.01 101 101 0 0 0
10019 -0.127721 -0.00953776 0.01 48 48 0 0 0
10020 -0.127721 -0.00953776 0.01 48 48 0 0 0
10027 -0.143481 -0.00821146 0.01 72 72 0 0 0
10063 -0.154469 -0.00809495 0.01 72 72 0 0 0
10074 -0.158902 -0.00953776 0.01 47 47 0 0 0
10112 -0.136843 -0.00953776 0.01 48 48 0 0 0
10171 -0.15108 -0.00845177 0.01 72 72 0 0 0
10194 -0.19013 -0.00921148 0.01 101 101 0 0 0
10202 -0.190426 -0.00930581 0.01 100 100 0 0 0
10208 -0.210786 -0.00954825 0.01 102 102 0 0 0
10218 -0.19013 -0.00908689 0.01 100 100 0 0 0
10221 -0.210786 -0.00940248 0.01 102 102 0.0214882 0 0.000145765
10227 -0.150073 -0.00892637 0.01 72 72 0 0 0
10228 -0.19013 -0.00930581 0.01 100 100 0 0 0
10231 -0.210786 -0.00930581 0.01 102 102 0 0 0
10243 -0.127721 -0.00953776 0.01 48 48 0 0 0
10249 -0.19013 -0.00930581 0.01 100 100 0 0 0
10254 -0.127721 -0.00953776 0.01 48 48 0 0 0
10262 -0.202928 -0.00930581 0.01 100 100 0 0 0
10267 -0.174895 -0.00929225 0.01 72 71 0 0 0
10293 -0.158902 -0.00953776 0.01 47 47 0 0 0
10302 -0.19013 -0.00930581 0.01 100 100 0 0 0
10315 -0.158902 -0.00953776 0.01 48 48 0 0 0
10317 -0.145935 -0.00933813 0.01 72 72 0 0 0
10345 -0.174601 -0.00830964 0.01 72 72 0 0 0
10369 -0.127721 -0.00953776 0.01 48 48 0 0 0
10373 -0.143182 -0.00953776 0.01 48 48 0 0 0
10382 -0.158902 -0.00953776 0.01 47 48 0 0 0
10422 -0.19013 -0.00921148 0.01 101 101 0 0 0
10457 -0.135362 -0.00854283 0.01 72 72 0 0 0
10468 -0.158902 -0.00953776 0.01 48 48 0 0 0
10481 -0.210786 -0.00930581 0.01 102 102 0 0 0
10486 -0.14477 -0.00916463 0.01 72 72 0 0 0
10495 -0.158902 -0.00953776 0.01 47 47 0 0 0
10538 -0.210786 -0.00930581 0.01 102 102 0 0 0
10549 -0.158902 -0.00953776 0.01 47 47 0 0 0
10576 -0.164427 -0.00953776 0.01 47 48 0 0 0
10581 -0.150073 -0.00892637 0.01 72 72 0 0 0
10585 -0.210786 -0.00954825 0.01 102 102 0 0 0
10599 -0.130341 -0.00894244 0.01 72 72 0 0 0
10600 -0.143182 -0.00941899 0.01 48 48 0 0 0
10611 -0.216783 -0.00930581 0.01 101 101 0 0 0
10634 -0.19013 -0.00930581 0.01 100 100 0 0 0
10638 -0.179295 -0.00828862 0.01 72 72 0 0 0
10640 -0.145603 -0.00953079 0.01 48 48 0 0 0
10644 -0.2015 -0.00930581 0.01 101 101 0 0 0
10653 -0.145906 -0.00817262 0.01 72 72 0 0 0
10661 -0.19013 -0.00921148 0.01 101 101 0 0 0
10677 -0.210786 -0.00930581 0.01 102 102 0 0 0
10701 -0.158902 -0.00953776 0.01 48 48 0 0 0
10703 -0.158902 -0.0092257 0.01 48 48 -8.04663e-07 0 0.000167783
10711 -0.132629 -0.00953776 0.01 48 48 0 0 0
10720 -0.127721 -0.00953776 0.01 47 47 0 0 0
10721 -0.143481 -0.00821146 0.01 72 72 0 0 0
10745 -0.200951 -0.00923883 0.01 100 99 0 0 0
10746 -0.127721 -0.00953776 0.01 46 46 0 0 0
10798 -0.158902 -0.00953776 0.01 48 48 0 0 0
10819 -0.127721 -0.00969549 0.01 48 48 0 0 0
10829 -0.198681 -0.00930581 0.01 101 101 0 0 0
10834 -0.210786 -0.00954825 0.01 102 102 0 0 0
10843 -0.199639 -0.00946821 0.01 100 100 -0.0212087 0 -0.0001624
10844 -0.137507 -0.00847365 0.01 72 72 -0.0026703 0.00916559 0
10846 -0.164427 -0.00953776 0.01 48 48 0 0 0
10856 -0.132629 -0.00953776 0.01 48 48 0 0 0
10867 -0.204609 -0.00930581 0.01 101 101 0 0 0
10872 -0.164427 -0.00946805 0.01 48 48 0 0 0
10909 -0.165757 -0.00929225 0.01 72 71 0 0 0
10919 -0.132629 -0.00953776 0.01 47 47 0 0 0
10924 -0.160969 -0.00878699 0.01 72 71 0.0018094 -0.0113794 0
10937 -0.127721 -0.00963626 0.01 47 47 0 0 0
10944 -0.127721 -0.00953776 0.01 48 48 0 0 0
10946 -0.174601 -0.00830964 0.01 72 72 0 0 0
10951 -0.19013 -0.00908689 0.01 100 100 0 0 0
10963 -0.165984 -0.00907235 0.01 72 72 0 0 0
10973 -0.158902 -0.00953066 0.01 48 48 0 0 0
11005 -0.164427 -0.00946805 0.01 48 48 0 0 0
11006 -0.158902 -0.00953776 0.01 48 48 0 0 0
11022 -0.19013 -0.00930581 0.01 100 100 0 0 0
11086 -0.127721 -0.00953776 0.01 47 47 0 0 0
11124 -0.19013 -0.00930581 0.01 100 100 0 0 0
11128 -0.205758 -0.00930581 0.01 100 100 0 0 0
11157 -0.19013 -0.00916519 0.01 101 101 0 0 0
11160 -0.127721 -0.00953776 0.01 47 47 0 0 0
11164 -0.158902 -0.00953776 0.01 47 47 0 0 0
11186 -0.21912 -0.00930581 0.01 101 101 0 0 0
11193 -0.132629 -0.00972856 0.01 47 47 0 0 0
11231 -0.158902 -0.00953776 0.01 48 48 0 0 0
11246 -0.179295 -0.00878719 0.01 72 72 0 0 0
11249 -0.148658 -0.0092486 0.01 72 71 0 0 0
11286 -0.132683 -0.00953776 0.01 48 48 0 0 0
11315 -0.199639 -0.00930581 0.01 100 100 0 0 0
11324 -0.206992 -0.00930581 0.01 100 100 0 0 0
11335 -0.19013 -0.00921148 0.01 101 101 0 0 0
11342 -0.127721 -0.00953776 0.01 47 47 0 0 0
11375 -0.210786 -0.00930581 0.01 102 102 0 0 0
11376 -0.164427 -0.00953776 0.01 48 48 0 0 0
11388 -0.19977 -0.00930581 0.01 101 101 0 0 0
11411 -0.204609 -0.00930581 0.01 101 101 0 0 0
11415 -0.158902 -0.00953776 0.01 47 47 0 0 0
11426 -0.132531 -0.00953776 0.01 48 48 -2.01166e-07 9.79006e-05 0
11438 -0.147256 -0.00900998 0.01 72 72 0 0 0
11447 -0.203281 -0.00921148 0.01 101 101 0 0 0
11449 -0.233896 -0.00902807 0.01 101 101 0 0 0
11471 -0.150709 -0.00958441 0.01 72 72 0 0 0
11489 -0.137533 -0.00882894 0.01 72 73 0 0 0
11491 -0.192594 -0.00918781 0.01 72 72 0 0 0
11514 -0.19013 -0.00921148 0.01 101 101 0 0 0
11521 -0.19013 -0.00924658 0.01 100 101 0 0 0
11535 -0.158902 -0.00957084 0.01 47 47 0 0 0
11562 -0.198681 -0.00930581 0.01 101 100 0 0 0
11569 -0.143182 -0.00953776 0.01 48 48 0 0 0
11579 -0.133837 -0.00953776 0.01 47 47 1.10194e-05 -0.00611575 0
11597 -0.143182 -0.00953776 0.01 48 48 0 0 0
11598 -0.19013 -0.00930581 0.01 100 100 0 0 0
11604 -0.127721 -0.00963626 0.01 47 47 0 0 0
11620 -0.127721 -0.00953776 0.01 48 48 0 0 0
11628 -0.163049 -0.00953079 0.01 48 49 0 0 0
11630 -0.19013 -0.00930581 0.01 100 99 0 0 0
11637 -0.204609 -0.00930581 0.01 101 101 0 0 0
11642 -0.200044 -0.00891459 0.01 101 101 0 0 0
11667 -0.158902 -0.00953776 0.01 48 48 0 0 0
11706 -0.161304 -0.00953776 0.01 48 48 0 0 0
11733 -0.158902 -0.00953776 0.01 48 49 0 0 0
11746 -0.145603 -0.00953079 0.01 48 48 0 0 0
11759 -0.132683 -0.00953776 0.01 47 47 0 0 0
11775 -0.19013 -0.00919428 0.01 100 100 0 0 0
11789 -0.153678 -0.00918608 0.01 72 72 0 0 0
11792 -0.210786 -0.00930581 0.01 102 102 0 0 0
11795 -0.233896 -0.00902807 0.01 101 101 0 0 0
11797 -0.158902 -0.00953776 0.01 47 47 0 0 0
11804 -0.150709 -0.00958441 0.01 72 72 0 0 0
11818 -0.216783 -0.00902807 0.01 102 102 0 0 0
11848 -0.158902 -0.00953066 0.01 48 48 0 0 0
11850 -0.212998 -0.00954825 0.01 102 102 0.0155767 -0.00221178 0
11858 -0.167845 -0.00958441 0.01 72 73 0 0 0
11862 -0.19013 -0.00930581 0.01 100 100 0 0 0
11873 -0.216783 -0.00902807 0.01 101 101 0 0 0
11877 -0.130341 -0.00944692 0.01 72 71 0 0 0
11883 -0.127721 -0.00953776 0.01 48 48 0 0 0
11889 -0.125466 -0.00953776 0.01 47 47 0 0 0
11890 -0.175999 -0.00910768 0.01 72 72 0 0 0
11896 -0.137507 -0.00847365 0.01 72 72 0 0 0
11903 -0.162501 -0.00845177 0.01 72 72 0 0 0
11904 -0.158902 -0.00953776 0.01 48 48 0 0 0
11906 -0.158902 -0.00961495 0.01 48 48 3.35276e-07 0 -7.71992e-05
11907 -0.163049 -0.00953079 0.01 48 48 0 0 0
11908 -0.210786 -0.00930581 0.01 102 102 0 0 0
11931 -0.233896 -0.00902807 0.01 101 101 0 0 0
11942 -0.210786 -0.00930581 0.01 101 101 0 0 0
11944 -0.210786 -0.00930581 0.01 101 101 0 0 0
11945 -0.157831 -0.0091498 0.01 72 72 0 0 0
11965 -0.158902 -0.00953776 0.01 47 47 0 0 0
11978 -0.200044 -0.00930581 0.01 100 100 0 0 0
11987 -0.158902 -0.00953066 0.01 48 48 0 0 0
11993 -0.156501 -0.00953776 0.01 48 48 -3.7998e-07 0.000447124 0
12023 -0.134917 -0.00968861 0.01 48 50 0 0 0
12043 -0.199639 -0.00930581 0.01 100 100 0 0 0
12067 -0.164427 -0.00953776 0.01 47 47 0 0 0
12078 -0.158902 -0.00953776 0.01 47 47 0 0 0
12082 -0.21912 -0.00930581 0.01 101 101 0 0 0
12088 -0.127721 -0.00953776 0.01 46 48 0 0 0
12089 -0.192594 -0.00918781 0.01 72 72 0 0 0
12103 -0.158902 -0.00953066 0.01 48 48 0 0 0
12112 -0.208926 -0.00930581 0.01 102 102 0.0733414 -0.010245 0
12128 -0.173831 -0.00879346 0.01 72 72 0 0 0
12145 -0.211966 -0.00926582 0.01 100 100 0 0 0
12161 -0.19013 -0.00930581 0.01 100 100 0 0 0
12168 -0.172022 -0.00817813 0.01 72 73 0 0 0
12173 -0.158902 -0.00953776 0.01 47 47 0 0 0
12174 -0.210786 -0.00954825 0.01 102 102 0 0 0
12184 -0.164427 -0.00953776 0.01 47 48 0 0 0
12187 -0.158902 -0.00953776 0.01 48 48 0 0 0
12191 -0.155845 -0.00931012 0.01 72 72 0 0 0
12228 -0.2015 -0.00930581 0.01 101 100 0 0 0
12236 -0.158902 -0.00953776 0.01 48 49 0 0 0
12250 -0.14477 -0.00916463 0.01 72 72 0 0 0
12251 -0.216783 -0.00930581 0.01 101 101 0 0 0
12289 -0.143481 -0.00821146 0.01 72 72 0 0 0
12291 -0.19013 -0.00921148 0.01 101 101 0 0 0
12322 -0.205758 -0.00958526 0.01 100 100 -0.0348741 0 -0.000279452
12350 -0.164427 -0.00953776 0.01 48 48 0 0 0
12366 -0.158902 -0.00953776 0.01 47 47 0 0 0
12375 -0.205758 -0.00930581 0.01 100 100 0 0 0
12381 -0.216427 -0.00915044 0.01 72 72 0 0 0
12407 -0.199639 -0.00930581 0.01 100 100 0 0 0
12411 -0.158902 -0.00953776 0.01 48 48 0 0 0
12416 -0.127721 -0.00953776 0.01 48 48 0 0 0
12420 -0.204609 -0.00930581 0.01 101 101 0 0 0
12431 -0.210786 -0.00930581 0.01 102 102 0 0 0
12448 -0.147525 -0.0090996 0.01 72 72 0 0 0
12459 -0.157806 -0.00924715 0.01 72 72 0 0 0
12469 -0.199639 -0.00930581 0.01 100 100 0 0 0
12477 -0.19013 -0.00924658 0.01 102 101 0 0 0
12497 -0.162501 -0.00845177 0.01 72 72 0 0 0
12511 -0.222374 -0.00930581 0.01 100 99 0 0 0
12513 -0.158902 -0.00947975 0.01 48 48 0 0 0
12514 -0.164427 -0.00953776 0.01 48 48 0 0 0
12515 -0.210786 -0.00954825 0.01 102 102 0 0 0
12518 -0.128049 -0.00953776 0.01 48 49 0 0 0
12541 -0.165984 -0.00907235 0.01 72 72 0 0 0
12545 -0.211966 -0.00926582 0.01 100 100 0 0 0
12584 -0.174895 -0.00929225 0.01 72 71 0 0 0
12586 -0.192594 -0.00918781 0.01 72 72 0 0 0
12595 -0.210786 -0.00930581 0.01 102 102 0 0 0
12605 -0.14467 -0.00872306 0.01 72 72 0 0 0
12613 -0.19013 -0.00921148 0.01 101 101 0 0 0
12638 -0.141183 -0.00881734 0.01 72 72 0 0 0
12649 -0.19013 -0.00908394 0.01 100 100 0 0 0
12690 -0.127721 -0.00953776 0.01 48 48 0 0 0
12716 -0.155845 -0.00931012 0.01 72 72 0 0 0
12727 -0.19013 -0.00921148 0.01 101 101 0 0 0
12751 -0.127721 -0.00953776 0.01 47 47 0 0 0
12776 -0.164427 -0.00953776 0.01 47 47 0 0 0
12801 -0.137533 -0.00882894 0.01 72 72 0 0 0
12802 -0.164427 -0.00956974 0.01 47 47 0 0 0
12864 -0.216471 -0.00930581 0.01 100 100 0 0 0
12870 -0.19013 -0.00930581 0.01 100 100 0 0 0
12896 -0.158902 -0.00953776 0.01 48 48 0 0 0
12899 -0.127721 -0.00953776 0.01 47 47 0 0 0
12905 -0.19013 -0.00926632 0.01 101 101 0 0 0
12911 -0.200044 -0.00930581 0.01 100 100 0 0 0
12917 -0.210786 -0.00959727 0.01 102 102 0 0 0
12920 -0.132683 -0.00953776 0.01 47 47 0 0 0
12926 -0.216783 -0.00902807 0.01 101 101 0 0 0
12968 -0.200044 -0.00930581 0.01 100 100 0 0 0
12982 -0.158101 -0.00916463 0.01 72 72 0 0 0
13000 -0.158902 -0.00953776 0.01 47 48 0 0 0
13002 -0.141183 -0.00881734 0.01 72 72 0 0 0
13014 -0.162494 -0.00884123 0.01 72 72 0 0 0
13074 -0.198681 -0.00930581 0.01 100 100 0 0 0
13089 -0.158902 -0.00953776 0.01 47 47 0 0 0
13105 -0.148658 -0.0092486 0.01 72 72 0 0 0
13107 -0.217713 -0.00954825 0.01 102 102 0 0 0
13115 -0.161304 -0.00953776 0.01 48 48 0 0 0
13119 -0.158902 -0.00947975 0.01 48 48 -2.38419e-07 0 5.09052e-05
13123 -0.145603 -0.00953079 0.01 48 48 0 0 0
13130 -0.203695 -0.00930581 0.01 102 102 0 0 0
13135 -0.179742 -0.00872158 0.01 72 72 0 0 0
13150 -0.154469 -0.00809495 0.01 72 73 0 0 0
13164 -0.127721 -0.00953776 0.01 48 48 0 0 0
13167 -0.199639 -0.00930581 0.01 100 100 0 0 0
13181 -0.162494 -0.00884123 0.01 72 72 0 0 0
13247 -0.210786 -0.00954825 0.01 102 102 0 0 0
13251 -0.198681 -0.00930581 0.01 101 101 0 0 0
13270 -0.130341 -0.00894244 0.01 72 72 0 0 0
13285 -0.210786 -0.00930581 0.01 100 100 0 0 0
13294 -0.210786 -0.00930581 0.01 102 102 0 0 0
13308 -0.200044 -0.00894288 0.01 100 100 0 0 0
13311 -0.202928 -0.00930581 0.01 100 100 0 0 0
13322 -0.141106 -0.00884757 0.01 72 72 0 0 0
13326 -0.158902 -0.00953066 0.01 47 47 0 0 0
13345 -0.210786 -0.00930581 0.01 101 100 0 0 0
13346 -0.153294 -0.00953776 0.01 48 51 0 0 0
13356 -0.210786 -0.00930581 0.01 100 100 0 0 0
13359 -0.158902 -0.00953066 0.01 48 48 0 0 0
13375 -0.165984 -0.00907235 0.01 72 72 0 0 0
13381 -0.200044 -0.00930581 0.01 101 101 0 0 0
13410 -0.172199 -0.00884458 0.01 72 72 0 0 0
13423 -0.127721 -0.00953776 0.01 48 48 0 0 0
13427 -0.164427 -0.00953776 0.01 47 48 0 0 0
13442 -0.127721 -0.00953776 0.01 47 47 0 0 0
13460 -0.132629 -0.00953776 0.01 47 47 0 0 0
13495 -0.127721 -0.00953776 0.01 47 48 0 0 0
13497 -0.198681 -0.00930581 0.01 100 100 0 0 0
13508 -0.155845 -0.00931012 0.01 72 72 0 0 0
13567 -0.132683 -0.00953776 0.01 48 48 0 0 0
13584 -0.127721 -0.00953776 0.01 47 47 0 0 0
13587 -0.132629 -0.00953776 0.01 47 47 0 0 0
13592 -0.137533 -0.00882894 0.01 72 72 0 0 0
13605 -0.140969 -0.00901266 0.01 72 73 0 0 0
13620 -0.143182 -0.00953776 0.01 48 48 0 0 0
13641 -0.210094 -0.00930581 0.01 101 101 -0.00434226 0.0006928 0
13665 -0.158902 -0.00953776 0.01 47 47 0 0 0
13669 -0.19013 -0.00930581 0.01 100 100 0 0 0
13749 -0.210786 -0.00930581 0.01 102 102 0 0 0
13752 -0.149713 -0.00893767 0.01 72 72 0 0 0
13758 -0.210786 -0.00954825 0.01 102 102 0 0 0
13766 -0.127721 -0.00969549 0.01 48 48 0 0 0
13769 -0.173368 -0.00953066 0.01 48 48 8.41916e-06 -0.0144667 0
13815 -0.192594 -0.00916227 0.01 72 72 8.19564e-06 0 2.55369e-05
13820 -0.204609 -0.00930581 0.01 101 101 0 0 0
13826 -0.145906 -0.0086393 0.01 72 73 0 0 0
13831 -0.165852 -0.00907235 0.01 72 71 0 0 0
13836 -0.191596 -0.00894633 0.01 72 72 0.00025633 -0.00446232 0
13849 -0.15684 -0.00931012 0.01 72 72 0.00231208 -0.00947101 0
13860 -0.145906 -0.00817262 0.01 72 72 0 0 0
13870 -0.176435 -0.00891321 0.01 72 72 0 0 0
13924 -0.200044 -0.00930581 0.01 100 100 0 0 0
13926 -0.200044 -0.00894288 0.01 100 100 0 0 0
13940 -0.19013 -0.00921148 0.01 101 101 0 0 0
14011 -0.127721 -0.00953776 0.01 48 49 0 0 0
14014 -0.202928 -0.00930581 0.01 100 100 0 0 0
14048 -0.127721 -0.00953776 0.01 48 48 0 0 0
14058 -0.141106 -0.00884757 0.01 72 72 0 0 0
14061 -0.166048 -0.00929225 0.01 72 72 0 0 0
14083 -0.210786 -0.00930581 0.01 100 100 0 0 0
14102 -0.19013 -0.00924658 0.01 100 101 0 0 0
14103 -0.132683 -0.00953776 0.01 47 47 0 0 0
14106 -0.210786 -0.00930581 0.01 101 101 0 0 0
14124 -0.19013 -0.00921148 0.01 101 101 0 0 0
14142 -0.227622 -0.00930581 0.01 101 101 0 0 0
14145 -0.127721 -0.00953776 0.01 48 48 0 0 0
14155 -0.145906 -0.00817262 0.01 72 72 0 0 0
14158 -0.210786 -0.00954825 0.01 102 102 0 0 0
14171 -0.171204 -0.00945134 0.01 72 72 0 0 0
14173 -0.147642 -0.00953079 0.01 48 48 0 0 0
14216 -0.164789 -0.00934381 0.01 72 72 0 0 0
14270 -0.233896 -0.00902807 0.01 101 101 0 0 0
14288 -0.233896 -0.00902807 0.01 100 101 0 0 0
14294 -0.165984 -0.00907235 0.01 72 72 0 0 0
14307 -0.158902 -0.00953776 0.01 48 48 0 0 0
14315 -0.137533 -0.00882894 0.01 72 72 0 0 0
14335 -0.127721 -0.00969549 0.01 48 48 0 0 0
14364 -0.199639 -0.00930581 0.01 100 100 0 0 0
14382 -0.192594 -0.00918781 0.01 72 72 0 0 0
14386 -0.210786 -0.00930581 0.01 101 101 0 0 0
14401 -0.158902 -0.00953066 0.01 48 48 0 0 0
14419 -0.127721 -0.00953776 0.01 47 47 0 0 0
14455 -0.210786 -0.00930581 0.01 100 100 0 0 0
14461 -0.202928 -0.00930581 0.01 100 100 0 0 0
14480 -0.158101 -0.00916463 0.01 72 72 0 0 0
14484 -0.164427 -0.00953776 0.01 48 48 0 0 0
14500 -0.163049 -0.00953079 0.01 48 49 0 0 0
14505 -0.14551 -0.00785 0.01 72 71 0 0 0
14509 -0.199639 -0.00930581 0.01 101 101 0 0 0
14577 -0.19013 -0.00921148 0.01 101 101 0 0 0
14578 -0.206516 -0.00930581 0.01 100 100 0.040241 -0.00647233 0
14588 -0.210786 -0.00930581 0.01 100 100 0 0 0
14589 -0.210786 -0.00940248 0.01 102 102 0 0 0
14609 -0.205896 -0.00872447 0.01 72 73 0 0 0
14622 -0.163834 -0.0090996 0.01 72 72 0 0 0
14642 -0.198681 -0.00930581 0.01 100 100 0 0 0
14643 -0.143182 -0.00953776 0.01 48 52 0 0 0
14659 -0.2015 -0.00930581 0.01 101 101 0 0 0
14662 -0.199639 -0.00930581 0.01 100 100 0 0 0
14704 -0.141183 -0.00881734 0.01 72 72 0 0 0
14706 -0.210786 -0.00954825 0.01 102 102 0 0 0
14713 -0.164427 -0.00953776 0.01 47 48 0 0 0
14736 -0.127721 -0.00953776 0.01 47 48 0 0 0
14761 -0.163049 -0.00953079 0.01 48 48 0 0 0
14784 -0.210786 -0.00983739 0.01 102 102 0 0 0
14785 -0.127721 -0.00953776 0.01 47 47 0 0 0
14805 -0.143182 -0.00953776 0.01 48 48 0 0 0
14824 -0.149713 -0.00893767 0.01 72 72 0 0 0
14887 -0.210786 -0.00930581 0.01 101 101 0 0 0
14888 -0.14467 -0.00872306 0.01 72 72 0 0 0
14894 -0.210786 -0.00930581 0.01 100 100 0 0 0
14900 -0.164789 -0.00934381 0.01 72 72 0 0 0
14904 -0.155845 -0.00931012 0.01 72 72 0 0 0
14905 -0.147369 -0.00931012 0.01 72 72 0 0 0
14922 -0.179295 -0.00828862 0.01 72 72 0 0 0
14939 -0.158902 -0.00953776 0.01 48 48 0 0 0
14949 -0.127721 -0.00953776 0.01 48 49 0 0 0
14965 -0.158902 -0.00953776 0.01 47 47 0 0 0
14975 -0.19013 -0.00926632 0.01 101 101 0 0 0
15000 -0.19013 -0.00930581 0.01 100 100 0 0 0
15006 -0.203695 -0.00930581 0.01 102 102 0 0 0
15060 -0.164427 -0.00953776 0.01 48 48 0 0 0
15091 -0.154469 -0.00817793 0.01 72 72 0 0 0
15118 -0.174601 -0.00830964 0.01 72 72 0 0 0
15135 -0.150073 -0.00892637 0.01 72 72 0 0 0
15146 -0.172199 -0.00884458 0.01 72 72 -0.00134605 0.0171693 0
15158 -0.165984 -0.00907235 0.01 72 72 0 0 0
15186 -0.165757 -0.00929716 0.01 72 72 0 0 0
15194 -0.142001 -0.00915089 0.01 72 72 -0.00129588 0.00414766 0
15197 -0.156948 -0.00953776 0.01 48 48 0 0 0
15201 -0.210786 -0.00930581 0.01 102 102 0 0 0
15212 -0.192594 -0.00918781 0.01 72 72 0 0 0
15213 -0.19013 -0.00930581 0.01 100 99 0 0 0
15214 -0.199639 -0.00930581 0.01 100 100 0 0 0
15216 -0.158902 -0.00953776 0.01 48 48 0 0 0
15225 -0.157831 -0.0091498 0.01 72 72 0 0 0
15231 -0.176435 -0.00860003 0.01 72 72 0 0 0
15234 -0.163049 -0.00953079 0.01 47 49 0 0 0
15268 -0.19013 -0.00930581 0.01 100 100 0 0 0
15273 -0.204609 -0.00930581 0.01 102 101 0 0 0
15276 -0.19013 -0.00921148 0.01 101 101 0 0 0
15293 -0.127721 -0.00953776 0.01 48 49 0 0 0
15294 -0.198681 -0.00930581 0.01 100 100 0 0 0
15330 -0.127721 -0.00969549 0.01 48 48 0 0 0
15337 -0.158902 -0.00953776 0.01 48 48 0 0 0
15351 -0.158902 -0.00953776 0.01 48 48 0 0 0
15396 -0.164427 -0.00953776 0.01 48 48 0 0 0
15397 -0.158902 -0.00953776 0.01 46 48 0 0 0
15410 -0.143182 -0.00941899 0.01 48 48 -1.01328e-06 0 0.00011877
15412 -0.165757 -0.00929225 0.01 72 72 0 0 0
15420 -0.153109 -0.00875194 0.01 72 71 0 0 0
15426 -0.176435 -0.00860003 0.01 72 72 0 0 0
15429 -0.19977 -0.00930581 0.01 101 101 0 0 0
15439 -0.162494 -0.00884123 0.01 72 72 0 0 0
15496 -0.165757 -0.00929225 0.01 72 72 0 0 0
15499 -0.200044 -0.00909566 0.01 101 101 0 0 0
15509 -0.127721 -0.00953776 0.01 47 49 0 0 0
15530 -0.127721 -0.00953776 0.01 48 48 0 0 0
15594 -0.129901 -0.00880848 0.01 72 71 0 0 0
15616 -0.19013 -0.00930581 0.01 101 100 0 0 0
15640 -0.127721 -0.00953776 0.01 48 48 0 0 0
15642 -0.19013 -0.00930581 0.01 100 100 0 0 0
15654 -0.227622 -0.00930581 0.01 102 101 0 0 0
15674 -0.210786 -0.00954825 0.01 102 102 0 0 0
15676 -0.19013 -0.00930581 0.01 100 100 0 0 0
15697 -0.19013 -0.00924658 0.01 100 100 0 0 0
15706 -0.132683 -0.00953776 0.01 47 48 0 0 0
15725 -0.165757 -0.00898516 0.01 72 72 0 0 0
15730 -0.132683 -0.00953776 0.01 47 47 0 0 0
15769 -0.205758 -0.00930581 0.01 100 100 0 0 0
15789 -0.158902 -0.00961495 0.01 48 48 0 0 0
15791 -0.245255 -0.00902807 0.01 101 101 0 0 0
15830 -0.133837 -0.00953776 0.01 47 47 0 0 0
15927 -0.19013 -0.00926632 0.01 101 101 0 0 0
15951 -0.19013 -0.00930581 0.01 100 100 0 0 0
15972 -0.222374 -0.00930581 0.01 100 100 0 0 0
15975 -0.140969 -0.00931568 0.01 72 72 0 0 0
15993 -0.216783 -0.00902807 0.01 102 101 0 0 0
15994 -0.127721 -0.00953776 0.01 48 48 0 0 0
16020 -0.200044 -0.00930581 0.01 100 100 0 0 0
16028 -0.158902 -0.00953776 0.01 47 47 0 0 0
16029 -0.210786 -0.00930581 0.01 100 100 0 0 0
16043 -0.127721 -0.00969549 0.01 48 48 0 0 0
16062 -0.158902 -0.00953776 0.01 48 48 0 0 0
16109 -0.132629 -0.00953776 0.01 48 48 0 0 0
16113 -0.147256 -0.00900998 0.01 72 72 0 0 0
16115 -0.143182 -0.00953776 0.01 48 48 0 0 0
16130 -0.127721 -0.00969549 0.01 48 48 0 0 0
16134 -0.19013 -0.00908689 0.01 100 100 0 0 0
16146 -0.158902 -0.00953776 0.01 48 48 0 0 0
16151 -0.132629 -0.00953776 0.01 48 49 0 0 0
16153 -0.163143 -0.00953776 0.01 47 47 2.32458e-06 -0.00424179 0
16158 -0.127721 -0.00953776 0.01 47 48 0 0 0
16171 -0.127721 -0.00963626 0.01 47 47 0 0 0
16176 -0.174601 -0.00830964 0.01 72 72 0 0 0
16181 -0.19013 -0.00921148 0.01 101 101 0 0 0
16192 -0.165288 -0.00908596 0.01 72 71 0 0 0
16195 -0.173082 -0.0082049 0.01 72 72 0 0 0
16230 -0.137533 -0.00882894 0.01 72 72 0 0 0
16234 -0.132683 -0.00953776 0.01 48 48 0 0 0
16238 -0.16012 -0.00935668 0.01 72 71 0 0 0
16245 -0.127721 -0.00953776 0.01 47 48 0 0 0
16257 -0.210786 -0.00954825 0.01 102 102 0 0 0
16275 -0.127721 -0.00953776 0.01 48 48 0 0 0
16308 -0.132629 -0.00953776 0.01 47 47 0 0 0
16318 -0.190426 -0.00930581 0.01 100 100 0 0 0
16319 -0.19013 -0.00926632 0.01 101 101 0 0 0
16347 -0.176435 -0.00860003 0.01 72 72 0 0 0
16355 -0.132629 -0.00953776 0.01 47 47 0 0 0
16359 -0.19013 -0.00921148 0.01 101 101 0 0 0
16364 -0.192594 -0.00918781 0.01 72 72 0 0 0
16370 -0.158902 -0.00953776 0.01 48 48 0 0 0
16378 -0.210786 -0.00954825 0.01 102 102 0 0 0
16389 -0.158068 -0.00926412 0.01 72 72 0 0 0
16415 -0.145603 -0.00953079 0.01 48 49 0 0 0
16418 -0.198681 -0.00916922 0.01 101 101 0 0 0
16428 -0.132683 -0.00953776 0.01 47 48 0 0 0
16432 -0.15108 -0.00845177 0.01 72 72 -0.00196171 0.0114211 0
16463 -0.146149 -0.00915089 0.01 72 72 0 0 0
16467 -0.167845 -0.0097228 0.01 72 72 0 0 0
16482 -0.158902 -0.00953776 0.01 47 47 0 0 0
16489 -0.216783 -0.00922373 0.01 101 101 0.00952345 0 8.20775e-05
16501 -0.192594 -0.00918781 0.01 72 72 0 0 0
16507 -0.204609 -0.00930581 0.01 102 102 0 0 0
16513 -0.210786 -0.00954825 0.01 102 102 0 0 0
16514 -0.126692 -0.00931568 0.01 72 72 -0.00662273 0.0142764 0
16526 -0.153459 -0.00941985 0.01 72 72 0 0 0
16535 -0.210786 -0.00913708 0.01 101 101 0 0 0
16561 -0.130341 -0.00894244 0.01 72 72 0 0 0
16583 -0.210786 -0.00930581 0.01 102 102 0 0 0
16589 -0.19013 -0.00924445 0.01 100 100 0 0 0
16600 -0.179295 -0.00878719 0.01 72 72 0 0 0
16627 -0.161304 -0.00953776 0.01 48 47 1.36346e-06 -0.00240195 0
16628 -0.158902 -0.00953776 0.01 47 47 0 0 0
16639 -0.158902 -0.00953776 0.01 47 48 0 0 0
16642 -0.158902 -0.00953776 0.01 48 48 0 0 0
16661 -0.164427 -0.00956974 0.01 47 47 0 0 0
16669 -0.210786 -0.00913708 0.01 101 101 0 0 0
16717 -0.127721 -0.00953776 0.01 48 48 0 0 0
16729 -0.210786 -0.00954825 0.01 102 102 0 0 0
16741 -0.14467 -0.00885099 0.01 72 72 0 0 0
16760 -0.216783 -0.00902807 0.01 102 102 0 0 0
16767 -0.210786 -0.00954825 0.01 102 102 0 0 0
16770 -0.19013 -0.00921148 0.01 102 101 0 0 0
16802 -0.163049 -0.00953079 0.01 48 49 0 0 0
16806 -0.176435 -0.00870415 0.01 72 74 0 0 0
16808 -0.210786 -0.00930581 0.01 102 102 0 0 0
16820 -0.144504 -0.00878699 0.01 72 72 0 0 0
16831 -0.145603 -0.00953079 0.01 48 49 0 0 0
16877 -0.153678 -0.00918608 0.01 72 72 0 0 0
16905 -0.127721 -0.00963626 0.01 47 47 1.2815e-06 0 -9.85041e-05
16940 -0.134996 -0.00934872 0.01 48 50 0 0 0
16947 -0.127721 -0.00953776 0.01 47 48 0 0 0
16949 -0.199639 -0.00930581 0.01 100 100 0 0 0
16953 -0.19013 -0.00921148 0.01 101 101 0 0 0
16960 -0.200044 -0.00930581 0.01 100 100 0 0 0
16990 -0.158902 -0.00953776 0.01 48 47 0 0 0
17002 -0.151901 -0.00785707 0.01 72 72 0 0 0
17009 -0.141106 -0.00884757 0.01 72 72 0 0 0
17013 -0.127721 -0.00953776 0.01 48 48 0 0 0
17024 -0.158902 -0.00953776 0.01 46 46 0 0 0
17030 -0.127721 -0.00953776 0.01 48 48 0 0 0
17037 -0.198681 -0.00930581 0.01 100 100 0 0 0
17046 -0.158902 -0.00953066 0.01 48 48 0 0 0
17050 -0.127721 -0.00953776 0.01 48 48 0 0 0
17074 -0.154469 -0.00809495 0.01 72 72 0 0 0
17093 -0.210786 -0.00930581 0.01 100 100 0 0 0
17098 -0.158902 -0.00953066 0.01 48 48 0 0 0
17115 -0.141462 -0.0092486 0.01 72 72 -0.00222065 0.00719599 0
17127 -0.202928 -0.00930581 0.01 100 100 0 0 0
17129 -0.143182 -0.00953776 0.01 48 48 0 0 0
17146 -0.158902 -0.00953776 0.01 48 48 0 0 0
17158 -0.19013 -0.00930581 0.01 100 100 0 0 0
17160 -0.210786 -0.00954825 0.01 102 102 0 0 0
17191 -0.200044 -0.00930581 0.01 100 100 0 0 0
17214 -0.158068 -0.00926412 0.01 72 72 0 0 0
17253 -0.157806 -0.00924715 0.01 72 70 0 0 0
17260 -0.158902 -0.00953776 0.01 46 47 0 0 0
17273 -0.19013 -0.00941931 0.01 100 100 0 0 0
17276 -0.2015 -0.00930581 0.01 100 99 0 0 0
17308 -0.134917 -0.00968861 0.01 48 48 0 0 0
17323 -0.165984 -0.00907235 0.01 72 72 0 0 0
17330 -0.210786 -0.00930581 0.01 102 102 0 0 0
17342 -0.153459 -0.00956933 0.01 72 71 0 0 0
17396 -0.127721 -0.00953776 0.01 48 48 0 0 0
17405 -0.222374 -0.00930581 0.01 100 100 0 0 0
17411 -0.19013 -0.00924658 0.01 101 101 0 0 0
17432 -0.164427 -0.00946805 0.01 48 48 0 0 0
17438 -0.138134 -0.00953776 0.01 47 47 0 0 0
17447 -0.147813 -0.00885099 0.01 72 72 0.000853598 -0.00314327 0
17469 -0.210786 -0.00954825 0.01 102 102 0 0 0
17495 -0.210786 -0.00930581 0.01 101 101 0 0 0
17502 -0.137533 -0.00882894 0.01 72 72 0 0 0
17513 -0.127721 -0.00953776 0.01 48 48 0 0 0
17519 -0.153678 -0.00918608 0.01 72 72 0 0 0
17529 -0.19013 -0.00921148 0.01 101 101 0 0 0
17578 -0.127721 -0.00953776 0.01 48 48 0 0 0
17618 -0.202928 -0.00930581 0.01 100 100 0 0 0
17647 -0.19013 -0.00930581 0.01 100 100 0 0 0
17677 -0.19013 -0.00921148 0.01 101 101 0 0 0
17712 -0.150073 -0.00877413 0.01 72 72 0 0 0
17715 -0.210786 -0.00954825 0.01 102 102 0 0 0
17727 -0.216471 -0.00930581 0.01 100 100 0 0 0
17736 -0.156948 -0.00953776 0.01 48 48 0 0 0
17755 -0.19013 -0.00908394 0.01 100 100 0 0 0
17790 -0.174601 -0.00830964 0.01 72 72 0 0 0
17820 -0.210786 -0.00930581 0.01 102 102 0 0 0
17823 -0.164427 -0.00946805 0.01 48 48 0 0 0
17829 -0.233896 -0.00902807 0.01 101 101 0 0 0
17845 -0.155168 -0.00913192 0.01 72 73 0 0 0
17856 -0.224508 -0.00930581 0.01 100 100 0 0 0
17857 -0.137533 -0.00882894 0.01 72 72 0 0 0
17884 -0.127721 -0.00953776 0.01 48 48 0 0 0
17911 -0.18424 -0.0091428 0.01 100 100 0 0 0
17946 -0.194939 -0.00930581 0.01 100 100 0 0 0
17963 -0.216471 -0.00930581 0.01 101 101 0 0 0
17969 -0.162212 -0.00922848 0.01 72 73 0 0 0
17972 -0.199639 -0.00930581 0.01 100 100 0 0 0
17974 -0.222374 -0.00930581 0.01 100 99 0 0 0
17988 -0.125466 -0.00953776 0.01 47 47 0 0 0
17990 -0.140969 -0.00905373 0.01 72 72 0 0 0
17996 -0.127721 -0.00929076 0.01 48 48 -3.92646e-06 0 0.000246993
18023 -0.200044 -0.00894288 0.01 100 100 0 0 0
18031 -0.158902 -0.00953776 0.01 47 47 0 0 0
18038 -0.155845 -0.00931012 0.01 72 72 0 0 0
18048 -0.174601 -0.00830964 0.01 72 72 0 0 0
18059 -0.208025 -0.00930581 0.01 100 100 0 0 0
18065 -0.164427 -0.00953776 0.01 48 48 0 0 0
18068 -0.19013 -0.00930581 0.01 100 100 0 0 0
18070 -0.19013 -0.00930581 0.01 100 100 0 0 0
18079 -0.163991 -0.00903935 0.01 72 72 0 0 0
18082 -0.127721 -0.00950952 0.01 48 48 0 0 0
18088 -0.19013 -0.00921148 0.01 100 101 0 0 0
18098 -0.165984 -0.00907235 0.01 72 72 0 0 0
18113 -0.182676 -0.00777931 0.01 72 73 0 0 0
18118 -0.158902 -0.00953776 0.01 48 48 0 0 0
18125 -0.14477 -0.00916463 0.01 72 72 0 0 0
18129 -0.210786 -0.00930581 0.01 102 102 0 0 0
18132 -0.143481 -0.00821146 0.01 72 72 0 0 0
18139 -0.210786 -0.00930581 0.01 100 100 0 0 0
18154 -0.19013 -0.00921148 0.01 100 100 0 0 0
18236 -0.192594 -0.00918781 0.01 72 72 0 0 0
18297 -0.205896 -0.00872447 0.01 72 72 0 0 0
18302 -0.14261 -0.00953776 0.01 48 48 -1.73375e-05 0.0162914 0
18312 -0.19013 -0.00921148 0.01 101 101 0 0 0
18323 -0.163049 -0.00953079 0.01 46 47 0 0 0
18353 -0.210786 -0.00916835 0.01 102 102 0.0193713 0 0.000137458
18369 -0.158902 -0.00953776 0.01 48 48 0 0 0
18371 -0.132629 -0.00972856 0.01 47 47 0 0 0
18385 -0.132629 -0.00972856 0.01 47 47 0 0 0
18410 -0.198681 -0.00916922 0.01 101 101 0.0192866 0 0.000136583
18425 -0.143182 -0.00953776 0.01 48 48 0 0 0
18426 -0.145906 -0.00817262 0.01 72 72 0 0 0
18440 -0.164427 -0.00953776 0.01 48 48 0 0 0
18459 -0.200951 -0.00930581 0.01 100 100 0 0 0
18463 -0.210786 -0.00930581 0.01 101 101 0 0 0
18497 -0.164789 -0.00906666 0.01 72 72 0 0 0
18506 -0.158902 -0.00953066 0.01 48 48 0 0 0
18527 -0.132683 -0.00953776 0.01 47 48 0 0 0
18528 -0.19013 -0.00921148 0.01 101 101 0 0 0
18553 -0.172022 -0.00817813 0.01 72 72 0 0 0
18570 -0.141881 -0.00881734 0.01 72 72 0.000222221 -0.000698477 0
18581 -0.210786 -0.00954825 0.01 102 102 0 0 0
18613 -0.141183 -0.00881734 0.01 72 72 0 0 0
18614 -0.19013 -0.00921148 0.01 100 100 0 0 0
18632 -0.19013 -0.00926632 0.01 101 101 0 0 0
18634 -0.165984 -0.00907235 0.01 72 72 0 0 0
18647 -0.221954 -0.00872447 0.01 72 72 0.000355661 -0.0160578 0
18652 -0.14467 -0.00872306 0.01 72 72 0 0 0
18653 -0.158902 -0.00953776 0.01 48 48 0 0 0
18658 -0.19013 -0.00924002 0.01 100 99 0 0 0
18692 -0.158902 -0.00953776 0.01 48 48 0 0 0
18698 -0.150073 -0.00892637 0.01 72 73 0 0 0
18718 -0.150709 -0.00958441 0.01 72 72 0 0 0
18724 -0.141183 -0.00881734 0.01 72 72 0 0 0
18755 -0.158902 -0.00953776 0.01 48 48 0 0 0
18774 -0.200044 -0.00930581 0.01 100 100 0 0 0
18778 -0.21912 -0.00930581 0.01 101 101 0 0 0
18783 -0.158902 -0.00961495 0.01 48 48 0 0 0
18786 -0.153678 -0.00900201 0.01 72 73 0 0 0
18788 -0.163049 -0.00953079 0.01 48 49 0 0 0
18789 -0.16012 -0.00935668 0.01 72 72 0 0 0
18792 -0.158902 -0.00953776 0.01 47 47 0 0 0
18802 -0.19013 -0.00921148 0.01 101 101 0 0 0
18807 -0.153459 -0.00956933 0.01 72 72 0 0 0
18808 -0.210786 -0.00954825 0.01 102 102 0 0 0
18810 -0.19013 -0.00921148 0.01 101 101 0 0 0
18813 -0.200044 -0.00930581 0.01 100 100 0 0 0
18819 -0.19013 -0.00930581 0.01 100 100 0 0 0
18830 -0.125185 -0.00905373 0.01 72 72 -0.00713602 0.0157837 0
18850 -0.127721 -0.00963626 0.01 47 47 0 0 0
18859 -0.145887 -0.00896097 0.01 72 72 0 0 0
18868 -0.147525 -0.0090996 0.01 72 72 0 0 0
18872 -0.193824 -0.00921148 0.01 101 101 0.026074 -0.00369364 0
18884 -0.15108 -0.00845177 0.01 72 72 0 0 0
18908 -0.141106 -0.00884757 0.01 72 72 0 0 0
18911 -0.14467 -0.00885099 0.01 72 72 0 0 0
18918 -0.132629 -0.00953776 0.01 48 48 0 0 0
18924 -0.19013 -0.00921148 0.01 101 101 0 0 0
18925 -0.158902 -0.00953776 0.01 47 47 0 0 0
18943 -0.141106 -0.00884757 0.01 72 72 0 0 0
18950 -0.146149 -0.00915089 0.01 72 72 0 0 0
18966 -0.199639 -0.00930581 0.01 100 100 0 0 0
18975 -0.134996 -0.00934872 0.01 47 47 0 0 0
19002 -0.210786 -0.00930581 0.01 101 101 0 0 0
19023 -0.208989 -0.00902807 0.01 101 101 -0.0434051 0.00779393 0
19028 -0.208025 -0.00930581 0.01 100 99 0 0 0
19057 -0.200983 -0.00930581 0.01 102 102 -0.0140779 0.00194435 0
19090 -0.204609 -0.00930581 0.01 101 101 0 0 0
19120 -0.19013 -0.00921148 0.01 101 101 0 0 0
19137 -0.19013 -0.00926632 0.01 101 101 0 0 0
19160 -0.122127 -0.00881734 0.01 72 72 0 0 0
19165 -0.192603 -0.00930581 0.01 100 100 0.0147406 -0.00217715 0
19179 -0.158902 -0.00953776 0.01 47 47 0 0 0
19191 -0.216471 -0.00930581 0.01 100 100 0 0 0
19202 -0.163049 -0.00953079 0.01 48 48 0 0 0
19215 -0.14467 -0.00885099 0.01 72 72 0 0 0
19219 -0.19013 -0.00921148 0.01 100 101 0 0 0
19226 -0.210786 -0.00954825 0.01 102 102 0 0 0
19253 -0.132683 -0.00953776 0.01 48 48 0 0 0
19265 -0.199639 -0.00930581 0.01 100 100 0 0 0
19270 -0.19013 -0.00930581 0.01 100 100 0 0 0
19271 -0.137533 -0.00882894 0.01 72 72 0 0 0
19276 -0.199639 -0.00930581 0.01 100 100 0 0 0
19284 -0.19013 -0.00941931 0.01 100 100 0 0 0
19334 -0.158902 -0.00953776 0.01 48 48 0 0 0
19360 -0.216783 -0.00902807 0.01 101 102 0 0 0
19373 -0.130341 -0.00894244 0.01 72 72 0 0 0
19383 -0.127721 -0.00953776 0.01 47 47 0 0 0
19393 -0.137755 -0.00953776 0.01 46 46 0 0 0
19412 -0.19013 -0.00921148 0.01 100 100 0 0 0
19414 -0.19013 -0.00921148 0.01 101 101 0 0 0
19445 -0.19013 -0.00930581 0.01 100 100 0 0 0
19448 -0.179295 -0.00828862 0.01 72 72 0 0 0
19457 -0.119908 -0.00953776 0.01 47 48 -3.50401e-05 0.0127214 0
19470 -0.198681 -0.00930581 0.01 100 100 0 0 0
19473 -0.137533 -0.00882894 0.01 72 72 0 0 0
19485 -0.163834 -0.0090996 0.01 72 71 0 0 0
19524 -0.146149 -0.00915089 0.01 72 71 0 0 0
19544 -0.210786 -0.00930581 0.01 102 102 0 0 0
19552 -0.210786 -0.00954825 0.01 102 102 0 0 0
19555 -0.146673 -0.00847365 0.01 72 72 0 0 0
19566 -0.158902 -0.00953776 0.01 47 47 0 0 0
19586 -0.210786 -0.00930581 0.01 102 102 0 0 0
19594 -0.203281 -0.00921148 0.01 101 101 0 0 0
19611 -0.162212 -0.00922848 0.01 72 72 0 0 0
19634 -0.127721 -0.00969549 0.01 48 48 0 0 0
19652 -0.210786 -0.00954825 0.01 102 102 0 0 0
19655 -0.21912 -0.00930581 0.01 101 101 0.0491095 -0.00833412 0
19657 -0.200044 -0.00890031 0.01 100 100 0 0 0
19661 -0.19013 -0.00921148 0.01 100 100 0 0 0
19707 -0.192594 -0.00918781 0.01 72 72 0 0 0
19722 -0.159822 -0.00953079 0.01 48 49 0 0 0
19752 -0.216471 -0.00930581 0.01 100 100 0 0 0
19769 -0.176435 -0.00870415 0.01 72 72 0 0 0
19796 -0.150003 -0.00918608 0.01 72 72 -0.000878498 0.00367466 0
19810 -0.127721 -0.00953776 0.01 48 49 0 0 0
19815 -0.164427 -0.00953776 0.01 47 47 0 0 0
19831 -0.127721 -0.00953776 0.01 48 48 0 0 0
19854 -0.189369 -0.00884458 0.01 72 72 7.33733e-05 0 0.000212986
19855 -0.204609 -0.00930581 0.01 101 101 0 0 0
19856 -0.217713 -0.00954825 0.01 102 102 0 0 0
19868 -0.147642 -0.00962599 0.01 48 48 0 0 0
19891 -0.210786 -0.00930581 0.01 102 102 0 0 0
19897 -0.158902 -0.00953776 0.01 48 48 0 0 0
19908 -0.210786 -0.00913708 0.01 101 101 0 0 0
19950 -0.145935 -0.00933813 0.01 72 72 0 0 0
19952 -0.210786 -0.00930581 0.01 102 102 0 0 0
19983 -0.159606 -0.00960666 0.01 72 73 0 0 0
19984 -0.19013 -0.00908689 0.01 100 100 0 0 0
19987 -0.175999 -0.00911174 0.01 72 72 0 0 0
20039 -0.19013 -0.00921148 0.01 101 101 0 0 0
20043 -0.19013 -0.00926632 0.01 101 101 0 0 0
20090 -0.165757 -0.00929225 0.01 72 72 0 0 0
20107 -0.180291 -0.00953776 0.01 48 48 1.10045e-05 -0.0213898 0
20121 -0.149139 -0.00988969 0.01 48 49 0 0 0
20163 -0.19013 -0.00921148 0.01 101 101 0 0 0
20171 -0.158902 -0.00953066 0.01 48 48 0 0 0
20180 -0.219624 -0.00902807 0.01 101 101 -0.0604528 0.0142726 0
20200 -0.164427 -0.00946805 0.01 48 48 0 0 0
20205 -0.123605 -0.00953776 0.01 48 48 0 0 0
20207 -0.138134 -0.00953776 0.01 47 47 0 0 0
20219 -0.210786 -0.00930581 0.01 101 101 0 0 0
20234 -0.146149 -0.00915089 0.01 72 72 0 0 0
20266 -0.210786 -0.00930581 0.01 102 102 0 0 0
20279 -0.164427 -0.00953776 0.01 47 47 0 0 0
20287 -0.200044 -0.00930581 0.01 100 100 0 0 0
20306 -0.200044 -0.00930581 0.01 100 100 0 0 0
20308 -0.163167 -0.00957084 0.01 47 47 2.33203e-06 -0.00426531 0
20312 -0.192594 -0.00918781 0.01 72 72 0 0 0
20340 -0.179295 -0.00878719 0.01 72 72 0 0 0
20352 -0.160969 -0.00878699 0.01 72 72 0 0 0
20358 -0.200044 -0.00930581 0.01 100 100 0 0 0
20369 -0.127721 -0.00969549 0.01 48 48 0 0 0
20390 -0.127721 -0.00953776 0.01 47 47 0 0 0
20396 -0.134996 -0.00934872 0.01 48 48 0 0 0
20410 -0.134917 -0.00968861 0.01 48 48 0 0 0
20414 -0.134996 -0.00934872 0.01 48 48 0 0 0
20446 -0.164427 -0.00946805 0.01 48 48 0 0 0
20449 -0.192594 -0.00918781 0.01 72 72 0 0 0
20455 -0.132629 -0.00953776 0.01 48 49 0 0 0
20466 -0.14467 -0.00885099 0.01 72 72 0 0 0
20477 -0.150073 -0.00892637 0.01 72 72 0 0 0
20486 -0.164427 -0.00956974 0.01 47 47 0 0 0
20491 -0.158902 -0.00953776 0.01 47 47 0 0 0
20503 -0.127721 -0.00953776 0.01 48 48 0 0 0
20524 -0.19013 -0.00930581 0.01 100 100 0 0 0
20525 -0.140396 -0.0097346 0.01 48 49 0 0 0
20526 -0.134917 -0.00968861 0.01 48 48 0 0 0
20532 -0.155845 -0.00931012 0.01 72 72 0 0 0
20539 -0.164427 -0.00953776 0.01 47 48 0 0 0
20540 -0.127721 -0.00953776 0.01 48 48 0 0 0
20541 -0.217713 -0.00954825 0.01 102 102 0 0 0
20546 -0.166048 -0.00929225 0.01 72 72 0 0 0
20576 -0.192594 -0.00918781 0.01 72 72 0 0 0
20605 -0.149713 -0.00893767 0.01 72 72 0 0 0
20623 -0.19013 -0.00930581 0.01 100 100 0 0 0
20630 -0.127721 -0.00953776 0.01 48 48 0 0 0
20691 -0.210786 -0.00930581 0.01 102 102 0 0 0
20697 -0.132629 -0.00953776 0.01 48 48 0 0 0
20699 -0.158902 -0.00953066 0.01 48 48 0 0 0
20700 -0.19013 -0.00921148 0.01 101 101 0 0 0
20705 -0.148658 -0.00917215 0.01 72 72 0.000123367 0 7.64523e-05
20713 -0.127721 -0.00953776 0.01 48 49 0 0 0
20725 -0.200044 -0.00930581 0.01 100 100 0 0 0
20727 -0.158902 -0.00953776 0.01 47 47 0 0 0
20729 -0.198681 -0.00916922 0.01 101 101 0 0 0
20739 -0.125185 -0.00905373 0.01 72 72 0 0 0
20751 -0.14467 -0.00885099 0.01 72 72 0 0 0
20764 -0.127721 -0.00953776 0.01 48 48 0 0 0
20765 -0.127721 -0.00971739 0.01 48 48 2.72691e-06 0 -0.000179639
20797 -0.163143 -0.00953776 0.01 47 47 0 0 0
20811 -0.132683 -0.00953776 0.01 48 48 0 0 0
20881 -0.158902 -0.00953776 0.01 47 48 0 0 0
20893 -0.171769 -0.00877733 0.01 72 72 0 0 0
20897 -0.150073 -0.00892637 0.01 72 72 0 0 0
20919 -0.19013 -0.00921148 0.01 101 101 0 0 0
20939 -0.173082 -0.0082049 0.01 72 72 0 0 0
20940 -0.200044 -0.00930581 0.01 100 100 0 0 0
20951 -0.216783 -0.00902807 0.01 101 101 0 0 0
20962 -0.210786 -0.00954825 0.01 102 102 0 0 0
20967 -0.127721 -0.00953776 0.01 48 48 0 0 0
20996 -0.210786 -0.00954825 0.01 102 102 0 0 0
21018 -0.19013 -0.00930581 0.01 100 100 0 0 0
21031 -0.132629 -0.00953776 0.01 48 48 0 0 0
21060 -0.158902 -0.00953776 0.01 46 47 0 0 0
21067 -0.19013 -0.00921148 0.01 101 101 0 0 0
21083 -0.158902 -0.00953776 0.01 48 48 0 0 0
21096 -0.19013 -0.00930581 0.01 100 100 0 0 0
21138 -0.132629 -0.00953776 0.01 48 48 0 0 0
21157 -0.127721 -0.00953776 0.01 48 48 0 0 0
21161 -0.174601 -0.00830964 0.01 72 72 0 0 0
21170 -0.164427 -0.00953776 0.01 48 48 0 0 0
21177 -0.132629 -0.00953776 0.01 48 48 0 0 0
21199 -0.143481 -0.00821146 0.01 72 72 0 0 0
21200 -0.189369 -0.00911048 0.01 72 72 0 0 0
21209 -0.210786 -0.00930581 0.01 101 101 0 0 0
21231 -0.19013 -0.00930581 0.01 100 100 0 0 0
21259 -0.164427 -0.00953776 0.01 48 48 0 0 0
21321 -0.210786 -0.00930581 0.01 101 101 0 0 0
21329 -0.19013 -0.00921148 0.01 101 101 0 0 0
21340 -0.19013 -0.00933744 0.01 100 99 0 0 0
21359 -0.165757 -0.00929225 0.01 72 72 0 0 0
21403 -0.158902 -0.00953776 0.01 48 47 0 0 0
21423 -0.135362 -0.00854283 0.01 72 72 0 0 0
21434 -0.146673 -0.00847365 0.01 72 72 0 0 0
21447 -0.19013 -0.00930581 0.01 100 100 0 0 0
21452 -0.1414 -0.00857811 0.01 72 71 0 0 0
21473 -0.158902 -0.00953776 0.01 47 48 0 0 0
21482 -0.19013 -0.00941931 0.01 100 100 0 0 0
21506 -0.216783 -0.00902807 0.01 102 102 0 0 0
21511 -0.21912 -0.00930581 0.01 101 101 0 0 0
21541 -0.171204 -0.00945134 0.01 72 72 0 0 0
21544 -0.158068 -0.00926412 0.01 72 72 0 0 0
21567 -0.21912 -0.00930581 0.01 101 101 0 0 0
21573 -0.162501 -0.00845177 0.01 72 72 0 0 0
21584 -0.134996 -0.00934872 0.01 48 48 0 0 0
21597 -0.143182 -0.00953776 0.01 48 48 0 0 0
21611 -0.210786 -0.00930581 0.01 101 101 0 0 0
21616 -0.192594 -0.00918781 0.01 72 72 0 0 0
21617 -0.199639 -0.00930581 0.01 100 100 0 0 0
21636 -0.19013 -0.00930581 0.01 100 100 0 0 0
21656 -0.199639 -0.00930581 0.01 100 100 0 0 0
21660 -0.200044 -0.00930581 0.01 100 100 0 0 0
21699 -0.199639 -0.00930581 0.01 100 100 0 0 0
21708 -0.127721 -0.00953776 0.01 48 49 0 0 0
21725 -0.132683 -0.00953776 0.01 47 47 0 0 0
21747 -0.199639 -0.00930581 0.01 100 100 0 0 0
21771 -0.158902 -0.00953776 0.01 48 48 0 0 0
21826 -0.127721 -0.00953776 0.01 48 48 0 0 0
21841 -0.127721 -0.00953776 0.01 48 48 0 0 0
21848 -0.210786 -0.00954825 0.01 102 102 0 0 0
21857 -0.165757 -0.00914962 0.01 72 71 0 0 0
21859 -0.180291 -0.00953776 0.01 48 48 0 0 0
21861 -0.164427 -0.00953776 0.01 48 48 0 0 0
21879 -0.216471 -0.00930581 0.01 100 100 0 0 0
21880 -0.210786 -0.00954825 0.01 102 102 0 0 0
21885 -0.158902 -0.00953776 0.01 48 48 0 0 0
21893 -0.205758 -0.00930581 0.01 101 100 0 0 0
21896 -0.145906 -0.00817262 0.01 72 73 0 0 0
21916 -0.158902 -0.00953776 0.01 47 47 0 0 0
21920 -0.210786 -0.00954825 0.01 102 102 0 0 0
21934 -0.19013 -0.00930581 0.01 100 99 0 0 0
21952 -0.149139 -0.00988969 0.01 48 49 0 0 0
21994 -0.210786 -0.00954825 0.01 102 102 0 0 0
22011 -0.210786 -0.00954825 0.01 102 102 0 0 0
22018 -0.164427 -0.00953776 0.01 48 48 0 0 0
22027 -0.143481 -0.00821146 0.01 72 72 0 0 0
22030 -0.202928 -0.00930581 0.01 100 100 0 0 0
22034 -0.19013 -0.00921148 0.01 101 101 0 0 0
22046 -0.210786 -0.00930581 0.01 101 101 0 0 0
22067 -0.158902 -0.00953066 0.01 48 48 0 0 0
22091 -0.18424 -0.0091428 0.01 100 100 0 0 0
22108 -0.164427 -0.00953776 0.01 48 48 0 0 0
22136 -0.204609 -0.00930581 0.01 101 101 0 0 0
22160 -0.137533 -0.00882894 0.01 72 72 0 0 0
22166 -0.147256 -0.00900998 0.01 72 72 0 0 0
22179 -0.164427 -0.00953776 0.01 47 48 0 0 0
22181 -0.204609 -0.00930581 0.01 102 102 0 0 0
22183 -0.127721 -0.00953776 0.01 47 47 0 0 0
22227 -0.127721 -0.00953776 0.01 48 47 0 0 0
22285 -0.127721 -0.00953776 0.01 48 48 0 0 0
22293 -0.19013 -0.00930581 0.01 100 100 0 0 0
22295 -0.194939 -0.00930581 0.01 100 100 0 0 0
22303 -0.164427 -0.00946805 0.01 48 48 0 0 0
22338 -0.158902 -0.00953776 0.01 48 48 0 0 0
22343 -0.192594 -0.00918781 0.01 72 72 0 0 0
22356 -0.165626 -0.00945134 0.01 72 72 -0.000776529 0.0055774 0
22357 -0.176435 -0.00860003 0.01 72 72 0 0 0
22361 -0.127721 -0.00953776 0.01 48 48 0 0 0
22379 -0.216427 -0.00915044 0.01 72 72 0 0 0
22391 -0.127721 -0.00953776 0.01 47 47 0 0 0
22393 -0.158902 -0.00953776 0.01 47 47 0 0 0
22396 -0.132683 -0.00953776 0.01 48 49 0 0 0
22401 -0.176435 -0.00870415 0.01 72 72 0 0 0
22404 -0.132629 -0.00953776 0.01 48 48 0 0 0
22408 -0.133226 -0.0097346 0.01 48 49 0 0 0
22427 -0.200044 -0.00930581 0.01 100 100 0 0 0
22436 -0.153678 -0.00918608 0.01 72 72 0 0 0
22453 -0.188646 -0.00930581 0.01 100 100 0 0 0
22455 -0.164427 -0.00953776 0.01 48 48 0 0 0
22465 -0.210786 -0.00941363 0.01 102 102 -0.0155811 0 -0.000107817
22470 -0.19013 -0.00930581 0.01 100 100 0 0 0
22473 -0.132629 -0.00953776 0.01 48 48 0 0 0
22476 -0.19013 -0.00930581 0.01 100 100 0 0 0
22485 -0.172213 -0.00980045 0.01 48 49 0 0 0
22492 -0.127721 -0.0100058 0.01 48 48 4.45545e-06 0 -0.000310292
22501 -0.189369 -0.00884458 0.01 72 72 0 0 0
22521 -0.210786 -0.00930581 0.01 102 102 0 0 0
22555 -0.2015 -0.00930581 0.01 101 101 0 0 0
22566 -0.210786 -0.00954825 0.01 102 102 0 0 0
22589 -0.142001 -0.00915089 0.01 72 72 0 0 0
22598 -0.14477 -0.00916463 0.01 72 72 0 0 0
22602 -0.164427 -0.00946805 0.01 48 48 0 0 0
22614 -0.155845 -0.00931012 0.01 72 72 0 0 0
22642 -0.210786 -0.00930581 0.01 102 102 0 0 0
22673 -0.158902 -0.00953776 0.01 48 48 0 0 0
22710 -0.210786 -0.00930581 0.01 101 101 0 0 0
22716 -0.143481 -0.00821146 0.01 72 72 0 0 0
22720 -0.146149 -0.00897196 0.01 72 72 0 0 0
22721 -0.19013 -0.00926632 0.01 101 101 0 0 0
22728 -0.158902 -0.00953776 0.01 48 48 0 0 0
22749 -0.217713 -0.00954825 0.01 102 102 0 0 0
22750 -0.202928 -0.00930581 0.01 102 102 0 0 0
22776 -0.150709 -0.00958441 0.01 72 72 0 0 0
22786 -0.198681 -0.00930581 0.01 101 101 0 0 0
22804 -0.158902 -0.00953776 0.01 47 47 0 0 0
22812 -0.200044 -0.00930581 0.01 100 100 0 0 0
22816 -0.210786 -0.00930581 0.01 100 100 0 0 0
22819 -0.141183 -0.00881734 0.01 72 72 0 0 0
22846 -0.198681 -0.00930581 0.01 102 102 0 0 0
22851 -0.210786 -0.00930581 0.01 101 101 0 0 0
22862 -0.127721 -0.00953776 0.01 47 47 0 0 0
22875 -0.19013 -0.00930581 0.01 100 100 0 0 0
22880 -0.210786 -0.00924576 0.01 102 102 0.0439796 0 0.000302491
22921 -0.194262 -0.00930581 0.01 100 100 0 0 0
22927 -0.158902 -0.00953776 0.01 48 48 0 0 0
22942 -0.164427 -0.00948567 0.01 48 48 0 0 0
22950 -0.132629 -0.00953776 0.01 47 47 0 0 0
22970 -0.158902 -0.00953066 0.01 48 48 0 0 0
22973 -0.174601 -0.00830964 0.01 72 72 0 0 0
23008 -0.143182 -0.00953776 0.01 48 48 0 0 0
23009 -0.200044 -0.00891459 0.01 101 101 0 0 0
23056 -0.132629 -0.00953776 0.01 47 47 0 0 0
23064 -0.19013 -0.00941931 0.01 100 100 0 0 0
23080 -0.157831 -0.0091498 0.01 72 72 0 0 0
23084 -0.200044 -0.00930581 0.01 100 100 0 0 0
