max_pf 93 min_pf 58
individual dGr dSr disp_rate patch_no b_patch_no mut_eff DdGr DdSr
9 -0.143532 -0.00942564 0.01 59 59 0 0 0
14 -0.143532 -0.00942564 0.01 59 59 0 0 0
18 -0.150648 -0.00944988 0.01 60 60 0 0 0
19 -0.152337 -0.00878864 0.01 72 72 0 0 0
21 -0.143532 -0.00944988 0.01 60 60 0 0 0
29 -0.182346 -0.00783973 0.01 92 92 0 0 0
36 -0.136238 -0.00762933 0.01 72 72 0 0 0
52 -0.149631 -0.00944988 0.01 59 60 0 0 0
91 -0.134409 -0.00944988 0.01 60 60 0 0 0
97 -0.179561 -0.00775059 0.01 72 72 0 0 0
102 -0.182346 -0.00783973 0.01 91 91 0 0 0
105 -0.179561 -0.00780056 0.01 72 72 0 0 0
115 -0.182346 -0.00783973 0.01 92 92 0 0 0
121 -0.145454 -0.00805185 0.01 72 72 0 0 0
123 -0.18131 -0.00783973 0.01 91 91 0 0 0
124 -0.182346 -0.00783973 0.01 92 92 0 0 0
125 -0.18131 -0.00783973 0.01 91 91 0 0 0
129 -0.151636 -0.00944988 0.01 60 60 0 0 0
139 -0.149631 -0.00939799 0.01 60 60 0 0 0
169 -0.145016 -0.00849043 0.01 72 72 0 0 0
170 -0.149631 -0.00944988 0.01 59 59 0 0 0
174 -0.143532 -0.00944988 0.01 60 60 0 0 0
193 -0.182346 -0.00783973 0.01 92 92 0 0 0
224 -0.153678 -0.00808514 0.01 72 72 0 0 0
227 -0.147462 -0.00912889 0.01 72 72 0 0 0
228 -0.18131 -0.00783973 0.01 91 91 -0.00183165 0.00103585 0
242 -0.13964 -0.0086623 0.01 72 72 0 0 0
254 -0.143532 -0.00944988 0.01 60 60 0 0 0
260 -0.144726 -0.00928545 0.01 59 59 -1.2666e-06 0 0.000140191
279 -0.159364 -0.00878864 0.01 72 72 0 0 0
284 -0.182346 -0.00783973 0.01 91 91 0 0 0
291 -0.182346 -0.00783973 0.01 93 93 0 0 0
292 -0.157181 -0.0083496 0.01 60 60 0 0 0
308 -0.143532 -0.00909144 0.01 58 58 0 0 0
316 -0.143532 -0.00944988 0.01 59 59 0 0 0
333 -0.143532 -0.00944988 0.01 60 61 0 0 0
335 -0.143532 -0.00944988 0.01 60 61 0 0 0
342 -0.143532 -0.00944988 0.01 60 61 0 0 0
350 -0.143532 -0.00944988 0.01 58 58 0 0 0
366 -0.182346 -0.00783973 0.01 92 92 0 0 0
382 -0.17151 -0.00827356 0.01 72 71 0 0 0
396 -0.143532 -0.00944988 0.01 60 60 0 0 0
397 -0.143532 -0.00942564 0.01 59 59 0 0 0
408 -0.182346 -0.00783973 0.01 91 91 0 0 0
491 -0.149631 -0.00944988 0.01 59 59 0 0 0
497 -0.150048 -0.0082109 0.01 72 72 0 0 0
505 -0.152337 -0.00878864 0.01 72 72 0 0 0
509 -0.143532 -0.00944988 0.01 59 59 0 0 0
516 -0.143532 -0.00944988 0.01 59 59 0 0 0
528 -0.140995 -0.00949937 0.01 72 72 0 0 0
531 -0.140106 -0.00885982 0.01 72 72 0 0 0
532 -0.149194 -0.00798274 0.01 72 70 0 0 0
537 -0.161401 -0.00864386 0.01 72 72 0 0 0
548 -0.161401 -0.00864386 0.01 72 72 0 0 0
595 -0.143532 -0.00944988 0.01 58 58 0 0 0
608 -0.182346 -0.00783973 0.01 92 92 0 0 0
609 -0.149631 -0.00944988 0.01 60 60 0 0 0
611 -0.179561 -0.00775059 0.01 72 73 0 0 0
632 -0.153678 -0.00808514 0.01 72 72 0 0 0
636 -0.149631 -0.00944988 0.01 60 60 0 0 0
645 -0.143532 -0.00944988 0.01 60 60 0 0 0
652 -0.143532 -0.00944988 0.01 60 60 0 0 0
653 -0.161401 -0.00864386 0.01 72 72 0 0 0
663 -0.149821 -0.00944988 0.01 60 61 0 0 0
668 -0.182346 -0.00783973 0.01 91 91 0 0 0
669 -0.143532 -0.00944988 0.01 60 60 0 0 0
676 -0.144726 -0.00942564 0.01 59 59 0 0 0
684 -0.143532 -0.00909144 0.01 60 60 0 0 0
689 -0.149631 -0.00944988 0.01 59 59 0 0 0
732 -0.149631 -0.00944988 0.01 60 61 0 0 0
736 -0.140106 -0.0087406 0.01 72 72 0 0 0
739 -0.182346 -0.00783973 0.01 91 91 0 0 0
752 -0.182346 -0.00791107 0.01 91 91 0 0 0
765 -0.173272 -0.00801195 0.01 72 72 0 0 0
777 -0.149631 -0.00944988 0.01 60 60 0 0 0
781 -0.182346 -0.00783973 0.01 92 92 0 0 0
786 -0.182346 -0.00783973 0.01 92 92 0 0 0
797 -0.161401 -0.00864386 0.01 72 72 0 0 0
825 -0.17151 -0.00827356 0.01 72 72 0 0 0
837 -0.173272 -0.00786734 0.01 72 72 0 0 0
848 -0.143532 -0.00944988 0.01 60 60 0 0 0
852 -0.182346 -0.00783973 0.01 92 92 0 0 0
853 -0.182346 -0.00783973 0.01 91 91 0 0 0
855 -0.136238 -0.00762933 0.01 72 72 0 0 0
861 -0.173272 -0.0077937 0.01 72 72 0 0 0
865 -0.173272 -0.00786734 0.01 72 72 0 0 0
871 -0.182346 -0.00783973 0.01 91 91 0 0 0
872 -0.140824 -0.00773886 0.01 72 72 0 0 0
880 -0.140929 -0.00911869 0.01 72 73 0 0 0
890 -0.173272 -0.00782225 0.01 72 72 0 0 0
896 -0.143532 -0.00944988 0.01 60 60 0 0 0
909 -0.182311 -0.00807937 0.01 72 72 0 0 0
916 -0.149631 -0.00944988 0.01 60 60 0 0 0
952 -0.143532 -0.00944988 0.01 59 60 0 0 0
961 -0.157181 -0.0083496 0.01 60 63 0 0 0
965 -0.171562 -0.00786734 0.01 72 72 -0.00014469 0.00170991 0
975 -0.182346 -0.00783973 0.01 91 92 0 0 0
978 -0.152337 -0.00878864 0.01 72 72 0 0 0
1008 -0.17151 -0.00827356 0.01 72 72 0 0 0
1023 -0.182346 -0.00783973 0.01 93 93 0 0 0
1025 -0.145016 -0.00875549 0.01 72 73 0 0 0
1034 -0.173272 -0.00782225 0.01 72 72 2.20835e-05 0 4.50918e-05
1064 -0.186079 -0.00783973 0.01 91 91 0.00615421 -0.00373271 0
1093 -0.173272 -0.00786734 0.01 72 72 0 0 0
1111 -0.182346 -0.00783973 0.01 91 90 0 0 0
1116 -0.17151 -0.00827356 0.01 72 72 0 0 0
1121 -0.143532 -0.00944988 0.01 58 58 0 0 0
1122 -0.143532 -0.00944988 0.01 60 60 0 0 0
1124 -0.144726 -0.00942564 0.01 59 59 0 0 0
1125 -0.182346 -0.00783973 0.01 91 91 0 0 0
1135 -0.143532 -0.00944988 0.01 60 60 0 0 0
1149 -0.143532 -0.00944988 0.01 58 58 0 0 0
1175 -0.173272 -0.00807937 0.01 72 73 0 0 0
1199 -0.150648 -0.00944988 0.01 60 60 1.88798e-05 -0.00101735 0
1206 -0.143532 -0.00944988 0.01 58 58 0 0 0
1209 -0.143532 -0.00909144 0.01 59 59 0 0 0
1210 -0.17151 -0.00827356 0.01 72 72 0 0 0
1226 -0.144726 -0.00942564 0.01 59 59 0 0 0
1230 -0.143532 -0.00924735 0.01 60 60 0 0 0
1238 -0.143532 -0.00944988 0.01 58 58 0 0 0
1257 -0.149631 -0.00944988 0.01 60 60 0 0 0
1264 -0.182346 -0.00783973 0.01 91 91 0 0 0
1267 -0.143532 -0.00944988 0.01 60 60 0 0 0
1271 -0.136238 -0.00762933 0.01 72 72 0 0 0
1282 -0.173272 -0.00786734 0.01 72 72 0 0 0
1306 -0.143532 -0.00942564 0.01 59 59 0 0 0
1322 -0.182346 -0.00783973 0.01 92 92 0 0 0
1340 -0.18131 -0.00783973 0.01 91 91 0 0 0
1345 -0.159557 -0.0078329 0.01 72 72 0 0 0
1355 -0.149631 -0.00944988 0.01 60 61 0 0 0
1386 -0.144726 -0.00942564 0.01 59 59 0 0 0
1414 -0.169115 -0.00783973 0.01 92 92 -0.0322593 0.0132308 0
1417 -0.182346 -0.00783973 0.01 91 91 0 0 0
1419 -0.143532 -0.00944988 0.01 59 59 0 0 0
1436 -0.143532 -0.00944988 0.01 59 59 0 0 0
1470 -0.143532 -0.00944988 0.01 60 60 0 0 0
1483 -0.149631 -0.00922588 0.01 60 60 0 0 0
1499 -0.149631 -0.00944988 0.01 59 59 0 0 0
1500 -0.182346 -0.0081046 0.01 92 92 -0.0091261 0 -0.000264864
1547 -0.144726 -0.00942564 0.01 59 59 0 0 0
1558 -0.182346 -0.00783973 0.01 91 91 0 0 0
1560 -0.159557 -0.0078329 0.01 72 72 0 0 0
1566 -0.149631 -0.00944988 0.01 60 60 0 0 0
1568 -0.192647 -0.00783973 0.01 91 91 0.0154258 -0.0103006 0
1581 -0.133636 -0.00864753 0.01 72 72 0 0 0
1587 -0.143532 -0.00942564 0.01 59 59 0 0 0
1595 -0.143532 -0.00944988 0.01 60 60 0 0 0
1626 -0.161401 -0.00864386 0.01 72 72 0 0 0
1631 -0.182346 -0.00791107 0.01 92 92 0 0 0
1635 -0.182346 -0.00783973 0.01 91 91 0 0 0
1636 -0.195601 -0.00783973 0.01 92 92 0 0 0
1639 -0.140352 -0.00828813 0.01 72 72 0 0 0
1649 -0.182346 -0.00783973 0.01 91 91 0 0 0
1650 -0.143532 -0.00922276 0.01 58 58 1.99676e-06 0 -0.000131327
1662 -0.143532 -0.00944988 0.01 60 60 0 0 0
1667 -0.134446 -0.00944988 0.01 60 60 0 0 0
1676 -0.149631 -0.00944988 0.01 60 60 0 0 0
1685 -0.145454 -0.00805185 0.01 72 72 0 0 0
1689 -0.153037 -0.00955243 0.01 72 72 0 0 0
1692 -0.151838 -0.00944988 0.01 60 60 0 0 0
1709 -0.182346 -0.00783973 0.01 91 91 0 0 0
1719 -0.137795 -0.00944988 0.01 60 60 0 0 0
1722 -0.143532 -0.00948481 0.01 59 59 0 0 0
1724 -0.143532 -0.00944988 0.01 60 60 0 0 0
1751 -0.143532 -0.00942564 0.01 59 59 0 0 0
1760 -0.179561 -0.00775059 0.01 72 72 0 0 0
1775 -0.143532 -0.00944988 0.01 60 60 0 0 0
1808 -0.143532 -0.00944988 0.01 60 60 0 0 0
1810 -0.145016 -0.00820087 0.01 72 72 0 0 0
1823 -0.149631 -0.00944988 0.01 58 58 0 0 0
1842 -0.151636 -0.00944988 0.01 60 60 0 0 0
1857 -0.143532 -0.00944988 0.01 60 61 0 0 0
1884 -0.173272 -0.00786734 0.01 72 72 0 0 0
1911 -0.143532 -0.00942564 0.01 59 59 0 0 0
1916 -0.182346 -0.00786617 0.01 92 92 0 0 0
1931 -0.182346 -0.00783973 0.01 91 91 0 0 0
1936 -0.143532 -0.00944988 0.01 59 59 0 0 0
1939 -0.140106 -0.0087406 0.01 72 72 0 0 0
1946 -0.13964 -0.0086623 0.01 72 72 0 0 0
1956 -0.164509 -0.00944988 0.01 59 59 0 0 0
1958 -0.143532 -0.00942564 0.01 59 59 0 0 0
1960 -0.143532 -0.00942564 0.01 59 59 0 0 0
1967 -0.182346 -0.00783973 0.01 91 91 0 0 0
1981 -0.149631 -0.00944988 0.01 60 60 0 0 0
1990 -0.182346 -0.00783973 0.01 91 91 0 0 0
1996 -0.182346 -0.00783973 0.01 91 91 0 0 0
2007 -0.156329 -0.00944988 0.01 59 59 8.86917e-05 -0.00669831 0
2014 -0.141331 -0.00864013 0.01 72 72 0 0 0
2018 -0.147462 -0.00912889 0.01 72 72 0 0 0
2032 -0.140352 -0.00828813 0.01 72 72 0 0 0
2036 -0.143532 -0.00944988 0.01 59 58 0 0 0
2048 -0.184001 -0.00775059 0.01 72 72 0.000258893 -0.00443946 0
2054 -0.173272 -0.00786734 0.01 72 72 0 0 0
2065 -0.135401 -0.00900567 0.01 72 72 0 0 0
2080 -0.159364 -0.00878864 0.01 72 72 0 0 0
2112 -0.179561 -0.00775059 0.01 72 72 0 0 0
2130 -0.149631 -0.00944988 0.01 60 60 0 0 0
2137 -0.182346 -0.00783973 0.01 91 91 0 0 0
2145 -0.182346 -0.00783973 0.01 92 92 0 0 0
2147 -0.143532 -0.00944988 0.01 60 60 0 0 0
2154 -0.182346 -0.00783973 0.01 92 92 0 0 0
2162 -0.182346 -0.00734684 0.01 91 91 0 0 0
2177 -0.159557 -0.0078329 0.01 72 72 0 0 0
2190 -0.145016 -0.00820087 0.01 72 72 0 0 0
2193 -0.143532 -0.00944988 0.01 59 59 0 0 0
2222 -0.182346 -0.00802043 0.01 92 92 -0.00610936 0 -0.000180699
2234 -0.144726 -0.00942564 0.01 59 59 0 0 0
2250 -0.143532 -0.00944988 0.01 60 60 0 0 0
2252 -0.144726 -0.00942564 0.01 59 59 0 0 0
2255 -0.18131 -0.00783973 0.01 91 91 0 0 0
2287 -0.143532 -0.00944988 0.01 60 60 0 0 0
2291 -0.149631 -0.00944988 0.01 60 60 0 0 0
2298 -0.161401 -0.00864386 0.01 72 72 0 0 0
2302 -0.155052 -0.00955243 0.01 72 72 0 0 0
2306 -0.182346 -0.00783973 0.01 91 91 0 0 0
2309 -0.152337 -0.00878864 0.01 72 72 0 0 0
2312 -0.182346 -0.00783973 0.01 92 92 0 0 0
2327 -0.173272 -0.00786734 0.01 72 72 0 0 0
2328 -0.182346 -0.00783973 0.01 91 91 0 0 0
2333 -0.140106 -0.00885982 0.01 72 72 0 0 0
2347 -0.149631 -0.00944988 0.01 60 60 0 0 0
2353 -0.143532 -0.00944988 0.01 60 60 0 0 0
2365 -0.182346 -0.00783973 0.01 92 92 0 0 0
2368 -0.182346 -0.00783973 0.01 91 91 0 0 0
2377 -0.140512 -0.00874481 0.01 72 72 0 0 0
2400 -0.140106 -0.00830288 0.01 72 72 0 0 0
2425 -0.138549 -0.00944988 0.01 59 59 0 0 0
2428 -0.173272 -0.00786734 0.01 72 72 0 0 0
2443 -0.149631 -0.00944988 0.01 60 60 0 0 0
2449 -0.182346 -0.00783973 0.01 91 91 0 0 0
2474 -0.143532 -0.00944988 0.01 60 60 0 0 0
2480 -0.182346 -0.00783973 0.01 91 91 0 0 0
2505 -0.140512 -0.00896581 0.01 72 72 0 0 0
2523 -0.179561 -0.00775059 0.01 72 72 0 0 0
2525 -0.182346 -0.00783973 0.01 92 92 0 0 0
2529 -0.149631 -0.00944988 0.01 60 60 0 0 0
2532 -0.143532 -0.00942564 0.01 60 59 0 0 0
2537 -0.159557 -0.0078329 0.01 72 72 0 0 0
2548 -0.140995 -0.00955191 0.01 72 72 0 0 0
2562 -0.155147 -0.00873794 0.01 72 71 0 0 0
2579 -0.143532 -0.00944988 0.01 59 59 0 0 0
2586 -0.140512 -0.00896581 0.01 72 72 0 0 0
2600 -0.143532 -0.00909144 0.01 59 59 0 0 0
2611 -0.153037 -0.00955243 0.01 72 72 0 0 0
2619 -0.149631 -0.00944988 0.01 59 59 0 0 0
2622 -0.144726 -0.00942564 0.01 59 59 0 0 0
2637 -0.164612 -0.0091426 0.01 60 60 0 0 0
2648 -0.182346 -0.00783973 0.01 93 93 0 0 0
2658 -0.143532 -0.00944988 0.01 60 60 0 0 0
2668 -0.147201 -0.00944988 0.01 60 60 8.16733e-05 -0.00366911 0
2684 -0.146286 -0.00969202 0.01 72 71 0 0 0
2702 -0.144726 -0.00942564 0.01 59 59 0 0 0
2705 -0.149631 -0.00944988 0.01 59 59 0 0 0
2736 -0.182346 -0.00783973 0.01 91 91 0 0 0
2757 -0.149631 -0.00944988 0.01 60 60 0 0 0
2758 -0.143532 -0.00944988 0.01 60 60 0 0 0
2766 -0.182346 -0.00783973 0.01 91 91 0 0 0
2773 -0.143532 -0.00944988 0.01 60 60 0 0 0
2779 -0.182346 -0.00783973 0.01 91 91 0 0 0
2800 -0.145016 -0.00878407 0.01 72 72 0 0 0
2814 -0.144726 -0.00942564 0.01 60 59 0 0 0
2823 -0.182346 -0.00783973 0.01 91 91 0 0 0
2825 -0.145016 -0.00849043 0.01 72 72 0 0 0
2828 -0.179561 -0.00775059 0.01 72 72 0 0 0
2835 -0.144726 -0.00928545 0.01 59 59 0 0 0
2839 -0.136025 -0.00773584 0.01 72 72 0 0 0
2873 -0.143532 -0.00944988 0.01 59 59 0 0 0
2878 -0.136025 -0.00773584 0.01 72 72 0 0 0
2882 -0.143532 -0.00944988 0.01 58 58 0 0 0
2884 -0.179561 -0.00775059 0.01 72 72 0 0 0
2885 -0.143532 -0.00944988 0.01 60 60 0 0 0
2891 -0.182346 -0.00783973 0.01 92 92 0 0 0
2894 -0.149631 -0.00944988 0.01 60 60 0 0 0
2896 -0.173272 -0.00786734 0.01 72 72 0 0 0
2897 -0.17151 -0.00827356 0.01 72 72 0 0 0
2936 -0.143532 -0.00944988 0.01 60 60 0 0 0
2938 -0.177999 -0.00783973 0.01 92 92 -0.009377 0.00434764 0
2976 -0.141105 -0.00985415 0.01 72 71 0 0 0
2998 -0.173272 -0.00786734 0.01 72 72 0 0 0
3005 -0.143532 -0.00944988 0.01 60 60 0 0 0
3013 -0.179561 -0.00775059 0.01 72 72 0 0 0
3025 -0.149631 -0.00944988 0.01 60 60 0 0 0
3051 -0.182346 -0.00793932 0.01 93 93 -0.00395125 0 -9.95891e-05
3065 -0.149631 -0.00944988 0.01 60 60 0 0 0
3068 -0.143532 -0.00909144 0.01 60 59 0 0 0
3081 -0.173272 -0.00807937 0.01 72 73 0 0 0
3083 -0.142409 -0.00827356 0.01 72 71 0 0 0
3099 -0.143532 -0.00944988 0.01 60 61 0 0 0
3101 -0.182311 -0.00807937 0.01 72 72 0 0 0
3126 -0.173272 -0.0077937 0.01 72 72 0 0 0
3139 -0.17454 -0.00807937 0.01 72 72 0 0 0
3148 -0.134446 -0.00944988 0.01 60 60 0 0 0
3150 -0.140106 -0.0087406 0.01 72 72 0 0 0
3176 -0.182346 -0.00800813 0.01 91 90 -0.00390771 0 -0.000168399
3232 -0.140352 -0.00828813 0.01 72 72 0 0 0
3235 -0.149631 -0.00944988 0.01 60 60 0 0 0
3237 -0.149631 -0.00944988 0.01 60 60 0 0 0
3244 -0.182346 -0.00783973 0.01 91 90 0 0 0
3249 -0.149631 -0.00944988 0.01 59 60 0 0 0
3254 -0.159364 -0.00878864 0.01 72 72 0 0 0
3257 -0.149631 -0.00944988 0.01 59 59 0 0 0
3260 -0.182346 -0.00783973 0.01 91 91 0 0 0
3272 -0.143532 -0.00944988 0.01 58 58 0 0 0
3280 -0.144726 -0.00942564 0.01 59 59 0 0 0
3281 -0.149631 -0.00944988 0.01 60 60 0 0 0
3290 -0.143532 -0.00944988 0.01 60 60 0 0 0
3308 -0.143532 -0.00944988 0.01 60 60 0 0 0
3340 -0.182346 -0.00786617 0.01 92 92 0 0 0
3343 -0.182346 -0.00791107 0.01 92 92 0 0 0
3345 -0.143532 -0.00944988 0.01 60 60 0 0 0
3366 -0.140106 -0.0087406 0.01 72 72 0 0 0
3383 -0.145796 -0.00864753 0.01 72 72 0 0 0
3391 -0.136238 -0.00762933 0.01 72 72 0 0 0
3394 -0.143532 -0.00944988 0.01 59 59 0 0 0
3446 -0.146069 -0.00909763 0.01 72 72 0 0 0
3450 -0.143532 -0.00944988 0.01 60 60 0 0 0
3459 -0.182346 -0.00783973 0.01 91 91 0 0 0
3471 -0.145016 -0.00849043 0.01 72 72 0 0 0
3482 -0.145016 -0.00849043 0.01 72 73 0 0 0
3489 -0.182346 -0.00783973 0.01 92 92 0 0 0
3495 -0.131787 -0.00978961 0.01 72 72 0 0 0
3502 -0.173272 -0.00786734 0.01 72 72 0 0 0
3513 -0.143532 -0.00944988 0.01 60 61 0 0 0
3514 -0.160674 -0.00828813 0.01 72 73 0 0 0
3519 -0.143532 -0.00944988 0.01 60 60 0 0 0
3534 -0.144726 -0.00942564 0.01 59 59 0 0 0
3561 -0.143532 -0.00944988 0.01 60 60 0 0 0
3590 -0.143532 -0.00929591 0.01 58 58 3.09944e-06 0 -0.000204478
3609 -0.149631 -0.00944988 0.01 60 60 0 0 0
3644 -0.149631 -0.00944988 0.01 60 60 0 0 0
3658 -0.149631 -0.00944988 0.01 60 60 0 0 0
3665 -0.159557 -0.00794192 0.01 72 72 -8.91984e-05 0 -0.000109022
3670 -0.18131 -0.00783973 0.01 91 91 0 0 0
3683 -0.133636 -0.00864753 0.01 72 72 0 0 0
3686 -0.143532 -0.00909144 0.01 58 58 0 0 0
3707 -0.143532 -0.00944988 0.01 59 60 0 0 0
3708 -0.159557 -0.0078329 0.01 72 72 0 0 0
3721 -0.182346 -0.00783973 0.01 91 91 0 0 0
3723 -0.143532 -0.00944988 0.01 60 60 0 0 0
3736 -0.182346 -0.00783973 0.01 93 93 0 0 0
3746 -0.143532 -0.00942564 0.01 59 59 0 0 0
3752 -0.149631 -0.00944988 0.01 60 60 0 0 0
3770 -0.157181 -0.00851281 0.01 60 61 0 0 0
3772 -0.182346 -0.00783973 0.01 92 92 0 0 0
3782 -0.182346 -0.00783973 0.01 92 92 0 0 0
3786 -0.140195 -0.00859764 0.01 72 72 0 0 0
3789 -0.173272 -0.00801195 0.01 72 72 0 0 0
3792 -0.149631 -0.00944988 0.01 59 59 0 0 0
3797 -0.143532 -0.00944988 0.01 60 60 0 0 0
3804 -0.182346 -0.00783973 0.01 92 92 0 0 0
3820 -0.17151 -0.00827356 0.01 72 72 0 0 0
3824 -0.136025 -0.00773584 0.01 72 72 0 0 0
3828 -0.143532 -0.00944988 0.01 60 60 0 0 0
3831 -0.182346 -0.00783973 0.01 91 91 0 0 0
3851 -0.182346 -0.00783973 0.01 92 92 0 0 0
3856 -0.149631 -0.00944988 0.01 60 60 0 0 0
3870 -0.143532 -0.00924735 0.01 60 61 0 0 0
3876 -0.137419 -0.00849043 0.01 72 73 0 0 0
3897 -0.149631 -0.00939799 0.01 60 60 0 0 0
3904 -0.140106 -0.00885982 0.01 72 72 0 0 0
3910 -0.141331 -0.00864013 0.01 72 72 0 0 0
3933 -0.143532 -0.00942564 0.01 59 59 0 0 0
3940 -0.135401 -0.00900567 0.01 72 72 0 0 0
3955 -0.164424 -0.00843375 0.01 72 72 0 0 0
3987 -0.150048 -0.00832483 0.01 72 72 0 0 0
3990 -0.149631 -0.00944988 0.01 60 61 0 0 0
4004 -0.149631 -0.00944988 0.01 59 59 0 0 0
4007 -0.147462 -0.00912889 0.01 72 72 0 0 0
4008 -0.144726 -0.00942564 0.01 59 59 0 0 0
4015 -0.149631 -0.00944988 0.01 60 60 0 0 0
4027 -0.143532 -0.00944988 0.01 60 60 0 0 0
4056 -0.134446 -0.00944988 0.01 60 60 0 0 0
4059 -0.152337 -0.00878864 0.01 72 72 0 0 0
4109 -0.149631 -0.00944988 0.01 60 59 0 0 0
4116 -0.140512 -0.00896581 0.01 72 72 0 0 0
4118 -0.182346 -0.00783973 0.01 93 93 0 0 0
4122 -0.164612 -0.0091426 0.01 60 62 0.000540569 -0.0210798 0
4126 -0.154812 -0.00841527 0.01 72 72 0 0 0
4132 -0.182346 -0.00783973 0.01 92 92 0 0 0
4145 -0.182346 -0.00783973 0.01 92 92 0 0 0
4178 -0.182346 -0.00783973 0.01 91 91 0 0 0
4190 -0.149194 -0.00862763 0.01 72 72 0 0 0
4207 -0.149194 -0.00814006 0.01 72 72 -0.000194684 0 -0.000157321
4216 -0.140512 -0.00874481 0.01 72 71 0 0 0
4233 -0.143532 -0.00944988 0.01 60 60 0 0 0
4234 -0.143532 -0.00944988 0.01 60 60 0 0 0
4240 -0.161401 -0.00864386 0.01 72 72 0 0 0
4244 -0.143532 -0.00944988 0.01 60 60 0 0 0
4246 -0.155052 -0.00955243 0.01 72 72 0 0 0
4250 -0.144726 -0.00942564 0.01 59 59 0 0 0
4252 -0.143532 -0.00944988 0.01 60 60 0 0 0
4260 -0.17151 -0.00827356 0.01 72 72 0 0 0
4277 -0.173272 -0.0077937 0.01 72 72 0 0 0
4285 -0.149631 -0.00944988 0.01 60 60 0 0 0
4299 -0.149631 -0.00944988 0.01 60 60 0 0 0
4303 -0.157181 -0.0083496 0.01 60 61 0 0 0
4319 -0.179561 -0.00775059 0.01 72 72 0 0 0
4331 -0.140106 -0.0087406 0.01 72 73 0 0 0
4334 -0.154084 -0.00864386 0.01 72 72 0 0 0
4341 -0.182311 -0.00807937 0.01 72 72 0 0 0
4364 -0.155099 -0.00900567 0.01 72 72 0 0 0
4380 -0.143532 -0.00944988 0.01 60 60 0 0 0
4397 -0.143532 -0.00944988 0.01 60 61 0 0 0
4398 -0.15703 -0.00875727 0.01 72 72 0 0 0
4403 -0.182346 -0.00783973 0.01 92 92 0 0 0
4415 -0.143532 -0.00942564 0.01 59 59 0 0 0
4444 -0.182346 -0.00783973 0.01 92 92 0 0 0
4446 -0.145016 -0.00820087 0.01 72 72 0 0 0
4449 -0.143532 -0.00944988 0.01 60 60 0 0 0
4469 -0.144726 -0.00942564 0.01 59 59 0 0 0
4483 -0.182346 -0.00783973 0.01 91 91 0 0 0
4489 -0.143532 -0.00944988 0.01 60 60 0 0 0
4502 -0.155147 -0.00873794 0.01 72 72 0 0 0
4511 -0.130682 -0.00844627 0.01 72 71 0 0 0
4530 -0.136025 -0.00773584 0.01 72 72 0 0 0
4548 -0.143532 -0.00948481 0.01 59 59 0 0 0
4558 -0.173272 -0.00786734 0.01 72 72 0 0 0
4566 -0.182346 -0.00791107 0.01 92 92 0 0 0
4569 -0.143532 -0.00944988 0.01 60 60 0 0 0
4572 -0.182346 -0.00783973 0.01 91 91 0 0 0
4575 -0.143532 -0.00944988 0.01 60 60 0 0 0
4581 -0.131517 -0.00944988 0.01 60 60 0 0 0
4584 -0.143532 -0.00944988 0.01 60 60 0 0 0
4596 -0.143532 -0.00942564 0.01 59 59 0 0 0
4604 -0.143532 -0.00944988 0.01 59 59 0 0 0
4609 -0.143532 -0.00944988 0.01 59 59 0 0 0
4626 -0.140512 -0.00874481 0.01 72 72 0 0 0
4637 -0.149631 -0.00944988 0.01 60 60 0 0 0
4654 -0.136238 -0.00762933 0.01 72 72 0 0 0
4655 -0.173272 -0.00786734 0.01 72 71 0 0 0
4660 -0.182346 -0.00783973 0.01 92 92 0 0 0
4666 -0.182346 -0.00783973 0.01 91 90 0 0 0
4671 -0.182346 -0.00783973 0.01 91 91 0 0 0
4681 -0.144726 -0.00942564 0.01 59 59 0 0 0
4687 -0.143532 -0.00944988 0.01 60 60 0 0 0
4692 -0.143532 -0.00944988 0.01 60 60 0 0 0
4694 -0.145016 -0.00849043 0.01 72 72 0 0 0
4697 -0.143532 -0.00944988 0.01 59 59 0 0 0
4722 -0.182346 -0.00783973 0.01 91 91 0 0 0
4742 -0.151636 -0.00944988 0.01 60 60 0 0 0
4761 -0.173272 -0.00786734 0.01 72 72 0 0 0
4763 -0.159364 -0.00878864 0.01 72 72 0 0 0
4765 -0.143532 -0.00944988 0.01 60 60 0 0 0
4769 -0.143532 -0.00944988 0.01 59 59 0 0 0
4781 -0.179561 -0.00775059 0.01 72 72 0 0 0
4803 -0.182346 -0.00783973 0.01 91 91 0 0 0
4808 -0.182346 -0.00783973 0.01 92 92 0 0 0
4815 -0.149631 -0.00944988 0.01 60 61 0 0 0
4820 -0.150847 -0.00944988 0.01 60 61 0 0 0
4821 -0.174649 -0.00910225 0.01 72 72 0 0 0
4825 -0.150048 -0.00832483 0.01 72 72 0 0 0
4839 -0.17151 -0.00827356 0.01 72 72 0 0 0
4843 -0.143532 -0.00942564 0.01 59 59 0 0 0
4844 -0.173272 -0.00786734 0.01 72 72 0 0 0
4864 -0.145454 -0.00805485 0.01 72 72 -4.21703e-06 0 -2.99513e-06
4870 -0.179561 -0.00775059 0.01 72 72 0 0 0
4887 -0.136025 -0.00773584 0.01 72 73 0 0 0
4914 -0.151636 -0.00944988 0.01 60 60 0 0 0
4918 -0.164612 -0.0091426 0.01 60 60 0 0 0
4920 -0.18131 -0.00783973 0.01 91 91 0 0 0
4925 -0.182346 -0.00783973 0.01 91 91 0 0 0
4934 -0.149631 -0.00944988 0.01 58 58 0 0 0
4961 -0.173272 -0.00786734 0.01 72 72 0 0 0
4964 -0.159364 -0.00878864 0.01 72 72 0 0 0
4980 -0.173272 -0.00786734 0.01 72 72 0 0 0
4992 -0.182346 -0.00783973 0.01 92 92 0 0 0
5001 -0.187708 -0.00792528 0.01 91 91 0.0066236 -0.0053613 -8.55476e-05
5005 -0.182346 -0.00783973 0.01 91 91 0 0 0
5023 -0.143532 -0.00944988 0.01 60 60 0 0 0
5028 -0.182346 -0.00783973 0.01 91 91 0 0 0
5042 -0.17151 -0.00827356 0.01 72 72 0 0 0
5045 -0.144726 -0.00942564 0.01 59 59 0 0 0
5046 -0.143532 -0.00944988 0.01 60 60 0 0 0
5060 -0.140512 -0.00896581 0.01 72 72 0 0 0
5064 -0.140512 -0.00896581 0.01 72 72 0 0 0
5067 -0.143532 -0.00944988 0.01 60 60 0 0 0
5070 -0.182346 -0.00783973 0.01 92 92 0 0 0
5078 -0.155052 -0.00955243 0.01 72 72 0 0 0
5079 -0.143532 -0.00944988 0.01 59 60 0 0 0
5085 -0.143532 -0.00944988 0.01 60 60 0 0 0
5092 -0.140512 -0.00896581 0.01 72 72 0 0 0
5117 -0.156329 -0.00944988 0.01 59 59 0 0 0
5123 -0.140106 -0.0087406 0.01 72 72 0 0 0
5137 -0.161401 -0.00864386 0.01 72 72 0 0 0
5138 -0.177455 -0.00783973 0.01 92 92 0 0 0
5140 -0.187591 -0.00783973 0.01 92 92 0.00987568 -0.00524463 0
5147 -0.144726 -0.00942564 0.01 59 59 0 0 0
5163 -0.149631 -0.00939799 0.01 60 60 0 0 0
5166 -0.143532 -0.00944988 0.01 60 60 0 0 0
5169 -0.143532 -0.00944988 0.01 60 60 0 0 0
5171 -0.153037 -0.00955243 0.01 72 72 0 0 0
5182 -0.182346 -0.00783973 0.01 91 91 0 0 0
5193 -0.149631 -0.00944988 0.01 60 60 0 0 0
5217 -0.182346 -0.00783973 0.01 93 93 0 0 0
5230 -0.173272 -0.00786734 0.01 72 72 0 0 0
5231 -0.179561 -0.00780056 0.01 72 72 0 0 0
5232 -0.149631 -0.00944988 0.01 59 59 0 0 0
5234 -0.149631 -0.00944988 0.01 60 60 0 0 0
5237 -0.135401 -0.00900567 0.01 72 72 0 0 0
5244 -0.155099 -0.00900567 0.01 72 72 0 0 0
5260 -0.140195 -0.00859764 0.01 72 72 0 0 0
5280 -0.144726 -0.00942564 0.01 59 59 0 0 0
5286 -0.173272 -0.00807937 0.01 72 72 0 0 0
5293 -0.179561 -0.00780056 0.01 72 72 0 0 0
5308 -0.143532 -0.00948481 0.01 59 59 5.51343e-07 0 -5.91725e-05
5317 -0.143532 -0.00944988 0.01 59 59 0 0 0
5328 -0.149631 -0.00944988 0.01 60 60 0 0 0
5340 -0.164612 -0.0091426 0.01 60 60 0 0 0
5341 -0.149631 -0.00944988 0.01 60 60 0 0 0
5342 -0.143532 -0.00944988 0.01 60 60 0 0 0
5346 -0.1458 -0.00898219 0.01 72 72 0 0 0
5356 -0.143532 -0.00944988 0.01 59 60 0 0 0
5359 -0.182346 -0.00783973 0.01 91 91 0 0 0
5371 -0.173272 -0.00786734 0.01 72 72 0 0 0
5393 -0.143532 -0.009432 0.01 60 61 0 0 0
5399 -0.145016 -0.00878407 0.01 72 72 0 0 0
5405 -0.159557 -0.0078329 0.01 72 72 0 0 0
5409 -0.151636 -0.00944988 0.01 59 59 0 0 0
5453 -0.138681 -0.00849043 0.01 72 72 0.000423327 -0.00126153 0
5456 -0.145016 -0.00878407 0.01 72 72 0 0 0
5462 -0.149631 -0.00944988 0.01 60 61 0 0 0
5463 -0.144726 -0.00942564 0.01 59 59 0 0 0
5465 -0.140106 -0.00830288 0.01 72 72 0 0 0
5473 -0.173272 -0.00801195 0.01 72 72 0 0 0
5497 -0.182346 -0.00783973 0.01 91 91 0 0 0
5504 -0.149631 -0.00944988 0.01 60 60 0 0 0
5513 -0.182346 -0.00791107 0.01 92 92 0 0 0
5514 -0.143532 -0.00944988 0.01 59 60 0 0 0
5516 -0.179561 -0.00775059 0.01 72 72 0 0 0
5520 -0.143532 -0.00944988 0.01 60 60 0 0 0
5526 -0.145016 -0.00849043 0.01 72 72 0 0 0
5543 -0.182346 -0.00783973 0.01 91 91 0 0 0
5573 -0.145016 -0.00849043 0.01 72 72 0 0 0
5574 -0.159364 -0.00878864 0.01 72 72 0 0 0
5576 -0.182346 -0.00783973 0.01 92 92 0 0 0
5580 -0.182346 -0.00783973 0.01 93 93 0 0 0
5617 -0.15703 -0.00875727 0.01 72 72 0 0 0
5640 -0.17151 -0.00827356 0.01 72 72 0 0 0
5666 -0.143532 -0.00909144 0.01 59 59 0 0 0
5669 -0.13964 -0.0086623 0.01 72 72 0 0 0
5694 -0.145016 -0.00878407 0.01 72 72 0 0 0
5707 -0.149631 -0.00944988 0.01 60 60 0 0 0
5714 -0.143532 -0.00909144 0.01 59 59 0 0 0
5720 -0.141331 -0.00864013 0.01 72 72 0 0 0
5724 -0.143532 -0.00944988 0.01 60 60 0 0 0
5730 -0.155099 -0.00900567 0.01 72 72 0 0 0
5734 -0.153037 -0.00955243 0.01 72 72 0 0 0
5742 -0.134446 -0.00944988 0.01 60 60 0 0 0
5750 -0.155099 -0.00900567 0.01 72 73 0 0 0
5752 -0.135401 -0.00900567 0.01 72 72 0 0 0
5815 -0.182346 -0.00783973 0.01 92 92 0 0 0
5819 -0.131517 -0.00944988 0.01 60 60 0 0 0
5824 -0.142678 -0.00758922 0.01 72 70 0 0 0
5832 -0.173272 -0.00786734 0.01 72 72 0 0 0
5849 -0.140106 -0.0087406 0.01 72 72 0 0 0
5853 -0.182346 -0.00783973 0.01 92 92 0 0 0
5862 -0.140106 -0.0087406 0.01 72 72 0 0 0
5864 -0.140352 -0.00828813 0.01 72 72 0 0 0
5881 -0.142678 -0.00793012 0.01 72 72 0 0 0
5886 -0.143532 -0.00944988 0.01 60 60 0 0 0
5920 -0.143532 -0.00944988 0.01 59 59 0 0 0
5928 -0.145454 -0.00805185 0.01 72 72 0 0 0
5933 -0.15703 -0.00875727 0.01 72 72 0 0 0
5946 -0.182346 -0.00783973 0.01 91 91 0 0 0
5956 -0.143532 -0.00942564 0.01 59 59 0 0 0
5957 -0.143532 -0.00944988 0.01 60 60 0 0 0
5966 -0.149194 -0.00862763 0.01 72 72 0 0 0
5973 -0.174292 -0.00783973 0.01 91 91 -0.0157799 0.00805436 0
5975 -0.122573 -0.00943757 0.01 72 72 0 0 0
5977 -0.143532 -0.00944988 0.01 59 59 0 0 0
5981 -0.140106 -0.0087406 0.01 72 72 0 0 0
5996 -0.182346 -0.00793916 0.01 93 93 0 0 0
6006 -0.143532 -0.00942564 0.01 59 59 0 0 0
6008 -0.182346 -0.00783973 0.01 91 91 0 0 0
6019 -0.149631 -0.00944988 0.01 59 59 0 0 0
6028 -0.182346 -0.00783973 0.01 92 92 0 0 0
6052 -0.143532 -0.00944988 0.01 60 61 0 0 0
6055 -0.138549 -0.00944988 0.01 59 59 0 0 0
6070 -0.143532 -0.00942564 0.01 59 59 0 0 0
6078 -0.133636 -0.00864753 0.01 72 72 0 0 0
6081 -0.131517 -0.00944988 0.01 60 60 0 0 0
6086 -0.143532 -0.00944988 0.01 60 60 0 0 0
6089 -0.143532 -0.00944988 0.01 60 60 0 0 0
6093 -0.173272 -0.00786734 0.01 72 72 0 0 0
6096 -0.143532 -0.00909144 0.01 58 58 0 0 0
6103 -0.143532 -0.00944988 0.01 60 60 0 0 0
6113 -0.141877 -0.00942564 0.01 59 59 -5.45084e-05 0.00284937 0
6124 -0.141331 -0.00864013 0.01 72 72 0 0 0
6142 -0.149631 -0.00944988 0.01 60 60 0 0 0
6149 -0.182346 -0.00783973 0.01 93 93 0 0 0
6158 -0.173272 -0.00786734 0.01 72 72 0 0 0
6176 -0.143532 -0.00942564 0.01 59 59 0 0 0
6179 -0.182346 -0.00783973 0.01 92 92 0 0 0
6189 -0.143532 -0.00944988 0.01 60 61 0 0 0
6194 -0.149631 -0.00944988 0.01 59 59 0 0 0
6198 -0.153037 -0.00955243 0.01 72 72 0 0 0
6199 -0.149631 -0.00944988 0.01 59 59 0 0 0
6203 -0.182346 -0.00791107 0.01 92 92 0 0 0
6204 -0.149631 -0.00944988 0.01 60 61 0 0 0
6205 -0.143532 -0.00944988 0.01 60 60 0 0 0
6208 -0.182346 -0.00783973 0.01 91 91 0 0 0
6230 -0.136238 -0.00762933 0.01 72 72 0 0 0
6240 -0.182346 -0.00783973 0.01 92 92 0 0 0
6264 -0.149631 -0.00944988 0.01 59 59 0 0 0
6265 -0.179561 -0.00801848 0.01 72 72 -8.57115e-05 0 -0.000217919
6285 -0.157181 -0.00851281 0.01 60 62 0 0 0
6288 -0.182346 -0.00783973 0.01 91 91 0 0 0
6292 -0.143532 -0.00944988 0.01 60 60 0 0 0
6316 -0.151728 -0.00944988 0.01 60 60 3.81023e-05 -0.00209674 0
6319 -0.144726 -0.00942564 0.01 59 59 0 0 0
6335 -0.149631 -0.00944988 0.01 60 60 0 0 0
6337 -0.159364 -0.00878864 0.01 72 71 0 0 0
6349 -0.145016 -0.00849043 0.01 72 72 0 0 0
6351 -0.182346 -0.00783973 0.01 91 90 0 0 0
6367 -0.182346 -0.00783973 0.01 92 92 0 0 0
6375 -0.173272 -0.00786734 0.01 72 72 0 0 0
6386 -0.143532 -0.00944988 0.01 60 60 0 0 0
6391 -0.157357 -0.00842295 0.01 72 72 0 0 0
6396 -0.140824 -0.00773886 0.01 72 72 0 0 0
6405 -0.182346 -0.00799793 0.01 91 91 0 0 0
6406 -0.136238 -0.00762933 0.01 72 72 0 0 0
6413 -0.182346 -0.00786617 0.01 92 92 0 0 0
6457 -0.143532 -0.00944988 0.01 59 59 0 0 0
6459 -0.160674 -0.00828813 0.01 72 73 0 0 0
6462 -0.143532 -0.00944988 0.01 60 60 0 0 0
6464 -0.145016 -0.00851273 0.01 72 72 0 0 0
6482 -0.173272 -0.00786734 0.01 72 72 0 0 0
6483 -0.140995 -0.00949937 0.01 72 72 0 0 0
6493 -0.17151 -0.00827356 0.01 72 72 0 0 0
6503 -0.140512 -0.00896581 0.01 72 72 0 0 0
6506 -0.143532 -0.00944988 0.01 60 60 0 0 0
6507 -0.145016 -0.00878407 0.01 72 72 0 0 0
6524 -0.149631 -0.00944988 0.01 60 60 0 0 0
6525 -0.17151 -0.00827356 0.01 72 72 0 0 0
6587 -0.149631 -0.00944988 0.01 60 60 0 0 0
6594 -0.159557 -0.0078329 0.01 72 72 0 0 0
6597 -0.182346 -0.00783973 0.01 93 93 0 0 0
6609 -0.165782 -0.00944988 0.01 60 60 0.000227913 -0.0161512 0
6621 -0.145016 -0.00878407 0.01 72 72 0 0 0
6624 -0.140106 -0.0087406 0.01 72 72 0 0 0
6635 -0.145331 -0.0087406 0.01 72 72 0 0 0
6645 -0.143532 -0.00944988 0.01 60 60 0 0 0
6648 -0.159557 -0.0078329 0.01 72 72 0 0 0
6655 -0.149631 -0.00944988 0.01 58 58 0 0 0
6659 -0.182346 -0.00783973 0.01 91 91 0 0 0
6662 -0.143532 -0.00944988 0.01 60 60 0 0 0
6690 -0.140352 -0.00828813 0.01 72 72 0 0 0
6703 -0.182346 -0.00783973 0.01 92 92 0 0 0
6710 -0.143532 -0.00942564 0.01 60 60 0 0 0
6748 -0.150946 -0.00944988 0.01 60 60 0 0 0
6752 -0.143532 -0.00944988 0.01 60 60 0 0 0
6768 -0.143532 -0.00976183 0.01 60 60 0 0 0
6772 -0.182346 -0.00783973 0.01 91 92 0 0 0
6783 -0.151636 -0.00944988 0.01 59 60 0 0 0
6785 -0.144138 -0.00944988 0.01 58 58 0 0 0
6787 -0.164424 -0.00843375 0.01 72 73 0 0 0
6790 -0.143532 -0.00909144 0.01 60 60 0 0 0
6792 -0.182346 -0.00783973 0.01 92 92 0 0 0
6813 -0.143532 -0.00942564 0.01 59 59 0 0 0
6814 -0.149635 -0.0075633 0.01 72 71 0 0 0
6815 -0.140106 -0.0087406 0.01 72 72 0 0 0
6825 -0.182346 -0.00801385 0.01 91 90 0 0 0
6830 -0.155147 -0.00873794 0.01 72 72 0 0 0
6861 -0.149631 -0.00944988 0.01 60 60 0 0 0
6862 -0.143532 -0.00942564 0.01 59 59 0 0 0
6865 -0.143532 -0.00944988 0.01 60 61 0 0 0
6876 -0.180302 -0.00912889 0.01 72 72 0.00531024 -0.0328396 0
6903 -0.143532 -0.00944988 0.01 60 60 0 0 0
6907 -0.143532 -0.00944988 0.01 60 60 0 0 0
6909 -0.179561 -0.00775059 0.01 72 72 0 0 0
6916 -0.143532 -0.00944988 0.01 58 58 0 0 0
6946 -0.149631 -0.00944988 0.01 60 59 0 0 0
6957 -0.152613 -0.00944988 0.01 60 62 0 0 0
6958 -0.182346 -0.00783973 0.01 91 91 0 0 0
6971 -0.177455 -0.00783973 0.01 92 92 -0.0106291 0.00489081 0
6975 -0.182346 -0.00783973 0.01 91 91 0 0 0
6984 -0.143532 -0.00944988 0.01 60 60 0 0 0
6997 -0.145454 -0.0078349 0.01 72 72 0 0 0
7003 -0.140106 -0.0087406 0.01 72 72 0 0 0
7008 -0.149631 -0.00944988 0.01 59 59 0 0 0
7014 -0.143532 -0.00944988 0.01 59 60 0 0 0
7021 -0.149631 -0.00944988 0.01 60 60 0 0 0
7026 -0.182346 -0.00783973 0.01 92 92 0 0 0
7033 -0.159557 -0.00788459 0.01 72 72 0 0 0
7041 -0.182346 -0.00791107 0.01 92 91 -0.00195721 0 -7.13347e-05
7067 -0.182311 -0.00804688 0.01 72 72 0 0 0
7092 -0.140352 -0.00828813 0.01 72 72 0 0 0
7096 -0.1458 -0.00898219 0.01 72 72 0 0 0
7121 -0.143532 -0.00944988 0.01 60 60 0 0 0
7127 -0.143532 -0.00944988 0.01 60 60 0 0 0
7141 -0.141331 -0.00864013 0.01 72 72 0 0 0
7152 -0.161669 -0.00944988 0.01 60 61 0 0 0
7156 -0.146069 -0.00912889 0.01 72 73 0 0 0
7157 -0.149631 -0.00944988 0.01 60 60 0 0 0
7163 -0.154813 -0.00930953 0.01 72 72 0 0 0
7179 -0.138681 -0.00849043 0.01 72 72 0 0 0
7194 -0.182346 -0.00783973 0.01 92 92 0 0 0
7196 -0.143532 -0.00944988 0.01 60 60 0 0 0
7226 -0.159364 -0.00878864 0.01 72 72 0 0 0
7239 -0.140512 -0.00896581 0.01 72 72 0 0 0
7240 -0.182346 -0.00783973 0.01 91 91 0 0 0
7259 -0.154813 -0.00930953 0.01 72 72 0 0 0
7263 -0.182346 -0.00783973 0.01 91 91 0 0 0
7273 -0.140352 -0.00828813 0.01 72 72 0 0 0
7278 -0.149631 -0.00944988 0.01 60 60 0 0 0
7279 -0.149631 -0.00944988 0.01 60 61 0 0 0
7311 -0.151636 -0.00944988 0.01 60 60 0 0 0
7312 -0.143532 -0.00944988 0.01 59 59 0 0 0
7315 -0.149631 -0.00944988 0.01 59 59 0 0 0
7321 -0.17454 -0.00807937 0.01 72 72 0 0 0
7341 -0.143532 -0.00944988 0.01 58 58 0 0 0
7342 -0.144726 -0.00942564 0.01 59 59 0 0 0
7343 -0.143532 -0.00944988 0.01 60 60 0 0 0
7361 -0.149631 -0.00944988 0.01 60 60 0 0 0
7366 -0.149631 -0.00944988 0.01 59 59 0 0 0
7371 -0.149631 -0.00944988 0.01 58 57 0 0 0
7372 -0.143532 -0.00944988 0.01 60 60 0 0 0
7373 -0.143532 -0.00944988 0.01 59 60 0 0 0
7378 -0.160265 -0.00808514 0.01 72 72 0.00103284 -0.00658648 0
7380 -0.182928 -0.00910225 0.01 72 71 0.000589073 -0.00827873 0
7426 -0.17151 -0.00827356 0.01 72 72 0 0 0
7435 -0.182346 -0.00783973 0.01 91 90 0 0 0
7446 -0.143532 -0.00944988 0.01 60 62 0 0 0
7447 -0.153234 -0.0087406 0.01 72 72 0 0 0
7448 -0.159288 -0.00839062 0.01 72 73 0 0 0
7458 -0.143532 -0.00944988 0.01 60 60 0 0 0
7460 -0.143532 -0.00944988 0.01 60 60 0 0 0
7470 -0.168805 -0.00793916 0.01 93 93 -0.0396389 0.0135412 0
7475 -0.182346 -0.00734684 0.01 91 91 0 0 0
7477 -0.153059 -0.00944988 0.01 60 60 0.000190526 -0.00952633 0
7496 -0.182346 -0.00783973 0.01 93 93 0 0 0
7519 -0.143532 -0.00944988 0.01 60 60 0 0 0
7530 -0.143532 -0.00944988 0.01 60 60 0 0 0
7547 -0.159557 -0.0078329 0.01 72 72 0 0 0
7556 -0.131517 -0.00944988 0.01 60 60 0 0 0
7558 -0.195601 -0.00783973 0.01 92 92 0 0 0
7582 -0.182346 -0.00783973 0.01 92 92 0 0 0
7595 -0.182346 -0.00783973 0.01 91 91 0 0 0
7598 -0.160674 -0.00828813 0.01 72 72 0 0 0
7605 -0.143532 -0.00942564 0.01 59 59 0 0 0
7613 -0.182346 -0.00783973 0.01 91 90 0 0 0
7617 -0.182346 -0.00783973 0.01 91 91 0 0 0
7630 -0.183845 -0.00780056 0.01 72 72 0.00025335 -0.00428359 0
7644 -0.161401 -0.00864386 0.01 72 72 0 0 0
7645 -0.141331 -0.00864013 0.01 72 72 0 0 0
7666 -0.140106 -0.0087406 0.01 72 72 0 0 0
7679 -0.150847 -0.00944988 0.01 60 60 0 0 0
7683 -0.143532 -0.00944988 0.01 60 60 0 0 0
7684 -0.147462 -0.00912889 0.01 72 72 0 0 0
7688 -0.143532 -0.00944988 0.01 58 58 0 0 0
7723 -0.131517 -0.00944988 0.01 60 60 0 0 0
7724 -0.141331 -0.00864013 0.01 72 72 0 0 0
7727 -0.143532 -0.00944988 0.01 60 60 0 0 0
7732 -0.182346 -0.00783973 0.01 91 91 0 0 0
7734 -0.143532 -0.00944988 0.01 60 60 0 0 0
7738 -0.182346 -0.00783973 0.01 91 91 0 0 0
7742 -0.149631 -0.00944988 0.01 60 60 0 0 0
7743 -0.140106 -0.0087406 0.01 72 72 0 0 0
7748 -0.182346 -0.00783973 0.01 91 91 0 0 0
7760 -0.149631 -0.00944988 0.01 60 60 0 0 0
7763 -0.143532 -0.00944988 0.01 58 58 0 0 0
7769 -0.144726 -0.00942564 0.01 59 59 0 0 0
7772 -0.150847 -0.00944988 0.01 60 61 0 0 0
7774 -0.143532 -0.00944988 0.01 60 60 0 0 0
7786 -0.182346 -0.00783973 0.01 93 93 0 0 0
7799 -0.182346 -0.00783973 0.01 91 91 0 0 0
7815 -0.145331 -0.0087406 0.01 72 72 0 0 0
7846 -0.140512 -0.00874481 0.01 72 72 0 0 0
7861 -0.143532 -0.00944988 0.01 60 60 0 0 0
7890 -0.182346 -0.00783973 0.01 92 92 0 0 0
7892 -0.149631 -0.00944988 0.01 59 59 0 0 0
7902 -0.142678 -0.00793012 0.01 72 72 0 0 0
7922 -0.149631 -0.00944988 0.01 60 60 0 0 0
7932 -0.143532 -0.00944988 0.01 60 60 0 0 0
7940 -0.142678 -0.00758922 0.01 72 71 0 0 0
7962 -0.182346 -0.00783973 0.01 91 91 0 0 0
7990 -0.149631 -0.00944988 0.01 60 60 0 0 0
8007 -0.143532 -0.00944988 0.01 60 60 0 0 0
8010 -0.151838 -0.00944988 0.01 60 60 0 0 0
8016 -0.149631 -0.00944988 0.01 60 61 0 0 0
8019 -0.173272 -0.00786734 0.01 72 73 0 0 0
8032 -0.149631 -0.00944988 0.01 60 60 0 0 0
8034 -0.133636 -0.00864753 0.01 72 72 0 0 0
8038 -0.182346 -0.00783973 0.01 91 91 0 0 0
8044 -0.182346 -0.00783973 0.01 91 91 0 0 0
8050 -0.182346 -0.00783973 0.01 93 93 0 0 0
8082 -0.182346 -0.00783973 0.01 93 93 0 0 0
8104 -0.182346 -0.00783973 0.01 91 91 0 0 0
8108 -0.17151 -0.00827356 0.01 72 72 0 0 0
8109 -0.173272 -0.00786734 0.01 72 72 0 0 0
8121 -0.149631 -0.00944988 0.01 59 59 0 0 0
8122 -0.143532 -0.00944988 0.01 60 60 0 0 0
8142 -0.143532 -0.00944988 0.01 59 59 0 0 0
8145 -0.140106 -0.0087406 0.01 72 72 0 0 0
8147 -0.143532 -0.00909144 0.01 59 59 0 0 0
8163 -0.182346 -0.00783973 0.01 92 92 0 0 0
8183 -0.143532 -0.00944988 0.01 60 61 0 0 0
8195 -0.182346 -0.00783973 0.01 92 92 0 0 0
8202 -0.136025 -0.00773584 0.01 72 73 0 0 0
8203 -0.157181 -0.0083496 0.01 60 61 0 0 0
8205 -0.149631 -0.00944988 0.01 58 59 0 0 0
8228 -0.143532 -0.00944988 0.01 60 60 0 0 0
8233 -0.182346 -0.00783973 0.01 91 91 0 0 0
8235 -0.144726 -0.00942564 0.01 59 59 0 0 0
8254 -0.143532 -0.00944988 0.01 59 59 0 0 0
8256 -0.182346 -0.00783973 0.01 92 92 0 0 0
8323 -0.134409 -0.00944988 0.01 60 60 0 0 0
8331 -0.182346 -0.00783973 0.01 93 93 0 0 0
8354 -0.143532 -0.00944988 0.01 60 60 0 0 0
8355 -0.153037 -0.00955243 0.01 72 72 0 0 0
8357 -0.154813 -0.00930953 0.01 72 72 0 0 0
8371 -0.182346 -0.00783973 0.01 92 92 0 0 0
8376 -0.182346 -0.00783973 0.01 92 92 0 0 0
8396 -0.155052 -0.00955243 0.01 72 72 0.000481561 -0.00201565 0
8401 -0.149631 -0.00944988 0.01 60 61 0 0 0
8406 -0.143532 -0.00944988 0.01 60 60 0 0 0
8407 -0.143532 -0.00944988 0.01 60 60 0 0 0
8411 -0.149631 -0.00944988 0.01 60 60 0 0 0
8419 -0.182346 -0.00777983 0.01 91 91 0.00159514 0 5.99022e-05
8421 -0.143532 -0.00944988 0.01 60 60 0 0 0
8473 -0.173272 -0.00786734 0.01 72 72 0 0 0
8476 -0.143532 -0.00944988 0.01 60 60 0 0 0
8477 -0.143532 -0.00944988 0.01 60 60 0 0 0
8487 -0.182346 -0.00783973 0.01 91 91 0 0 0
8494 -0.16145 -0.00827356 0.01 72 72 -0.00116509 0.0100596 0
8506 -0.149631 -0.00944988 0.01 60 60 0 0 0
8509 -0.13964 -0.0086623 0.01 72 72 0 0 0
8516 -0.182346 -0.00783973 0.01 91 91 0 0 0
8523 -0.149631 -0.00944988 0.01 59 59 0 0 0
8550 -0.149631 -0.00944988 0.01 59 59 0 0 0
8552 -0.143532 -0.00944988 0.01 60 60 0 0 0
8553 -0.157357 -0.00842295 0.01 72 72 0 0 0
8588 -0.182346 -0.00793916 0.01 93 93 0 0 0
8591 -0.143532 -0.00944988 0.01 60 60 0 0 0
8597 -0.179561 -0.00775059 0.01 72 72 0 0 0
8604 -0.143532 -0.00942564 0.01 59 59 0 0 0
8631 -0.182346 -0.00783973 0.01 91 90 0 0 0
8645 -0.144726 -0.00942564 0.01 59 59 0 0 0
8658 -0.182346 -0.00783973 0.01 91 91 0 0 0
8659 -0.179561 -0.00746351 0.01 72 72 0 0 0
8667 -0.182346 -0.00783973 0.01 91 91 0 0 0
8668 -0.179561 -0.00780056 0.01 72 72 0 0 0
8683 -0.143532 -0.00944988 0.01 60 60 0 0 0
8687 -0.136238 -0.00762933 0.01 72 72 0 0 0
8689 -0.15635 -0.00842491 0.01 72 72 0 0 0
8691 -0.149631 -0.00944988 0.01 59 59 0 0 0
8715 -0.182346 -0.00783973 0.01 92 92 0 0 0
8730 -0.149631 -0.00944988 0.01 60 60 0 0 0
8737 -0.159557 -0.0078329 0.01 72 72 0 0 0
8755 -0.15703 -0.00875727 0.01 72 72 0 0 0
8756 -0.182346 -0.00783973 0.01 91 91 0 0 0
8758 -0.179561 -0.00736008 0.01 72 72 3.64184e-05 0 0.000103428
8775 -0.143532 -0.00933624 0.01 60 61 1.68383e-06 0 0.000113642
8783 -0.182346 -0.00783973 0.01 92 92 0 0 0
8796 -0.150048 -0.0082109 0.01 72 73 0 0 0
8802 -0.173272 -0.00786734 0.01 72 72 0 0 0
8806 -0.182346 -0.00801385 0.01 91 91 0 0 0
8810 -0.141331 -0.00853829 0.01 72 71 0 0 0
8818 -0.149631 -0.00944988 0.01 60 60 0 0 0
8820 -0.143532 -0.00944988 0.01 60 60 0 0 0
8832 -0.140512 -0.00896581 0.01 72 72 0 0 0
8835 -0.144726 -0.00928545 0.01 59 59 0 0 0
8837 -0.173272 -0.00786734 0.01 72 72 0 0 0
8838 -0.182346 -0.00783973 0.01 92 92 0 0 0
8851 -0.143532 -0.00944988 0.01 59 60 0 0 0
8862 -0.143532 -0.00944988 0.01 59 59 0 0 0
8888 -0.18131 -0.00783973 0.01 91 91 0 0 0
8892 -0.159364 -0.00878864 0.01 72 72 0 0 0
8896 -0.164612 -0.0091426 0.01 60 60 0 0 0
8901 -0.179561 -0.00780056 0.01 72 72 0 0 0
8902 -0.159364 -0.00878864 0.01 72 72 0 0 0
8920 -0.149631 -0.00944988 0.01 59 60 0 0 0
8946 -0.149631 -0.00944988 0.01 59 59 0 0 0
8948 -0.159364 -0.00878864 0.01 72 72 0 0 0
8949 -0.182346 -0.00783973 0.01 92 92 0 0 0
8966 -0.182346 -0.00783973 0.01 92 92 0 0 0
8970 -0.143532 -0.00942564 0.01 59 59 0 0 0
9017 -0.179561 -0.00775059 0.01 72 73 0 0 0
9018 -0.149631 -0.00944988 0.01 60 60 0 0 0
9033 -0.182928 -0.00910225 0.01 72 72 0 0 0
9040 -0.143532 -0.00944988 0.01 59 60 0 0 0
9069 -0.182346 -0.00783973 0.01 92 92 0 0 0
9087 -0.179561 -0.00775059 0.01 72 72 0 0 0
9097 -0.149631 -0.00922588 0.01 60 61 0 0 0
9109 -0.149631 -0.00944988 0.01 60 60 0 0 0
9133 -0.149631 -0.00944988 0.01 59 60 0 0 0
9137 -0.149631 -0.00944988 0.01 60 60 0 0 0
9145 -0.138175 -0.00985415 0.01 72 72 0 0 0
9157 -0.143532 -0.00944988 0.01 60 60 0 0 0
9176 -0.149631 -0.00944988 0.01 60 60 0 0 0
9190 -0.150048 -0.0082109 0.01 72 71 0 0 0
9193 -0.179561 -0.00780056 0.01 72 72 0 0 0
9208 -0.131517 -0.00944988 0.01 60 60 0 0 0
9214 -0.203681 -0.00783973 0.01 92 92 0.0320123 -0.0213347 0
9223 -0.140512 -0.00896581 0.01 72 72 0 0 0
9246 -0.149631 -0.00944988 0.01 59 59 0 0 0
9262 -0.182346 -0.00783973 0.01 91 91 0 0 0
9268 -0.155193 -0.00758922 0.01 72 72 0 0 0
9273 -0.155193 -0.00758922 0.01 72 72 0 0 0
9286 -0.17151 -0.00827356 0.01 72 72 0 0 0
9287 -0.149631 -0.00944988 0.01 59 59 0 0 0
9295 -0.173272 -0.00801195 0.01 72 72 0 0 0
9308 -0.134446 -0.00944988 0.01 60 60 0 0 0
9315 -0.182346 -0.00801385 0.01 91 91 0 0 0
9338 -0.182346 -0.00783973 0.01 92 92 0 0 0
9351 -0.17151 -0.00827356 0.01 72 72 0 0 0
9363 -0.143532 -0.00944988 0.01 59 59 0 0 0
9370 -0.182346 -0.00783973 0.01 92 92 0 0 0
9371 -0.182346 -0.00783973 0.01 92 92 0 0 0
9376 -0.143532 -0.00944988 0.01 58 58 0 0 0
9385 -0.143532 -0.00944988 0.01 59 60 0 0 0
9387 -0.143532 -0.00944988 0.01 59 59 0 0 0
9390 -0.174292 -0.00783973 0.01 91 91 0 0 0
9392 -0.149631 -0.00944988 0.01 60 60 0 0 0
9394 -0.143532 -0.00909144 0.01 58 58 0 0 0
9397 -0.179561 -0.00780056 0.01 72 72 0 0 0
9432 -0.182346 -0.00783973 0.01 91 91 0 0 0
9434 -0.182346 -0.00783973 0.01 92 92 0 0 0
9459 -0.144726 -0.00942564 0.01 59 59 0 0 0
9481 -0.182346 -0.00801385 0.01 91 91 0 0 0
9506 -0.143532 -0.00944988 0.01 60 60 0 0 0
9515 -0.179561 -0.00780056 0.01 72 72 0 0 0
9524 -0.173272 -0.00786734 0.01 72 72 0 0 0
9528 -0.149631 -0.00944988 0.01 59 59 0 0 0
9542 -0.182346 -0.00783973 0.01 93 93 0 0 0
9545 -0.153678 -0.00808514 0.01 72 72 0 0 0
9559 -0.182346 -0.00783973 0.01 91 91 0 0 0
9560 -0.182346 -0.00783973 0.01 92 92 0 0 0
9577 -0.173272 -0.00786734 0.01 72 72 0 0 0
9590 -0.149631 -0.00944988 0.01 58 58 0 0 0
9629 -0.145016 -0.00839909 0.01 72 72 0.000142485 0 9.13348e-05
9633 -0.149631 -0.00944988 0.01 59 59 0 0 0
9645 -0.149631 -0.00944988 0.01 60 60 0 0 0
9687 -0.182346 -0.00783973 0.01 92 92 0 0 0
9699 -0.145016 -0.00849043 0.01 72 72 0 0 0
9701 -0.182346 -0.00793916 0.01 93 92 -0.0033004 0 -9.94233e-05
9711 -0.143532 -0.00948481 0.01 59 59 0 0 0
9715 -0.158688 -0.00831315 0.01 72 73 0 0 0
9739 -0.182346 -0.00783973 0.01 91 91 0 0 0
9751 -0.143532 -0.00942564 0.01 59 59 0 0 0
9768 -0.173272 -0.00786734 0.01 72 72 0 0 0
9770 -0.179561 -0.00775059 0.01 72 72 0 0 0
9772 -0.145016 -0.00878407 0.01 72 72 0 0 0
9775 -0.143532 -0.00944988 0.01 59 60 0 0 0
9776 -0.182346 -0.00783973 0.01 91 91 0 0 0
9777 -0.179561 -0.00775059 0.01 72 72 0 0 0
9778 -0.161401 -0.00864386 0.01 72 72 0 0 0
9781 -0.149631 -0.00944988 0.01 59 59 0 0 0
9787 -0.152337 -0.00878864 0.01 72 72 0 0 0
9824 -0.149631 -0.00944988 0.01 60 60 0 0 0
9837 -0.143532 -0.00944988 0.01 58 58 0 0 0
9841 -0.182346 -0.00783973 0.01 91 91 0 0 0
9848 -0.140512 -0.00874481 0.01 72 71 0 0 0
9864 -0.153678 -0.00808514 0.01 72 72 0 0 0
9877 -0.143532 -0.00944988 0.01 60 60 0 0 0
9878 -0.138549 -0.00944988 0.01 58 59 0 0 0
9893 -0.182346 -0.00783973 0.01 91 91 0 0 0
9894 -0.147817 -0.00984509 0.01 72 73 0 0 0
9925 -0.159557 -0.0078329 0.01 72 72 0 0 0
9930 -0.145016 -0.00849043 0.01 72 73 0 0 0
9941 -0.179561 -0.00780056 0.01 72 72 0 0 0
9949 -0.144726 -0.00942564 0.01 59 59 0 0 0
9965 -0.143532 -0.00944988 0.01 59 59 0 0 0
9967 -0.149631 -0.00944988 0.01 60 60 0 0 0
9971 -0.153037 -0.00955243 0.01 72 72 0 0 0
9973 -0.125237 -0.00773886 0.01 72 72 0 0 0
9981 -0.149631 -0.00944988 0.01 60 60 0 0 0
10003 -0.143532 -0.00944988 0.01 59 59 0 0 0
10006 -0.179561 -0.00775059 0.01 72 72 0 0 0
10017 -0.164509 -0.00944988 0.01 59 59 0 0 0
10021 -0.140512 -0.00874481 0.01 72 71 0 0 0
10032 -0.143532 -0.00944988 0.01 60 60 0 0 0
10036 -0.182346 -0.00783973 0.01 92 91 0 0 0
10041 -0.150048 -0.00835918 0.01 72 74 0 0 0
10053 -0.143532 -0.00944988 0.01 60 60 0 0 0
10076 -0.18131 -0.00783973 0.01 91 91 0 0 0
10081 -0.161401 -0.00864386 0.01 72 72 0 0 0
10094 -0.179561 -0.00775059 0.01 72 72 0 0 0
10097 -0.143532 -0.00909144 0.01 60 60 0 0 0
10104 -0.182346 -0.00783973 0.01 91 91 0 0 0
10112 -0.18131 -0.00783973 0.01 91 91 0 0 0
10123 -0.182346 -0.00783973 0.01 91 91 0 0 0
10148 -0.155147 -0.00873794 0.01 72 72 0 0 0
10164 -0.145796 -0.00864753 0.01 72 72 0 0 0
10175 -0.182346 -0.00783973 0.01 91 91 0 0 0
10176 -0.149631 -0.00944988 0.01 59 59 0 0 0
10177 -0.182346 -0.00783973 0.01 91 91 0 0 0
10195 -0.143532 -0.00944988 0.01 59 59 0 0 0
10204 -0.173272 -0.00786734 0.01 72 72 0 0 0
10207 -0.134962 -0.00832483 0.01 72 72 -0.00422612 0.015086 0
10218 -0.149631 -0.00944988 0.01 60 60 0 0 0
10230 -0.136025 -0.00773584 0.01 72 72 0 0 0
10247 -0.144726 -0.00942564 0.01 59 59 0 0 0
10263 -0.149631 -0.00944988 0.01 60 60 0 0 0
10281 -0.143532 -0.00944988 0.01 59 59 0 0 0
10307 -0.140512 -0.00874481 0.01 72 71 0 0 0
10357 -0.18131 -0.00783973 0.01 91 91 0 0 0
10358 -0.179561 -0.00786734 0.01 72 73 0 0 0
10389 -0.143532 -0.00944988 0.01 58 58 0 0 0
10392 -0.151636 -0.00944988 0.01 60 60 0 0 0
10411 -0.155147 -0.00873794 0.01 72 72 0 0 0
10432 -0.145454 -0.00805185 0.01 72 72 0 0 0
10449 -0.182346 -0.00783973 0.01 92 92 0 0 0
10480 -0.143532 -0.00944988 0.01 60 60 0 0 0
10504 -0.182346 -0.00783973 0.01 91 91 0 0 0
10510 -0.173272 -0.00786734 0.01 72 72 0 0 0
10511 -0.143532 -0.00944988 0.01 58 58 0 0 0
10512 -0.143532 -0.00944988 0.01 60 60 0 0 0
10519 -0.179561 -0.00775059 0.01 72 72 0 0 0
10520 -0.174649 -0.00871004 0.01 72 72 0 0 0
10545 -0.149631 -0.00944988 0.01 58 58 0 0 0
10551 -0.182346 -0.00783973 0.01 92 92 0 0 0
10552 -0.149631 -0.00944988 0.01 60 60 0 0 0
10571 -0.145016 -0.00849043 0.01 72 72 0 0 0
10575 -0.182346 -0.00783973 0.01 91 91 0 0 0
10602 -0.182346 -0.00801385 0.01 91 91 0 0 0
10605 -0.174649 -0.00910225 0.01 72 72 0 0 0
10610 -0.182346 -0.00783973 0.01 92 92 0 0 0
10612 -0.159364 -0.00878864 0.01 72 72 0 0 0
10615 -0.143532 -0.00944988 0.01 59 60 0 0 0
10621 -0.149631 -0.00944988 0.01 60 60 0 0 0
10644 -0.182346 -0.00783973 0.01 92 92 0 0 0
10668 -0.182346 -0.00783973 0.01 91 91 0 0 0
10669 -0.182346 -0.00783973 0.01 92 92 0 0 0
10671 -0.140995 -0.00949937 0.01 72 71 0 0 0
10672 -0.143532 -0.00948481 0.01 59 59 0 0 0
10683 -0.159557 -0.0078329 0.01 72 72 0 0 0
10698 -0.144726 -0.00942564 0.01 59 59 0 0 0
10710 -0.144726 -0.00942564 0.01 59 59 0 0 0
10712 -0.153234 -0.0087406 0.01 72 72 0 0 0
10724 -0.143532 -0.00944988 0.01 60 60 0 0 0
10725 -0.182346 -0.00783973 0.01 91 91 0 0 0
10727 -0.144726 -0.00942564 0.01 59 59 0 0 0
10729 -0.182346 -0.00783973 0.01 91 91 0 0 0
10741 -0.182346 -0.00783973 0.01 92 91 0 0 0
10771 -0.182346 -0.00783973 0.01 91 91 0 0 0
10779 -0.143532 -0.00944988 0.01 60 60 0 0 0
10791 -0.179561 -0.00780056 0.01 72 72 0 0 0
10796 -0.151636 -0.00944988 0.01 60 60 0 0 0
10801 -0.143532 -0.00942564 0.01 59 59 0 0 0
10802 -0.143532 -0.00944988 0.01 60 60 0 0 0
10807 -0.182346 -0.00783973 0.01 91 91 0 0 0
10822 -0.143532 -0.00944988 0.01 60 60 0 0 0
10833 -0.140512 -0.00874481 0.01 72 72 0 0 0
10867 -0.149631 -0.00944988 0.01 60 60 0 0 0
10876 -0.179561 -0.00775059 0.01 72 72 0 0 0
10881 -0.182346 -0.00783973 0.01 92 92 0 0 0
10896 -0.182346 -0.00783973 0.01 91 91 0 0 0
10902 -0.17151 -0.00827356 0.01 72 72 0 0 0
10926 -0.182346 -0.00783973 0.01 92 92 0 0 0
10928 -0.157181 -0.0083496 0.01 60 60 0 0 0
10934 -0.143532 -0.00944988 0.01 60 60 0 0 0
10941 -0.157181 -0.0083496 0.01 60 61 0 0 0
10955 -0.151636 -0.00944988 0.01 60 60 0 0 0
10958 -0.143532 -0.00942564 0.01 59 59 0 0 0
10960 -0.143532 -0.00944988 0.01 60 60 0 0 0
10972 -0.130682 -0.00830894 0.01 72 72 0 0 0
10984 -0.149631 -0.00944988 0.01 59 59 0 0 0
10999 -0.173272 -0.00786734 0.01 72 72 0 0 0
11008 -0.182346 -0.00783973 0.01 92 92 0 0 0
11013 -0.164612 -0.0091426 0.01 60 60 0 0 0
11031 -0.13964 -0.0086623 0.01 72 72 0 0 0
11040 -0.143532 -0.00944988 0.01 60 60 0 0 0
11042 -0.133636 -0.00864753 0.01 72 72 0 0 0
11070 -0.143532 -0.00944988 0.01 60 60 0 0 0
11083 -0.182346 -0.00801385 0.01 91 91 0 0 0
11086 -0.182346 -0.00783973 0.01 91 90 0 0 0
11101 -0.143532 -0.00944988 0.01 60 60 0 0 0
11102 -0.179561 -0.00780056 0.01 72 72 0 0 0
11157 -0.149631 -0.00944988 0.01 60 60 0 0 0
11166 -0.136025 -0.00773584 0.01 72 72 0 0 0
11167 -0.157357 -0.00842295 0.01 72 72 0 0 0
11169 -0.140106 -0.0087406 0.01 72 72 0 0 0
11172 -0.143532 -0.00944988 0.01 60 61 0 0 0
11182 -0.142678 -0.00793012 0.01 72 72 0 0 0
11196 -0.182346 -0.00783973 0.01 92 92 0 0 0
11197 -0.182346 -0.00783973 0.01 92 92 0 0 0
11214 -0.143532 -0.00944988 0.01 60 60 0 0 0
11244 -0.143532 -0.00944988 0.01 60 60 0 0 0
11252 -0.149631 -0.00944988 0.01 60 60 0 0 0
11265 -0.143532 -0.00944988 0.01 59 60 0 0 0
11279 -0.182346 -0.00783973 0.01 91 91 0 0 0
11282 -0.149631 -0.00944988 0.01 59 59 0 0 0
11301 -0.159557 -0.0078329 0.01 72 72 0 0 0
11342 -0.13964 -0.0086623 0.01 72 72 0 0 0
11384 -0.131517 -0.00944988 0.01 60 60 0 0 0
11398 -0.149631 -0.00944988 0.01 59 59 0 0 0
11399 -0.182346 -0.00783973 0.01 91 91 0 0 0
11406 -0.149631 -0.00950697 0.01 60 60 0 0 0
11408 -0.149631 -0.00944988 0.01 60 60 0 0 0
11413 -0.18131 -0.00783973 0.01 91 91 0 0 0
11430 -0.149631 -0.00944988 0.01 60 60 0 0 0
11431 -0.144726 -0.00942564 0.01 59 59 0 0 0
11458 -0.140106 -0.0087406 0.01 72 72 0 0 0
11459 -0.182346 -0.00783973 0.01 92 92 0 0 0
11463 -0.182346 -0.00783973 0.01 92 92 0 0 0
11466 -0.140106 -0.0087406 0.01 72 72 0 0 0
11476 -0.187591 -0.00783973 0.01 92 92 0 0 0
11480 -0.182346 -0.00783973 0.01 91 91 0 0 0
11481 -0.140106 -0.00885982 0.01 72 72 0 0 0
11525 -0.144726 -0.00942564 0.01 59 59 0 0 0
11529 -0.143532 -0.00942564 0.01 59 59 0 0 0
11535 -0.182346 -0.00783973 0.01 91 91 0 0 0
11539 -0.182346 -0.00734684 0.01 91 91 0 0 0
11561 -0.145454 -0.00805185 0.01 72 72 0 0 0
11568 -0.152337 -0.00878864 0.01 72 72 0 0 0
11579 -0.182346 -0.00783973 0.01 92 92 0 0 0
11581 -0.147462 -0.00912889 0.01 72 72 0 0 0
11593 -0.182346 -0.00783973 0.01 92 92 0 0 0
11598 -0.133636 -0.00864753 0.01 72 72 0 0 0
11602 -0.153678 -0.00808514 0.01 72 72 0 0 0
11614 -0.144726 -0.00942564 0.01 59 59 0 0 0
11641 -0.182346 -0.00783973 0.01 91 91 0 0 0
11647 -0.149631 -0.00944988 0.01 60 60 0 0 0
11658 -0.144726 -0.00942564 0.01 59 59 0 0 0
11663 -0.135401 -0.00900567 0.01 72 72 0 0 0
11669 -0.143532 -0.00942564 0.01 59 59 0 0 0
11680 -0.182346 -0.00783973 0.01 91 91 0 0 0
11682 -0.143532 -0.00944988 0.01 60 60 0 0 0
11684 -0.140106 -0.0087406 0.01 72 72 0 0 0
11687 -0.143532 -0.00944988 0.01 60 60 0 0 0
11708 -0.140824 -0.00773886 0.01 72 74 0 0 0
11715 -0.143532 -0.00944988 0.01 60 60 0 0 0
11724 -0.182346 -0.00783973 0.01 92 92 0 0 0
11727 -0.182346 -0.00783973 0.01 91 91 0 0 0
11740 -0.164509 -0.00944988 0.01 59 59 0 0 0
11754 -0.143532 -0.00944988 0.01 60 60 0 0 0
11766 -0.182346 -0.00783973 0.01 91 91 0 0 0
11773 -0.182346 -0.00783973 0.01 91 91 0 0 0
11778 -0.182346 -0.00783973 0.01 92 92 0 0 0
11784 -0.164041 -0.00873794 0.01 72 72 0 0 0
11789 -0.182346 -0.00783973 0.01 92 92 0 0 0
11793 -0.143532 -0.00944988 0.01 60 60 0 0 0
11797 -0.149631 -0.00944988 0.01 58 59 0 0 0
11813 -0.153221 -0.00874481 0.01 72 72 0 0 0
11822 -0.182346 -0.00783973 0.01 92 92 0 0 0
11823 -0.154813 -0.00930953 0.01 72 72 0 0 0
11840 -0.182346 -0.00793932 0.01 93 93 0 0 0
11857 -0.135401 -0.00900567 0.01 72 72 0 0 0
11858 -0.150946 -0.00944988 0.01 60 60 0 0 0
11859 -0.159364 -0.00878864 0.01 72 72 0 0 0
11862 -0.182346 -0.00783973 0.01 92 92 0 0 0
11866 -0.182346 -0.00783973 0.01 91 90 0 0 0
11876 -0.149631 -0.00944988 0.01 60 60 0 0 0
11889 -0.165782 -0.00944988 0.01 60 60 0 0 0
11896 -0.182346 -0.00783973 0.01 91 91 0 0 0
11914 -0.182346 -0.00783973 0.01 93 93 0 0 0
11922 -0.143532 -0.00944988 0.01 60 60 0 0 0
11925 -0.143532 -0.00944988 0.01 60 60 0 0 0
11927 -0.179561 -0.00775059 0.01 72 72 0 0 0
11941 -0.182346 -0.00783973 0.01 92 92 0 0 0
11944 -0.173272 -0.00801195 0.01 72 72 0 0 0
11962 -0.144726 -0.00942564 0.01 59 59 0 0 0
11965 -0.143532 -0.00944988 0.01 60 60 0 0 0
11969 -0.161401 -0.00864386 0.01 72 72 0 0 0
11979 -0.149631 -0.00944988 0.01 59 59 0 0 0
11980 -0.164424 -0.00843375 0.01 72 72 0 0 0
11987 -0.173272 -0.00807937 0.01 72 73 0 0 0
11988 -0.17454 -0.00807937 0.01 72 72 0 0 0
12002 -0.155099 -0.00900567 0.01 72 73 0 0 0
12004 -0.182346 -0.00801385 0.01 91 91 0 0 0
12011 -0.136238 -0.00762933 0.01 72 72 0 0 0
12026 -0.143532 -0.00944988 0.01 60 60 0 0 0
12045 -0.143532 -0.00944988 0.01 59 59 0 0 0
12054 -0.140995 -0.00955191 0.01 72 72 0 0 0
12060 -0.143532 -0.00942564 0.01 59 59 0 0 0
12072 -0.144726 -0.00942564 0.01 59 59 0 0 0
12089 -0.149631 -0.00944988 0.01 60 60 0 0 0
12091 -0.141331 -0.00864013 0.01 72 72 0 0 0
12098 -0.179561 -0.00780056 0.01 72 72 0 0 0
12101 -0.182346 -0.00783973 0.01 92 92 0 0 0
12105 -0.149631 -0.00944988 0.01 59 59 0 0 0
12115 -0.143532 -0.00944988 0.01 60 60 0 0 0
12116 -0.182346 -0.00783973 0.01 92 92 0 0 0
12122 -0.192664 -0.00783973 0.01 91 90 0 0 0
12129 -0.149631 -0.00944988 0.01 60 60 0 0 0
12140 -0.17454 -0.00807937 0.01 72 72 0 0 0
12160 -0.149631 -0.00939799 0.01 60 60 0 0 0
12172 -0.149194 -0.00862763 0.01 72 72 0 0 0
12174 -0.182346 -0.00783973 0.01 92 92 0 0 0
12222 -0.182346 -0.00783973 0.01 91 91 0 0 0
12237 -0.149631 -0.00944988 0.01 60 61 0 0 0
12266 -0.149631 -0.00944988 0.01 58 58 0 0 0
12272 -0.182346 -0.00783973 0.01 93 93 0 0 0
12273 -0.182346 -0.00783973 0.01 92 92 0 0 0
12290 -0.154084 -0.00864386 0.01 72 72 0 0 0
12299 -0.149631 -0.00944988 0.01 60 60 0 0 0
12300 -0.146069 -0.00909763 0.01 72 72 0 0 0
12305 -0.182346 -0.00801385 0.01 91 91 0 0 0
12307 -0.143532 -0.00944988 0.01 60 60 0 0 0
12309 -0.173272 -0.00807937 0.01 72 72 0 0 0
12328 -0.182346 -0.00783973 0.01 92 92 0 0 0
12338 -0.157181 -0.0083496 0.01 60 60 0 0 0
12341 -0.143532 -0.00909144 0.01 58 58 0 0 0
12345 -0.173272 -0.00786734 0.01 72 72 0 0 0
12357 -0.182346 -0.00783973 0.01 92 92 0 0 0
12362 -0.182346 -0.00783973 0.01 91 91 0 0 0
12372 -0.149631 -0.00944988 0.01 60 60 0 0 0
12375 -0.153221 -0.00874481 0.01 72 72 0 0 0
12378 -0.149631 -0.00944988 0.01 60 60 0 0 0
12390 -0.159557 -0.0078329 0.01 72 72 0 0 0
12398 -0.151591 -0.00944988 0.01 60 60 3.57032e-05 -0.00195996 0
12410 -0.182346 -0.00783973 0.01 91 91 0 0 0
12428 -0.182346 -0.00783973 0.01 92 92 0 0 0
12429 -0.143532 -0.00942564 0.01 59 59 0 0 0
12430 -0.154084 -0.00864386 0.01 72 72 0 0 0
12436 -0.182346 -0.00783973 0.01 92 91 0 0 0
12441 -0.143532 -0.00944988 0.01 58 58 0 0 0
12453 -0.164041 -0.00873794 0.01 72 72 0 0 0
12459 -0.157181 -0.0083496 0.01 60 60 0 0 0
12461 -0.143532 -0.00944988 0.01 59 59 0 0 0
12465 -0.164612 -0.0091426 0.01 60 60 0 0 0
12470 -0.149631 -0.00944988 0.01 60 60 0 0 0
12496 -0.143532 -0.00942564 0.01 59 59 0 0 0
12512 -0.143532 -0.00944988 0.01 60 61 0 0 0
12518 -0.142678 -0.00793012 0.01 72 72 0 0 0
12522 -0.182346 -0.00783973 0.01 92 92 0 0 0
12523 -0.153372 -0.00944988 0.01 60 61 0 0 0
12537 -0.149631 -0.00944988 0.01 60 60 0 0 0
12570 -0.154627 -0.00909144 0.01 59 59 0.000172496 -0.0110943 0
12573 -0.143532 -0.00944988 0.01 60 61 0 0 0
12582 -0.18131 -0.00783973 0.01 91 91 0 0 0
12588 -0.173272 -0.00786734 0.01 72 72 0 0 0
12595 -0.134446 -0.00944988 0.01 60 60 0 0 0
12596 -0.143532 -0.00944988 0.01 60 60 0 0 0
12600 -0.143532 -0.00944988 0.01 59 59 0 0 0
12625 -0.179561 -0.00746351 0.01 72 72 0.000124633 0 0.000337052
12629 -0.17151 -0.00827356 0.01 72 72 0 0 0
12641 -0.143532 -0.00917669 0.01 60 60 0 0 0.00027319
12650 -0.143532 -0.00949356 0.01 59 59 4.02331e-07 0 -4.36772e-05
12651 -0.144726 -0.00942564 0.01 59 59 0 0 0
12654 -0.155147 -0.00859 0.01 72 72 0 0 0
12658 -0.182346 -0.00783973 0.01 91 91 0 0 0
12659 -0.179561 -0.00775059 0.01 72 73 0 0 0
12663 -0.182346 -0.00783973 0.01 91 91 0 0 0
12667 -0.149631 -0.00944988 0.01 60 60 0 0 0
12684 -0.151838 -0.00944988 0.01 60 60 0 0 0
12685 -0.144726 -0.00942564 0.01 59 59 0 0 0
12695 -0.182346 -0.00783973 0.01 92 92 0 0 0
12696 -0.182346 -0.00783973 0.01 92 92 0 0 0
12699 -0.149631 -0.00939799 0.01 60 60 0 0 0
12710 -0.159557 -0.0078329 0.01 72 72 0 0 0
12713 -0.180302 -0.00912889 0.01 72 72 0 0 0
12723 -0.149631 -0.00944988 0.01 59 59 0 0 0
12724 -0.122573 -0.00943757 0.01 72 72 0 0 0
12725 -0.182346 -0.00783973 0.01 92 92 0 0 0
12737 -0.182346 -0.00783973 0.01 92 92 0 0 0
12761 -0.182346 -0.00799793 0.01 91 90 0 0 0
12767 -0.182346 -0.00783973 0.01 91 91 0 0 0
12772 -0.182346 -0.00783973 0.01 92 92 0 0 0
12775 -0.182346 -0.00783973 0.01 91 91 0 0 0
12776 -0.143532 -0.00944988 0.01 59 59 0 0 0
12778 -0.156329 -0.00944988 0.01 59 59 0 0 0
12780 -0.182346 -0.00783973 0.01 92 92 0 0 0
12785 -0.143532 -0.00944988 0.01 60 60 0 0 0
12799 -0.145016 -0.00849043 0.01 72 72 0 0 0
12808 -0.182346 -0.00783973 0.01 91 91 0 0 0
12828 -0.145454 -0.00805185 0.01 72 72 0 0 0
12851 -0.182346 -0.00783973 0.01 92 92 0 0 0
12858 -0.159364 -0.00878864 0.01 72 72 0 0 0
12874 -0.149631 -0.00944988 0.01 60 60 0 0 0
12892 -0.186079 -0.00783973 0.01 91 91 0 0 0
12901 -0.149631 -0.00944988 0.01 59 59 0 0 0
12905 -0.182346 -0.00783973 0.01 92 92 0 0 0
12911 -0.13964 -0.0086623 0.01 72 72 0 0 0
12916 -0.171562 -0.00786734 0.01 72 72 0 0 0
12921 -0.147462 -0.00912889 0.01 72 72 0 0 0
12935 -0.155147 -0.00873794 0.01 72 72 0 0 0
12938 -0.182346 -0.00783973 0.01 93 93 0 0 0
12947 -0.182346 -0.00783973 0.01 91 90 0 0 0
12950 -0.182346 -0.00801385 0.01 91 91 0 0 0
12962 -0.143532 -0.00944988 0.01 58 58 0 0 0
12970 -0.182346 -0.00783973 0.01 91 91 0 0 0
12973 -0.143532 -0.00944988 0.01 60 60 0 0 0
12979 -0.161401 -0.00864386 0.01 72 72 0 0 0
13009 -0.182346 -0.00783973 0.01 93 93 0 0 0
13026 -0.143532 -0.00942564 0.01 59 59 0 0 0
13037 -0.143532 -0.00944988 0.01 60 60 0 0 0
13047 -0.182346 -0.00783973 0.01 92 92 0 0 0
13059 -0.129895 -0.00773584 0.01 72 72 -0.00210111 0.00612959 0
13063 -0.131517 -0.00944988 0.01 60 60 0 0 0
13073 -0.143532 -0.00944988 0.01 60 60 0 0 0
13074 -0.143532 -0.00944988 0.01 60 60 0 0 0
13075 -0.136238 -0.00762933 0.01 72 72 0 0 0
13082 -0.182346 -0.00783973 0.01 92 92 0 0 0
13084 -0.143532 -0.00944988 0.01 60 60 0 0 0
13104 -0.143532 -0.00944988 0.01 60 60 0 0 0
13108 -0.143532 -0.00944988 0.01 59 59 0 0 0
13109 -0.182346 -0.00783973 0.01 91 91 0 0 0
13125 -0.133636 -0.00864753 0.01 72 72 0 0 0
13129 -0.140106 -0.0087406 0.01 72 73 0 0 0
13151 -0.182346 -0.00798339 0.01 91 90 0 0 0
13177 -0.182346 -0.00783973 0.01 92 92 0 0 0
13179 -0.151709 -0.00878864 0.01 72 72 -0.000136927 0.000628278 0
13180 -0.144726 -0.00924142 0.01 59 59 -1.66893e-06 0 0.000184218
13183 -0.173272 -0.00786734 0.01 72 72 0 0 0
13192 -0.182346 -0.00783973 0.01 92 92 0 0 0
13200 -0.182346 -0.00783973 0.01 92 92 0 0 0
13209 -0.149631 -0.00944988 0.01 60 60 0 0 0
13211 -0.143532 -0.00909144 0.01 59 59 0 0 0
13212 -0.153678 -0.0082386 0.01 72 72 0 0 0
13218 -0.182346 -0.00783973 0.01 91 91 0 0 0
13232 -0.149631 -0.00944988 0.01 60 60 0 0 0
13238 -0.143532 -0.00944988 0.01 60 60 0 0 0
13255 -0.17151 -0.00827356 0.01 72 72 0 0 0
13262 -0.182346 -0.00783973 0.01 92 92 0 0 0
13264 -0.143532 -0.00942564 0.01 59 59 0 0 0
13265 -0.125237 -0.00773886 0.01 72 72 0 0 0
