max_pf 92 min_pf 57
individual dGr dSr disp_rate patch_no b_patch_no mut_eff DdGr DdSr
0 -0.142414 -0.00913274 0.01 59 59 0 0 0
26 -0.164529 -0.00921451 0.01 72 73 0 0 0
27 -0.142414 -0.00913274 0.01 58 58 0 0 0
39 -0.155127 -0.00913274 0.01 59 59 0 0 0
45 -0.165369 -0.0098517 0.01 59 59 0 0 0
49 -0.165369 -0.0098517 0.01 58 58 0 0 0
60 -0.165369 -0.0101103 0.01 59 59 0 0 0
66 -0.152474 -0.00918737 0.01 90 90 0 0 0
68 -0.152007 -0.00904735 0.01 72 72 0 0 0
84 -0.142414 -0.00913274 0.01 59 59 0 0 0
91 -0.155277 -0.00929119 0.01 90 90 0 0 0
113 -0.152474 -0.00918737 0.01 90 90 0 0 0
119 -0.165369 -0.00989674 0.01 59 59 0 0 0
128 -0.165505 -0.00882965 0.01 72 72 0 0 0
132 -0.152474 -0.00918737 0.01 90 90 0 0 0
136 -0.148219 -0.00978224 0.01 72 72 -0.000135839 0 -7.39973e-05
146 -0.165574 -0.00929119 0.01 92 92 0 0 0
150 -0.152474 -0.00918737 0.01 90 90 0 0 0
157 -0.165369 -0.0098517 0.01 58 58 0 0 0
176 -0.164885 -0.00958427 0.01 72 72 0 0 0
178 -0.165574 -0.00929119 0.01 91 91 0 0 0
194 -0.166331 -0.00960253 0.01 72 72 0 0 0
197 -0.142414 -0.00935499 0.01 59 59 0 0 0
200 -0.165574 -0.00929119 0.01 92 92 0 0 0
216 -0.165574 -0.00929119 0.01 92 92 0 0 0
226 -0.165574 -0.00929119 0.01 92 92 0 0 0
227 -0.142414 -0.00913274 0.01 59 59 0 0 0
232 -0.165574 -0.00929119 0.01 91 91 0 0 0
233 -0.193391 -0.010441 0.01 72 72 0 0 0
253 -0.165369 -0.00992677 0.01 58 58 0 0 0
264 -0.165369 -0.00981897 0.01 59 59 -1.3411e-07 0 3.27295e-05
306 -0.165369 -0.0098517 0.01 59 59 0 0 0
311 -0.142414 -0.00935499 0.01 59 59 0 0 0
322 -0.161128 -0.00991971 0.01 72 72 0 0 0
329 -0.154643 -0.00918737 0.01 90 90 0 0 0
333 -0.142414 -0.00935499 0.01 59 59 2.20537e-06 0 -0.000222249
337 -0.172712 -0.00977216 0.01 72 73 0 0 0
345 -0.165574 -0.00929119 0.01 91 91 0 0 0
353 -0.152474 -0.00929119 0.01 90 90 0 0 0
355 -0.152474 -0.00918737 0.01 90 90 0 0 0
360 -0.152474 -0.00929119 0.01 90 90 0 0 0
364 -0.161128 -0.00991971 0.01 72 72 0 0 0
367 -0.152474 -0.00897473 0.01 90 90 0 0 0
379 -0.165574 -0.00929119 0.01 91 91 0 0 0
396 -0.166344 -0.00898951 0.01 72 72 0 0 0
423 -0.165369 -0.0098517 0.01 59 59 0 0 0
425 -0.172712 -0.00981146 0.01 72 72 0 0 0
432 -0.142414 -0.00913274 0.01 58 58 0 0 0
437 -0.165369 -0.00989674 0.01 57 57 0 0 0
438 -0.165574 -0.00929119 0.01 90 91 0 0 0
441 -0.193391 -0.010441 0.01 72 72 0 0 0
450 -0.185201 -0.00970845 0.01 72 72 0 0 0
455 -0.165369 -0.0101103 0.01 58 58 0 0 0
456 -0.155277 -0.00929119 0.01 90 90 0 0 0
458 -0.152474 -0.00918737 0.01 90 89 0 0 0
471 -0.165574 -0.00929119 0.01 91 91 0 0 0
472 -0.142414 -0.00913274 0.01 59 59 0 0 0
479 -0.160419 -0.00925444 0.01 72 72 0 0 0
489 -0.172712 -0.00977216 0.01 72 72 0 0 0
498 -0.148652 -0.00923347 0.01 72 72 0 0 0
502 -0.130793 -0.00924469 0.01 72 72 0 0 0
534 -0.165574 -0.00929119 0.01 91 90 0 0 0
535 -0.158083 -0.00929119 0.01 92 92 0 0 0
538 -0.152017 -0.00889575 0.01 72 72 0 0 0
542 -0.165369 -0.00989674 0.01 57 57 0 0 0
552 -0.148619 -0.00970087 0.01 72 72 0 0 0
565 -0.151552 -0.00918737 0.01 92 91 -0.00441068 0.000922441 0
579 -0.142414 -0.00913274 0.01 59 59 0 0 0
583 -0.152474 -0.00929119 0.01 92 92 0 0 0
584 -0.165574 -0.00929119 0.01 92 92 0 0 0
590 -0.165574 -0.00929119 0.01 90 91 0 0 0
591 -0.165369 -0.0098517 0.01 58 58 0 0 0
594 -0.152474 -0.00918737 0.01 90 90 0 0 0
598 -0.165369 -0.0098517 0.01 59 59 0 0 0
602 -0.165369 -0.00992677 0.01 58 58 0 0 0
618 -0.142414 -0.00913274 0.01 59 59 0 0 0
626 -0.165369 -0.0098517 0.01 59 59 0 0 0
634 -0.165574 -0.00929119 0.01 92 92 0 0 0
639 -0.183135 -0.00970578 0.01 72 72 0 0 0
644 -0.165505 -0.00882965 0.01 72 72 0 0 0
651 -0.165574 -0.00929119 0.01 91 91 0 0 0
652 -0.165574 -0.00929119 0.01 90 90 0 0 0
658 -0.165369 -0.0098517 0.01 57 57 0 0 0
669 -0.193391 -0.010441 0.01 72 72 0 0 0
674 -0.161951 -0.0084293 0.01 72 72 0 0 0
691 -0.165369 -0.00992677 0.01 57 58 0 0 0
702 -0.140099 -0.00913293 0.01 72 72 0 0 0
705 -0.165574 -0.00929119 0.01 91 91 0 0 0
709 -0.165574 -0.00929119 0.01 90 90 0 0 0
713 -0.165637 -0.00929119 0.01 90 90 0 0 0
726 -0.165369 -0.0098517 0.01 59 59 0 0 0
727 -0.165369 -0.0098517 0.01 59 59 0 0 0
728 -0.165574 -0.00929119 0.01 92 92 0 0 0
736 -0.165574 -0.00929119 0.01 92 92 0 0 0
739 -0.155127 -0.00913274 0.01 59 59 0 0 0
751 -0.15874 -0.00927574 0.01 72 72 0 0 0
792 -0.165369 -0.0098517 0.01 59 59 0 0 0
797 -0.183135 -0.00970578 0.01 72 72 0 0 0
802 -0.165369 -0.00989674 0.01 59 59 0 0 0
804 -0.193391 -0.010441 0.01 72 72 0 0 0
805 -0.165369 -0.0098517 0.01 59 59 0 0 0
809 -0.179144 -0.00929119 0.01 92 92 0 0 0
812 -0.159881 -0.00916971 0.01 72 72 0 0 0
813 -0.165369 -0.0098517 0.01 59 59 0 0 0
815 -0.154643 -0.00918737 0.01 90 90 0 0 0
824 -0.167399 -0.00970578 0.01 72 73 0 0 0
826 -0.146143 -0.00923972 0.01 72 72 0 0 0
845 -0.165574 -0.00967378 0.01 92 92 -0.0293719 0 -0.000382598
859 -0.130793 -0.00924469 0.01 72 72 0 0 0
871 -0.165369 -0.0101103 0.01 59 59 0 0 0
872 -0.152474 -0.00918737 0.01 90 90 0 0 0
889 -0.165369 -0.0098517 0.01 59 59 0 0 0
894 -0.160787 -0.00929119 0.01 91 91 0 0 0
897 -0.165369 -0.00989674 0.01 58 58 0 0 0
900 -0.165574 -0.00929119 0.01 92 92 0 0 0
901 -0.166331 -0.00973137 0.01 72 72 0 0 0
916 -0.193391 -0.010441 0.01 72 72 0 0 0
926 -0.150583 -0.00929119 0.01 90 90 -0.00855437 0.00189091 0
937 -0.148652 -0.00923347 0.01 72 72 0 0 0
969 -0.166331 -0.00960253 0.01 72 72 0 0 0
970 -0.165369 -0.0101103 0.01 59 59 0 0 0
972 -0.165505 -0.00882965 0.01 72 72 0 0 0
973 -0.152474 -0.00929119 0.01 90 90 0 0 0
976 -0.140099 -0.00913293 0.01 72 72 0 0 0
978 -0.193391 -0.0105861 0.01 72 73 0 0 0
979 -0.165505 -0.00882965 0.01 72 72 0 0 0
980 -0.165369 -0.0098517 0.01 59 59 0 0 0
1013 -0.152474 -0.00918737 0.01 90 90 0 0 0
1018 -0.162583 -0.0102978 0.01 59 59 0 0 0
1028 -0.165369 -0.00992677 0.01 59 60 0 0 0
1033 -0.165369 -0.00998486 0.01 59 59 0 0 0
1042 -0.165574 -0.00929119 0.01 91 91 0 0 0
1046 -0.165574 -0.00929119 0.01 91 91 0 0 0
1050 -0.154643 -0.00918737 0.01 90 90 0 0 0
1054 -0.165761 -0.00890795 0.01 72 72 0 0 0
1064 -0.165369 -0.0098517 0.01 59 59 0 0 0
1071 -0.152474 -0.00918737 0.01 90 90 0 0 0
1084 -0.148652 -0.00923347 0.01 72 72 0 0 0
1103 -0.136792 -0.00975333 0.01 72 72 0 0 0
1106 -0.155277 -0.00929119 0.01 90 90 0 0 0
1135 -0.165369 -0.00998486 0.01 59 59 0 0 0
1146 -0.137218 -0.00935837 0.01 72 72 0 0 0
1150 -0.152474 -0.00929119 0.01 90 90 0 0 0
1158 -0.172712 -0.00977216 0.01 72 72 0 0 0
1162 -0.165574 -0.00929119 0.01 91 91 0 0 0
1187 -0.152474 -0.00918737 0.01 90 90 0 0 0
1203 -0.185201 -0.00970845 0.01 72 72 0 0 0
1227 -0.137217 -0.00887881 0.01 72 72 0 0 0
1245 -0.172712 -0.00977216 0.01 72 72 0 0 0
1250 -0.165369 -0.0101103 0.01 58 58 0 0 0
1265 -0.166331 -0.00960253 0.01 72 72 0 0 0
1268 -0.152474 -0.00918737 0.01 90 90 0 0 0
1278 -0.172712 -0.00946867 0.01 72 72 0 0 0
1279 -0.165369 -0.00992677 0.01 59 59 0 0 0
1282 -0.142414 -0.00913274 0.01 59 59 0 0 0
1291 -0.152474 -0.00918737 0.01 91 90 0 0 0
1293 -0.142414 -0.00913274 0.01 58 59 0 0 0
1294 -0.152474 -0.00937307 0.01 90 90 0 0 0
1296 -0.128438 -0.00944504 0.01 72 72 0 0 0
1301 -0.152474 -0.00918737 0.01 90 90 0 0 0
1305 -0.152007 -0.00904735 0.01 72 72 0 0 0
1315 -0.170393 -0.00925849 0.01 72 72 0 0 0
1317 -0.165574 -0.00929119 0.01 91 91 0 0 0
1319 -0.152474 -0.00918737 0.01 90 90 0 0 0
1325 -0.166331 -0.00960253 0.01 72 72 0 0 0
1328 -0.165574 -0.00929119 0.01 91 91 0 0 0
1336 -0.165369 -0.0098517 0.01 58 58 0 0 0
1354 -0.165505 -0.00882965 0.01 72 72 0 0 0
1367 -0.130793 -0.00924469 0.01 72 72 0 0 0
1379 -0.165369 -0.0101121 0.01 59 59 7.59959e-07 0 -0.00018528
1415 -0.152474 -0.0088819 0.01 90 90 0 0 0
1417 -0.165574 -0.00929119 0.01 92 92 0 0 0
1419 -0.165369 -0.00980247 0.01 59 60 0 0 0
1433 -0.142414 -0.00913274 0.01 59 59 0 0 0
1477 -0.165637 -0.00929119 0.01 90 90 0 0 0
1479 -0.165369 -0.00992677 0.01 58 58 0 0 0
1480 -0.165574 -0.00929119 0.01 91 91 0 0 0
1490 -0.168489 -0.00890795 0.01 72 72 0 0 0
1491 -0.165574 -0.00929119 0.01 91 91 0 0 0
1498 -0.152474 -0.0092228 0.01 90 90 0 0 0
1518 -0.165369 -0.0101103 0.01 59 58 0 0 0
1531 -0.146143 -0.00923972 0.01 72 73 0 0 0
1538 -0.152474 -0.00918737 0.01 90 90 0 0 0
1558 -0.165574 -0.00929119 0.01 90 91 0 0 0
1569 -0.165369 -0.0098517 0.01 59 59 0 0 0
1583 -0.165369 -0.0098517 0.01 59 59 0 0 0
1584 -0.137217 -0.00887881 0.01 72 72 0 0 0
1585 -0.152474 -0.00918737 0.01 90 90 0 0 0
1604 -0.152474 -0.00918737 0.01 90 90 0 0 0
1608 -0.142414 -0.00913274 0.01 59 59 0 0 0
1615 -0.152474 -0.00909793 0.01 90 90 0 0 0
1617 -0.165369 -0.00992677 0.01 59 59 0 0 0
1637 -0.142414 -0.00913274 0.01 59 59 0 0 0
1644 -0.165574 -0.00929119 0.01 91 91 0 0 0
1645 -0.165574 -0.00929119 0.01 90 91 0 0 0
1650 -0.142414 -0.00913274 0.01 59 59 0 0 0
1653 -0.152474 -0.00923246 0.01 90 90 0 0 0
1656 -0.152474 -0.00918737 0.01 90 90 0 0 0
1669 -0.165574 -0.00929119 0.01 92 91 0 0 0
1674 -0.152474 -0.00918737 0.01 90 90 0 0 0
1678 -0.136029 -0.00913274 0.01 59 59 -0.000143811 0.00638457 0
1709 -0.165369 -0.00992677 0.01 59 59 0 0 0
1716 -0.165369 -0.0098517 0.01 58 60 0 0 0
1723 -0.165574 -0.00929119 0.01 92 92 0 0 0
1728 -0.165369 -0.0098517 0.01 59 59 0 0 0
1743 -0.152474 -0.00918737 0.01 90 90 0 0 0
1761 -0.152007 -0.00914371 0.01 72 72 0 0 0
1762 -0.152474 -0.00918737 0.01 90 90 0 0 0
1769 -0.159302 -0.00966958 0.01 72 72 0 0 0
1817 -0.164885 -0.00958427 0.01 72 72 0 0 0
1821 -0.165369 -0.0098517 0.01 59 59 0 0 0
1824 -0.165369 -0.0098517 0.01 59 59 0 0 0
1832 -0.149602 -0.00944504 0.01 72 72 0 0 0
1837 -0.165574 -0.00929119 0.01 91 91 0 0 0
1840 -0.149954 -0.00927574 0.01 72 72 0 0 0
1841 -0.152007 -0.00914371 0.01 72 72 0 0 0
1842 -0.165369 -0.0098517 0.01 59 59 0 0 0
1847 -0.165369 -0.0098517 0.01 58 58 0 0 0
1851 -0.165369 -0.0098517 0.01 59 59 0 0 0
1853 -0.165574 -0.00929119 0.01 91 90 0 0 0
1856 -0.165369 -0.0098095 0.01 59 60 0 0 0
1857 -0.148619 -0.00970087 0.01 72 72 0 0 0
1868 -0.165574 -0.00929119 0.01 91 91 0 0 0
1869 -0.142414 -0.00913274 0.01 59 59 0 0 0
1880 -0.146143 -0.00916357 0.01 72 72 0 0 0
1882 -0.165574 -0.00929119 0.01 91 91 0 0 0
1887 -0.163524 -0.00970845 0.01 72 72 0 0 0
1890 -0.165369 -0.0098517 0.01 58 58 0 0 0
1893 -0.165369 -0.00988082 0.01 59 59 1.19209e-07 0 -2.91187e-05
1896 -0.152474 -0.009291 0.01 90 90 0 0 0
1897 -0.165574 -0.00929119 0.01 92 92 0 0 0
1921 -0.146143 -0.00916357 0.01 72 73 0 0 0
1925 -0.164885 -0.00958427 0.01 72 72 0 0 0
1927 -0.133598 -0.00975897 0.01 72 72 0 0 0
1933 -0.181823 -0.00947556 0.01 59 59 0.000100195 -0.016454 0
1942 -0.165574 -0.00929119 0.01 91 91 0 0 0
1961 -0.175247 -0.00970845 0.01 72 72 0 0 0
1970 -0.152474 -0.00929119 0.01 92 92 0 0 0
1986 -0.128438 -0.00944504 0.01 72 72 0 0 0
1993 -0.165369 -0.0101103 0.01 59 59 0 0 0
2005 -0.165574 -0.00929119 0.01 92 92 0 0 0
2027 -0.165574 -0.00929119 0.01 92 92 0 0 0
2052 -0.165369 -0.00989674 0.01 58 58 0 0 0
2055 -0.149602 -0.00944504 0.01 72 73 0 0 0
2057 -0.153316 -0.0102889 0.01 72 72 0.00373514 -0.0107337 0
2090 -0.145444 -0.00960432 0.01 72 74 0 0 0
2101 -0.152474 -0.00929119 0.01 92 92 0 0 0
2115 -0.152474 -0.00918737 0.01 90 90 0 0 0
2117 -0.152474 -0.00929119 0.01 90 90 0 0 0
2125 -0.152007 -0.00914371 0.01 72 72 0 0 0
2160 -0.152474 -0.00918737 0.01 90 90 0 0 0
2172 -0.148652 -0.00923347 0.01 72 73 0 0 0
2179 -0.156707 -0.00964235 0.01 72 72 -7.66814e-05 0 -5.80801e-05
2180 -0.22163 -0.0103838 0.01 72 72 0 0 0
2191 -0.133598 -0.00975897 0.01 72 72 0 0 0
2206 -0.165574 -0.00929119 0.01 92 92 0 0 0
2213 -0.165369 -0.00998486 0.01 59 59 0 0 0
2217 -0.165574 -0.00929119 0.01 91 91 0 0 0
2219 -0.165369 -0.0098517 0.01 59 59 0 0 0
2222 -0.137218 -0.00935837 0.01 72 72 0 0 0
2227 -0.142414 -0.00913274 0.01 59 59 0 0 0
2236 -0.165637 -0.00929119 0.01 91 90 0 0 0
2237 -0.152474 -0.00929119 0.01 90 90 0 0 0
2244 -0.162583 -0.0098517 0.01 59 59 0 0 0
2245 -0.179377 -0.00960253 0.01 72 72 0 0 0
2253 -0.165574 -0.00935292 0.01 92 92 0 0 0
2281 -0.152474 -0.00918737 0.01 90 90 0 0 0
2293 -0.187856 -0.00960258 0.01 72 72 0 0 0
2310 -0.152474 -0.00918737 0.01 90 90 0 0 0
2311 -0.165574 -0.00929119 0.01 91 91 0 0 0
2321 -0.152474 -0.00929119 0.01 90 90 0 0 0
2344 -0.137217 -0.00887881 0.01 72 72 0 0 0
2352 -0.165369 -0.0098517 0.01 59 59 0 0 0
2353 -0.152007 -0.00878426 0.01 72 72 0 0 0
2369 -0.142414 -0.00935499 0.01 59 59 0 0 0
2387 -0.148652 -0.00923347 0.01 72 72 0 0 0
2396 -0.172205 -0.0098517 0.01 59 59 0 0 0
2400 -0.152007 -0.00880793 0.01 72 72 0 0 0
2408 -0.142414 -0.00914475 0.01 58 58 0 0 0
2427 -0.164238 -0.00929471 0.01 72 72 0 0 0
2441 -0.155277 -0.00929119 0.01 90 90 0 0 0
2467 -0.161128 -0.00991971 0.01 72 72 0 0 0
2478 -0.170393 -0.00925849 0.01 72 72 0 0 0
2481 -0.161951 -0.00849678 0.01 72 72 0 0 0
2487 -0.152474 -0.00929119 0.01 90 90 0 0 0
2494 -0.152474 -0.00918737 0.01 90 90 0 0 0
2495 -0.165574 -0.00929119 0.01 90 90 0 0 0
2514 -0.165369 -0.0101103 0.01 58 58 0 0 0
2519 -0.165369 -0.00989674 0.01 58 58 0 0 0
2533 -0.165369 -0.00988777 0.01 59 59 0 0 0
2536 -0.153995 -0.00973436 0.01 72 72 0 0 0
2554 -0.165369 -0.0101103 0.01 58 58 0 0 0
2555 -0.165369 -0.0098517 0.01 59 59 0 0 0
2560 -0.165574 -0.00929119 0.01 90 90 0 0 0
2572 -0.165574 -0.00930119 0.01 91 92 0 0 0
2581 -0.165369 -0.00989674 0.01 57 57 0 0 0
2589 -0.142414 -0.00949722 0.01 72 72 0 0 0
2604 -0.165369 -0.0101103 0.01 58 58 0 0 0
2607 -0.137218 -0.00935837 0.01 72 72 0 0 0
2612 -0.152474 -0.00929119 0.01 90 90 0 0 0
2616 -0.165369 -0.0098517 0.01 59 59 0 0 0
2620 -0.142414 -0.00913274 0.01 59 59 0 0 0
2621 -0.165369 -0.00992677 0.01 58 58 0 0 0
2629 -0.142414 -0.00913274 0.01 58 58 0 0 0
2634 -0.165761 -0.00890795 0.01 72 72 0 0 0
2662 -0.165574 -0.00929119 0.01 91 91 0 0 0
2665 -0.133598 -0.00975897 0.01 72 72 0 0 0
2672 -0.142414 -0.00913274 0.01 59 59 0 0 0
2673 -0.152474 -0.00918737 0.01 90 90 0 0 0
2683 -0.152017 -0.00859693 0.01 72 72 0 0 0
2684 -0.165369 -0.0098517 0.01 59 59 0 0 0
2685 -0.175247 -0.00970845 0.01 72 72 0 0 0
2707 -0.160419 -0.00925444 0.01 72 72 0 0 0
2712 -0.142414 -0.00917304 0.01 57 57 0 0 0
2718 -0.148219 -0.00970824 0.01 72 72 0 0 0
2721 -0.165574 -0.00929119 0.01 91 91 0 0 0
2726 -0.165369 -0.0098517 0.01 59 59 0 0 0
2728 -0.152474 -0.00897473 0.01 90 90 0 0 0
2729 -0.161951 -0.00849678 0.01 72 72 0 0 0
2732 -0.165574 -0.00929119 0.01 91 91 0 0 0
2740 -0.152474 -0.00918737 0.01 91 91 0 0 0
2743 -0.133691 -0.00913274 0.01 59 59 0 0 0
2761 -0.142414 -0.00913274 0.01 59 59 0 0 0
2767 -0.178741 -0.00942583 0.01 72 71 0 0 0
2782 -0.160582 -0.0095776 0.01 72 72 0 0 0
2783 -0.171471 -0.00948686 0.01 91 91 0.0118937 -0.00589614 -0.000195671
2787 -0.165574 -0.00929119 0.01 91 91 0 0 0
2789 -0.139482 -0.00923347 0.01 72 72 0 0 0
2792 -0.152474 -0.00918737 0.01 90 90 0 0 0
2818 -0.165574 -0.00946895 0.01 90 90 -0.0103723 0 -0.000177768
2822 -0.142414 -0.00913274 0.01 59 59 0 0 0
2839 -0.165761 -0.00890795 0.01 72 72 0 0 0
2849 -0.165574 -0.00929119 0.01 92 92 0 0 0
2850 -0.193391 -0.010441 0.01 72 72 0 0 0
2867 -0.160787 -0.00929119 0.01 91 91 -0.0209243 0.00478719 0
2868 -0.165369 -0.00989674 0.01 57 57 0 0 0
2890 -0.165369 -0.0098517 0.01 58 59 0 0 0
2894 -0.185201 -0.00970845 0.01 72 72 0 0 0
2898 -0.165369 -0.00980247 0.01 59 59 0 0 0
2903 -0.165505 -0.00882965 0.01 72 72 0 0 0
2910 -0.154643 -0.00918737 0.01 90 90 0 0 0
2911 -0.165574 -0.00929119 0.01 91 91 0 0 0
2928 -0.165369 -0.0098517 0.01 59 59 0 0 0
2968 -0.142414 -0.00913274 0.01 59 59 0 0 0
2970 -0.165574 -0.00929119 0.01 91 91 0 0 0
2977 -0.165574 -0.00929119 0.01 91 91 0 0 0
2984 -0.152474 -0.00918737 0.01 90 90 0 0 0
2988 -0.165369 -0.00992677 0.01 58 59 0 0 0
3005 -0.165574 -0.00929119 0.01 91 91 0 0 0
3013 -0.165574 -0.00929119 0.01 92 92 0 0 0
3018 -0.142414 -0.00913274 0.01 59 59 0 0 0
3019 -0.154545 -0.00918737 0.01 91 91 0 0 0
3030 -0.155127 -0.00913274 0.01 59 59 0 0 0
3052 -0.165369 -0.00992677 0.01 58 58 0 0 0
3059 -0.165574 -0.00929119 0.01 90 91 0 0 0
3061 -0.165369 -0.00992677 0.01 59 59 0 0 0
3077 -0.142414 -0.00913274 0.01 59 59 0 0 0
3083 -0.165369 -0.00992677 0.01 59 59 0 0 0
3085 -0.172712 -0.00977216 0.01 72 72 0 0 0
3087 -0.165369 -0.0098517 0.01 59 59 0 0 0
3090 -0.165574 -0.00929119 0.01 90 91 0 0 0
3096 -0.165369 -0.0098517 0.01 59 59 0 0 0
3097 -0.165369 -0.0101103 0.01 59 59 0 0 0
3100 -0.165574 -0.00929119 0.01 91 91 0 0 0
3105 -0.165574 -0.00929119 0.01 92 92 0 0 0
3126 -0.141513 -0.00880793 0.01 72 72 0 0 0
3147 -0.165369 -0.00992677 0.01 59 59 0 0 0
3149 -0.165369 -0.00992677 0.01 58 58 0 0 0
3185 -0.137217 -0.00887881 0.01 72 72 0 0 0
3196 -0.165369 -0.00988777 0.01 59 59 0 0 0
3198 -0.165369 -0.00992677 0.01 58 58 0 0 0
3202 -0.165369 -0.00980247 0.01 59 59 0 0 0
3222 -0.162345 -0.00992677 0.01 59 59 -2.61217e-05 0.00302409 0
3227 -0.178175 -0.00929119 0.01 91 91 0 0 0
3268 -0.160582 -0.0095776 0.01 72 72 0 0 0
3307 -0.152474 -0.00918737 0.01 90 90 0 0 0
3320 -0.165574 -0.00930834 0.01 90 90 0 0 0
3321 -0.165574 -0.00929119 0.01 91 91 0 0 0
3326 -0.165574 -0.00929119 0.01 91 91 0 0 0
3358 -0.177078 -0.00949313 0.01 72 72 6.78301e-05 0 0.000109396
3370 -0.165574 -0.00929119 0.01 91 91 0 0 0
3374 -0.154006 -0.00941676 0.01 72 73 0 0 0
3377 -0.152474 -0.00918737 0.01 90 90 0 0 0
3380 -0.159881 -0.00916971 0.01 72 72 0 0 0
3394 -0.141513 -0.00880793 0.01 72 72 0 0 0
3400 -0.163232 -0.00954058 0.01 72 71 0 0 0
3403 -0.165574 -0.00929119 0.01 91 91 0 0 0
3411 -0.137218 -0.00935837 0.01 72 72 0 0 0
3414 -0.152474 -0.00929119 0.01 92 92 0 0 0
3422 -0.142414 -0.00913274 0.01 59 59 0 0 0
3440 -0.165761 -0.00890795 0.01 72 72 0 0 0
3446 -0.179144 -0.00929119 0.01 92 92 0.0577656 -0.0135699 0
3460 -0.152474 -0.00929119 0.01 90 90 0 0 0
3461 -0.165369 -0.0098517 0.01 59 59 0 0 0
3472 -0.165369 -0.0098517 0.01 59 59 0 0 0
3474 -0.169975 -0.0098517 0.01 59 59 0 0 0
3475 -0.166331 -0.00973137 0.01 72 72 0 0 0
3476 -0.165369 -0.00988777 0.01 59 59 0 0 0
3482 -0.165369 -0.0098517 0.01 58 58 0 0 0
3511 -0.152474 -0.00900611 0.01 90 90 0 0 0
3525 -0.165574 -0.00929119 0.01 91 91 0 0 0
3529 -0.142414 -0.00913274 0.01 59 59 0 0 0
3535 -0.165369 -0.00992677 0.01 58 60 0 0 0
3553 -0.160582 -0.0095776 0.01 72 72 0 0 0
3554 -0.152007 -0.00880793 0.01 72 72 0 0 0
3555 -0.142414 -0.00913274 0.01 58 57 0 0 0
3559 -0.165574 -0.00930834 0.01 91 90 0 0 0
3560 -0.165637 -0.00929119 0.01 90 90 0 0 0
3561 -0.142414 -0.00949722 0.01 72 72 0 0 0
3563 -0.165574 -0.00930119 0.01 92 92 0 0 0
3584 -0.165761 -0.00890795 0.01 72 72 0 0 0
3594 -0.142149 -0.00913274 0.01 59 59 0 0 0
3610 -0.165574 -0.00929119 0.01 92 92 0 0 0
3612 -0.160787 -0.00929119 0.01 91 91 0 0 0
3613 -0.165369 -0.0098517 0.01 58 58 0 0 0
3614 -0.152474 -0.00918737 0.01 91 91 0 0 0
3622 -0.152007 -0.00914371 0.01 72 72 0 0 0
3624 -0.152474 -0.00918737 0.01 90 90 0 0 0
3633 -0.165574 -0.00929119 0.01 90 90 0 0 0
3654 -0.128438 -0.00944504 0.01 72 72 0 0 0
3660 -0.162285 -0.00858459 0.01 72 73 0 0 0
3662 -0.166331 -0.00973137 0.01 72 72 0 0 0
3664 -0.152007 -0.00904735 0.01 72 72 0 0 0
3674 -0.193391 -0.010441 0.01 72 72 0 0 0
3683 -0.152007 -0.00904735 0.01 72 72 0 0 0
3726 -0.152017 -0.00889575 0.01 72 72 0 0 0
3733 -0.170226 -0.00845882 0.01 72 73 0 0 0
3734 -0.152474 -0.00918737 0.01 90 90 0 0 0
3735 -0.137218 -0.00935837 0.01 72 73 0 0 0
3740 -0.156454 -0.0100422 0.01 72 71 0 0 0
3741 -0.152474 -0.00918737 0.01 90 90 0 0 0
3746 -0.142414 -0.00913274 0.01 59 60 0 0 0
3758 -0.152474 -0.00918737 0.01 91 91 0 0 0
3767 -0.152474 -0.0092228 0.01 90 90 0 0 0
3776 -0.133598 -0.00975897 0.01 72 72 0 0 0
3777 -0.165369 -0.00992677 0.01 59 59 0 0 0
3788 -0.165574 -0.00929119 0.01 90 91 0 0 0
3789 -0.165574 -0.00929119 0.01 92 91 0 0 0
3799 -0.142414 -0.00917304 0.01 57 57 0 0 0
3803 -0.165369 -0.00992677 0.01 59 59 0 0 0
3807 -0.183135 -0.00970578 0.01 72 72 0 0 0
3816 -0.142414 -0.00913274 0.01 59 58 0 0 0
3823 -0.165369 -0.0098517 0.01 59 59 0 0 0
3841 -0.165369 -0.00989674 0.01 58 58 0 0 0
3844 -0.165369 -0.00998486 0.01 59 59 0 0 0
3851 -0.207016 -0.0103838 0.01 72 72 0 0 0
3861 -0.161128 -0.00991971 0.01 72 72 0 0 0
3866 -0.153203 -0.00883697 0.01 72 72 0 0 0
3875 -0.152474 -0.00918737 0.01 90 90 0 0 0
3885 -0.183135 -0.00970578 0.01 72 72 0 0 0
3890 -0.162795 -0.0101103 0.01 58 58 0 0 0
3891 -0.165505 -0.00882965 0.01 72 72 0 0 0
3904 -0.164885 -0.00958427 0.01 72 72 0 0 0
3920 -0.165574 -0.00929119 0.01 92 92 0 0 0
3922 -0.165574 -0.00929119 0.01 91 91 0 0 0
3928 -0.165369 -0.00989674 0.01 58 58 0 0 0
3932 -0.152877 -0.0098517 0.01 59 59 0 0 0
3944 -0.158098 -0.0098517 0.01 59 59 -6.83516e-05 0.00727102 0
3961 -0.165369 -0.0098517 0.01 59 59 0 0 0
3999 -0.165369 -0.0098517 0.01 57 58 0 0 0
4010 -0.165574 -0.00929119 0.01 91 91 0 0 0
4017 -0.142414 -0.00913274 0.01 58 59 0 0 0
4019 -0.165574 -0.00929119 0.01 90 91 0 0 0
4027 -0.152007 -0.00914371 0.01 72 72 0 0 0
4032 -0.165574 -0.00929119 0.01 91 91 0 0 0
4039 -0.155277 -0.00929119 0.01 90 90 0 0 0
4049 -0.165369 -0.0098517 0.01 59 59 0 0 0
4068 -0.155277 -0.00929119 0.01 90 90 0 0 0
4077 -0.165369 -0.00989674 0.01 58 58 0 0 0
4082 -0.142414 -0.00913274 0.01 57 57 0 0 0
4085 -0.148652 -0.00923347 0.01 72 72 0 0 0
4087 -0.172712 -0.00981146 0.01 72 72 0 0 0
4088 -0.165574 -0.00929119 0.01 91 91 0 0 0
4099 -0.152474 -0.00918737 0.01 90 90 0 0 0
4106 -0.165574 -0.00930834 0.01 90 90 0 0 0
4108 -0.165574 -0.00929119 0.01 91 91 0 0 0
4113 -0.149279 -0.00927574 0.01 72 72 0 0 0
4119 -0.165574 -0.00929119 0.01 92 92 0 0 0
4127 -0.152474 -0.00918737 0.01 90 90 0 0 0
4128 -0.165369 -0.00992677 0.01 59 59 0 0 0
4141 -0.165574 -0.00929119 0.01 92 92 0 0 0
4151 -0.170393 -0.00925849 0.01 72 73 0 0 0
4160 -0.153203 -0.00883697 0.01 72 72 0 0 0
4164 -0.161128 -0.00991971 0.01 72 72 0 0 0
4168 -0.152474 -0.00918737 0.01 90 90 0 0 0
4178 -0.142582 -0.00996726 0.01 72 72 0 0 0
4179 -0.15271 -0.00866688 0.01 72 72 7.91997e-05 0 6.33048e-05
4180 -0.165761 -0.00890795 0.01 72 72 0 0 0
4184 -0.152474 -0.00929119 0.01 92 92 0 0 0
4198 -0.168926 -0.0098517 0.01 59 60 0 0 0
4221 -0.152007 -0.00904735 0.01 72 72 0 0 0
4233 -0.128438 -0.00944504 0.01 72 72 0 0 0
4240 -0.165574 -0.00929119 0.01 90 90 0 0 0
4253 -0.165369 -0.00992677 0.01 59 59 0 0 0
4255 -0.193391 -0.0105861 0.01 72 72 0 0 0
4257 -0.165369 -0.00992677 0.01 59 59 0 0 0
4275 -0.142414 -0.00917304 0.01 57 57 0 0 0
4278 -0.165369 -0.0098517 0.01 58 58 0 0 0
4297 -0.165369 -0.00998486 0.01 59 59 0 0 0
4299 -0.148652 -0.00923347 0.01 72 72 0 0 0
4307 -0.142414 -0.00913274 0.01 59 59 0 0 0
4308 -0.152474 -0.00929119 0.01 91 91 0 0 0
4319 -0.165369 -0.0098517 0.01 58 58 0 0 0
4323 -0.152474 -0.00929119 0.01 90 90 0 0 0
4325 -0.155277 -0.00929119 0.01 90 90 0 0 0
4333 -0.142414 -0.00913274 0.01 59 59 0 0 0
4334 -0.152474 -0.00897473 0.01 90 90 0 0 0
4338 -0.165574 -0.00929119 0.01 90 90 0 0 0
4364 -0.165574 -0.00929119 0.01 92 92 0 0 0
4380 -0.165369 -0.00989674 0.01 58 58 0 0 0
4385 -0.152474 -0.00918737 0.01 90 90 0 0 0
4386 -0.160419 -0.00925444 0.01 72 72 0 0 0
4392 -0.152956 -0.00938683 0.01 72 72 0 0 0
4394 -0.161061 -0.00938606 0.01 72 72 0 0 0
4415 -0.142414 -0.00913274 0.01 59 59 0 0 0
4432 -0.152474 -0.00918737 0.01 91 91 0 0 0
4435 -0.152474 -0.00918737 0.01 90 90 0 0 0
4446 -0.165369 -0.00992677 0.01 59 59 0 0 0
4456 -0.159118 -0.00956989 0.01 72 73 0 0 0
4464 -0.160582 -0.0095776 0.01 72 72 0 0 0
4477 -0.165574 -0.00929119 0.01 91 91 0 0 0
4478 -0.164885 -0.00958427 0.01 72 72 0 0 0
4479 -0.142149 -0.00913274 0.01 59 59 0 0 0
4480 -0.152017 -0.00859693 0.01 72 71 0 0 0
4507 -0.142414 -0.00913274 0.01 59 59 0 0 0
4514 -0.165369 -0.00992677 0.01 58 58 0 0 0
4524 -0.142414 -0.00935499 0.01 59 59 0 0 0
4526 -0.145444 -0.00960432 0.01 72 72 0 0 0
4528 -0.165574 -0.00929119 0.01 90 90 0 0 0
4545 -0.152877 -0.0098517 0.01 58 59 0 0 0
4555 -0.152474 -0.00918737 0.01 90 90 0 0 0
4567 -0.183135 -0.00970578 0.01 72 72 0 0 0
4569 -0.165574 -0.00929119 0.01 91 91 0 0 0
4573 -0.142414 -0.00913274 0.01 59 59 0 0 0
4575 -0.165574 -0.00929119 0.01 91 92 0 0 0
4584 -0.152474 -0.0092228 0.01 90 90 0 0 0
4590 -0.165574 -0.00929119 0.01 91 91 0 0 0
4597 -0.142582 -0.0102889 0.01 72 72 -0.0007779 0 -0.000321634
4598 -0.165369 -0.0101103 0.01 58 59 0 0 0
4602 -0.152017 -0.00889575 0.01 72 72 0 0 0
4605 -0.154643 -0.00918737 0.01 90 90 0 0 0
4611 -0.165369 -0.00992677 0.01 58 58 0 0 0
4615 -0.165574 -0.00929119 0.01 90 90 0 0 0
4620 -0.152474 -0.00929119 0.01 90 90 0 0 0
4621 -0.165574 -0.00930119 0.01 92 92 0 0 0
4629 -0.165574 -0.00929119 0.01 91 91 0 0 0
4631 -0.165369 -0.00992677 0.01 59 59 0 0 0
4632 -0.129874 -0.00913274 0.01 58 59 0 0 0
4634 -0.158981 -0.00932318 0.01 72 72 0 0 0
4645 -0.142414 -0.00913274 0.01 59 59 0 0 0
4646 -0.165369 -0.00989674 0.01 59 59 0 0 0
4655 -0.152474 -0.00918737 0.01 90 90 0 0 0
4669 -0.128438 -0.00944504 0.01 72 72 0 0 0
4674 -0.142414 -0.00913274 0.01 59 59 0 0 0
4689 -0.154643 -0.00918737 0.01 91 91 0 0 0
4697 -0.165369 -0.00998486 0.01 59 59 0 0 0
4704 -0.182215 -0.0098517 0.01 59 61 0 0 0
4719 -0.165637 -0.00929119 0.01 90 90 0 0 0
4732 -0.152474 -0.0088819 0.01 90 90 0.0197988 0 0.000305465
4748 -0.165574 -0.00929119 0.01 91 91 0 0 0
4755 -0.152474 -0.00929119 0.01 91 90 0 0 0
4756 -0.165369 -0.0098517 0.01 59 59 0 0 0
4758 -0.154545 -0.00918737 0.01 91 91 0 0 0
4770 -0.156694 -0.00923718 0.01 72 72 0 0 0
4771 -0.137218 -0.00935837 0.01 72 72 0 0 0
4779 -0.165574 -0.00929119 0.01 92 92 0 0 0
4787 -0.152474 -0.00937307 0.01 90 90 0 0 0
4805 -0.153995 -0.00973436 0.01 72 72 0 0 0
4807 -0.158981 -0.00925444 0.01 72 72 0 0 0
4808 -0.165369 -0.0098517 0.01 58 58 0 0 0
4821 -0.142133 -0.00916357 0.01 72 72 0 0 0
4822 -0.165369 -0.0098517 0.01 59 59 0 0 0
4823 -0.165369 -0.0098517 0.01 58 58 0 0 0
4830 -0.164885 -0.00958427 0.01 72 72 0 0 0
4835 -0.165761 -0.00890795 0.01 72 72 0 0 0
4839 -0.165574 -0.00930834 0.01 90 90 0 0 0
4843 -0.165369 -0.0098517 0.01 59 59 0 0 0
4852 -0.165505 -0.00882965 0.01 72 72 0 0 0
4884 -0.165574 -0.00929119 0.01 92 92 0 0 0
4887 -0.160582 -0.0095776 0.01 72 72 0 0 0
4903 -0.152007 -0.00914371 0.01 72 72 0 0 0
4909 -0.152474 -0.00909793 0.01 90 90 0 0 0
4915 -0.165369 -0.0101103 0.01 58 58 0 0 0
4931 -0.142414 -0.00913274 0.01 59 59 0 0 0
4940 -0.161128 -0.00991971 0.01 72 72 0 0 0
4942 -0.165574 -0.00929119 0.01 91 91 0 0 0
4956 -0.152474 -0.00918737 0.01 90 90 0 0 0
4975 -0.166331 -0.00960253 0.01 72 72 0 0 0
4980 -0.165505 -0.00882965 0.01 72 73 0 0 0
4982 -0.165574 -0.00929119 0.01 92 92 0 0 0
4983 -0.153569 -0.00978209 0.01 72 72 0 0 0
4986 -0.165574 -0.00929119 0.01 91 91 0 0 0
5002 -0.168372 -0.00958427 0.01 72 72 0.000532985 -0.00348744 0
5007 -0.148619 -0.00970087 0.01 72 72 0 0 0
5033 -0.142414 -0.00913274 0.01 59 59 0 0 0
5036 -0.152474 -0.00918737 0.01 91 91 0 0 0
5048 -0.152007 -0.00904735 0.01 72 72 0 0 0
5052 -0.148652 -0.00953443 0.01 72 72 -0.000504062 0 -0.000300953
5056 -0.160046 -0.00849678 0.01 72 72 0 0 0
5074 -0.165574 -0.00929119 0.01 91 91 0 0 0
5089 -0.166331 -0.00960253 0.01 72 72 0 0 0
5104 -0.142414 -0.00913274 0.01 58 59 0 0 0
5112 -0.177078 -0.00960253 0.01 72 72 0 0 0
5127 -0.142414 -0.00917859 0.01 59 59 0 0 0
5135 -0.153203 -0.00883697 0.01 72 72 0 0 0
5143 -0.165369 -0.0098517 0.01 58 58 0 0 0
5170 -0.165505 -0.00882965 0.01 72 72 0 0 0
5178 -0.188706 -0.0098517 0.01 59 59 0.000125721 -0.0233365 0
5179 -0.165369 -0.00992677 0.01 59 59 0 0 0
5184 -0.165369 -0.0098517 0.01 59 59 0 0 0
5189 -0.152474 -0.00918737 0.01 90 90 0 0 0
5192 -0.152474 -0.00918737 0.01 91 91 0 0 0
5207 -0.165505 -0.00882965 0.01 72 72 0 0 0
5212 -0.165369 -0.0098517 0.01 58 58 0 0 0
5235 -0.165369 -0.00988777 0.01 59 59 0 0 0
5243 -0.142045 -0.00914371 0.01 72 72 0 0 0
5255 -0.165369 -0.0098517 0.01 59 59 0 0 0
5262 -0.165369 -0.00989674 0.01 59 59 0 0 0
5285 -0.165369 -0.0098517 0.01 59 59 0 0 0
5294 -0.142414 -0.00913274 0.01 59 59 0 0 0
5296 -0.165761 -0.00890795 0.01 72 72 0 0 0
5301 -0.165505 -0.00882965 0.01 72 72 0 0 0
5318 -0.166089 -0.00929119 0.01 92 92 0.00239098 -0.000514761 0
5352 -0.152474 -0.00929119 0.01 92 92 0 0 0
5354 -0.134 -0.00913274 0.01 59 59 -0.000192046 0.00814867 0
5355 -0.148652 -0.00923347 0.01 72 72 0 0 0
5368 -0.142414 -0.00913274 0.01 57 57 0 0 0
5377 -0.152474 -0.00918737 0.01 90 90 0 0 0
5395 -0.165574 -0.00929119 0.01 91 91 0 0 0
5397 -0.185201 -0.00970845 0.01 72 72 0 0 0
5400 -0.152474 -0.00918737 0.01 90 90 0 0 0
5403 -0.165574 -0.00929119 0.01 91 91 0 0 0
5409 -0.152007 -0.00904735 0.01 72 72 0 0 0
5411 -0.166839 -0.00929119 0.01 92 92 0 0 0
5417 -0.152474 -0.00929119 0.01 90 90 0 0 0
5428 -0.165369 -0.0098517 0.01 58 58 0 0 0
5444 -0.137218 -0.00935837 0.01 72 72 0 0 0
5448 -0.165369 -0.00947556 0.01 59 59 0 0 0
5460 -0.165369 -0.0098517 0.01 59 59 0 0 0
5474 -0.142414 -0.00914475 0.01 58 59 1.19209e-07 0 -1.20094e-05
5479 -0.152474 -0.00918737 0.01 90 90 0 0 0
5489 -0.165761 -0.00890795 0.01 72 72 0 0 0
5490 -0.154545 -0.00918737 0.01 91 91 0 0 0
5494 -0.165369 -0.00989674 0.01 58 58 0 0 0
5496 -0.152474 -0.00918737 0.01 90 90 0 0 0
5504 -0.153538 -0.0096764 0.01 72 72 0 0 0
5513 -0.170393 -0.00925849 0.01 72 72 0 0 0
5547 -0.165574 -0.00929119 0.01 91 91 0 0 0
5571 -0.165574 -0.00929119 0.01 92 92 0 0 0
5580 -0.166331 -0.00960253 0.01 72 72 0 0 0
5597 -0.165369 -0.00992677 0.01 59 59 0 0 0
5602 -0.165574 -0.00929119 0.01 91 91 0 0 0
5637 -0.165574 -0.00929119 0.01 91 91 0 0 0
5650 -0.166331 -0.00973137 0.01 72 72 0 0 0
5655 -0.165369 -0.0098517 0.01 59 59 0 0 0
5656 -0.153995 -0.00973436 0.01 72 72 0 0 0
5661 -0.133598 -0.00975897 0.01 72 72 0 0 0
5669 -0.146143 -0.00923972 0.01 72 72 0 0 0
5671 -0.165369 -0.00992677 0.01 59 59 0 0 0
5677 -0.165574 -0.00929119 0.01 91 91 0 0 0
5681 -0.165369 -0.0098517 0.01 59 59 0 0 0
5687 -0.165369 -0.00989674 0.01 58 58 0 0 0
5715 -0.152474 -0.00918737 0.01 90 90 0 0 0
5719 -0.165574 -0.00929119 0.01 91 91 0 0 0
5737 -0.165369 -0.00989674 0.01 57 57 0 0 0
5738 -0.148652 -0.00923347 0.01 72 72 0 0 0
5742 -0.165369 -0.0098517 0.01 59 59 0 0 0
5744 -0.152474 -0.00918737 0.01 90 90 0 0 0
5748 -0.148417 -0.00929119 0.01 91 91 0 0 0
5750 -0.165574 -0.00929119 0.01 91 91 0 0 0
5756 -0.142414 -0.00913274 0.01 59 59 0 0 0
5759 -0.152474 -0.009291 0.01 90 90 0 0 0
5772 -0.148652 -0.00923347 0.01 72 72 0 0 0
5775 -0.142045 -0.00914371 0.01 72 72 0 0 0
5776 -0.142149 -0.00913274 0.01 59 59 0 0 0
5781 -0.166331 -0.00973137 0.01 72 72 0 0 0
5783 -0.152474 -0.00918737 0.01 90 90 0 0 0
5787 -0.154545 -0.00918737 0.01 91 91 0 0 0
5799 -0.165369 -0.00988777 0.01 59 59 0 0 0
5815 -0.165574 -0.00930119 0.01 92 92 0 0 0
5825 -0.161197 -0.00918737 0.01 90 89 0 0 0
5834 -0.142414 -0.00913274 0.01 57 57 0 0 0
5835 -0.165574 -0.00929119 0.01 91 91 0 0 0
5841 -0.137218 -0.00935837 0.01 72 72 0 0 0
5850 -0.185201 -0.00970845 0.01 72 72 0 0 0
5855 -0.165574 -0.00935292 0.01 92 92 0 0 0
5862 -0.165574 -0.00929119 0.01 92 92 0 0 0
5867 -0.148417 -0.00929119 0.01 90 91 0 0 0
5872 -0.154545 -0.00942359 0.01 91 91 -0.0174213 0 -0.000236222
5894 -0.152474 -0.00929119 0.01 90 90 0 0 0
5902 -0.165574 -0.00929119 0.01 90 91 0 0 0
5909 -0.165574 -0.00929119 0.01 91 91 0 0 0
5955 -0.137217 -0.00887881 0.01 72 72 0 0 0
5970 -0.179996 -0.00956989 0.01 72 71 0 0 0
5975 -0.152474 -0.00918737 0.01 90 90 0 0 0
5988 -0.152474 -0.00918737 0.01 90 90 0 0 0
5990 -0.152474 -0.00937307 0.01 90 90 0 0 0
5998 -0.161128 -0.00991971 0.01 72 72 0 0 0
6011 -0.161951 -0.00849678 0.01 72 72 0 0 0
6013 -0.165574 -0.00929119 0.01 90 90 0 0 0
6015 -0.165369 -0.00988777 0.01 59 60 0 0 0
6018 -0.159302 -0.00966958 0.01 72 71 0 0 0
6026 -0.165369 -0.00992677 0.01 59 59 0 0 0
6033 -0.152474 -0.00897473 0.01 90 90 0 0 0
6054 -0.142414 -0.00913274 0.01 58 58 0 0 0
6064 -0.166331 -0.00960253 0.01 72 72 0 0 0
6074 -0.165574 -0.00929119 0.01 91 91 0 0 0
6094 -0.165369 -0.00992677 0.01 59 59 0 0 0
6105 -0.165369 -0.0098517 0.01 59 60 0 0 0
6122 -0.164885 -0.00958427 0.01 72 72 0 0 0
6136 -0.165369 -0.00992677 0.01 59 59 0 0 0
6152 -0.161128 -0.00991971 0.01 72 72 0 0 0
6154 -0.165369 -0.0098517 0.01 59 59 0 0 0
6180 -0.165574 -0.00930834 0.01 90 90 0 0 0
6185 -0.160582 -0.0095776 0.01 72 72 0 0 0
6192 -0.152474 -0.00918737 0.01 90 90 0 0 0
6206 -0.142414 -0.00913274 0.01 59 59 0 0 0
6207 -0.165369 -0.0098517 0.01 58 58 0 0 0
6210 -0.165574 -0.00929119 0.01 92 92 0 0 0
6233 -0.137218 -0.00935837 0.01 72 72 0 0 0
6238 -0.149709 -0.00935837 0.01 72 72 0 0 0
6251 -0.172712 -0.00946867 0.01 72 72 0 0 0
6255 -0.152474 -0.00918737 0.01 90 90 0 0 0
6258 -0.165369 -0.0098517 0.01 59 59 0 0 0
6267 -0.165369 -0.00988777 0.01 59 59 0 0 0
6290 -0.165574 -0.00935292 0.01 92 92 0 0 0
6302 -0.152474 -0.00918737 0.01 90 90 0 0 0
6303 -0.146143 -0.00916357 0.01 72 73 0 0 0
6314 -0.14315 -0.00903782 0.01 72 72 0 0 0
6315 -0.165369 -0.0098517 0.01 59 59 0 0 0
6319 -0.142414 -0.00920796 0.01 59 60 0 0 -7.52127e-05
6321 -0.165574 -0.00929119 0.01 91 91 0 0 0
6327 -0.152007 -0.00914371 0.01 72 72 0 0 0
6328 -0.160582 -0.0095776 0.01 72 72 0 0 0
6341 -0.165369 -0.0098517 0.01 59 60 0 0 0
6364 -0.142414 -0.00913274 0.01 59 59 0 0 0
6389 -0.207016 -0.0103838 0.01 72 72 0 0 0
6401 -0.165574 -0.00929119 0.01 92 92 0 0 0
6410 -0.165574 -0.00929119 0.01 91 91 0 0 0
6413 -0.183135 -0.00970578 0.01 72 72 0 0 0
6422 -0.142414 -0.00913274 0.01 57 57 0 0 0
6432 -0.165369 -0.0098517 0.01 59 59 0 0 0
6438 -0.152474 -0.00918737 0.01 90 90 0 0 0
6446 -0.159897 -0.0098517 0.01 59 59 -4.96209e-05 0.0054719 0
6449 -0.142414 -0.00913274 0.01 57 57 0 0 0
6452 -0.152474 -0.00929119 0.01 90 90 0 0 0
6455 -0.165369 -0.00998486 0.01 59 59 0 0 0
6458 -0.185201 -0.00970845 0.01 72 72 0 0 0
6465 -0.142414 -0.00913274 0.01 59 59 0 0 0
6474 -0.152007 -0.00880793 0.01 72 71 0 0 0
6488 -0.148219 -0.00970824 0.01 72 72 0 0 0
6503 -0.155277 -0.00929119 0.01 90 90 0 0 0
6505 -0.152474 -0.00918737 0.01 90 89 0 0 0
6522 -0.165369 -0.0098517 0.01 59 59 0 0 0
6529 -0.164885 -0.00958427 0.01 72 72 0 0 0
6533 -0.142414 -0.00949722 0.01 72 72 0 0 0
6563 -0.166331 -0.00960253 0.01 72 72 0 0 0
6566 -0.165369 -0.0101103 0.01 58 58 0 0 0
6572 -0.142133 -0.00916357 0.01 72 72 0 0 0
6579 -0.152007 -0.00914371 0.01 72 72 0 0 0
6587 -0.165637 -0.00929119 0.01 91 91 0 0 0
6589 -0.168382 -0.00953949 0.01 72 73 0 0 0
6610 -0.142414 -0.00935499 0.01 59 59 0 0 0
6615 -0.160582 -0.0095776 0.01 72 72 0 0 0
6617 -0.165369 -0.00998486 0.01 59 59 0 0 0
6618 -0.165369 -0.0101103 0.01 59 59 0 0 0
6619 -0.165369 -0.0099994 0.01 58 58 4.76837e-07 0 -7.26245e-05
6632 -0.165574 -0.00929119 0.01 91 91 0 0 0
6657 -0.152877 -0.0098517 0.01 58 58 0 0 0
6667 -0.170226 -0.00845882 0.01 72 72 0 0 0
6675 -0.165369 -0.00989674 0.01 58 58 0 0 0
6681 -0.152474 -0.00929119 0.01 90 90 0 0 0
6686 -0.165574 -0.00929119 0.01 90 90 0 0 0
6691 -0.165574 -0.00929119 0.01 92 92 0 0 0
6697 -0.183211 -0.0100134 0.01 72 72 0 0 0
6704 -0.156344 -0.00913274 0.01 59 59 0.000214875 -0.0139301 0
6743 -0.193391 -0.010441 0.01 72 72 0 0 0
6753 -0.165574 -0.00929119 0.01 92 92 0 0 0
6759 -0.152474 -0.00918737 0.01 90 89 0 0 0
6762 -0.142414 -0.00913274 0.01 59 59 0 0 0
6768 -0.165369 -0.00992677 0.01 59 59 0 0 0
6773 -0.16841 -0.00929119 0.01 92 92 0.012994 -0.00283517 0
6781 -0.152474 -0.00918737 0.01 90 90 0 0 0
6806 -0.165574 -0.00929119 0.01 90 90 0 0 0
6828 -0.164885 -0.00958427 0.01 72 72 0 0 0
6839 -0.152474 -0.00918737 0.01 90 90 0 0 0
6842 -0.165369 -0.0098517 0.01 59 59 0 0 0
6845 -0.22163 -0.0103838 0.01 72 72 0.000461698 -0.014614 0
6849 -0.142414 -0.00913274 0.01 59 59 0 0 0
6873 -0.152474 -0.0092228 0.01 90 90 0 0 0
6881 -0.165574 -0.00929119 0.01 91 91 0 0 0
6902 -0.165369 -0.0101018 0.01 59 59 1.01328e-06 0 -0.000250138
6928 -0.142133 -0.00916357 0.01 72 72 0 0 0
6933 -0.165574 -0.00929119 0.01 91 91 0 0 0
6940 -0.165574 -0.00935292 0.01 92 92 0 0 0
6946 -0.165574 -0.00929119 0.01 91 91 0 0 0
6965 -0.15271 -0.00873019 0.01 72 72 0 0 0
6966 -0.152474 -0.00918737 0.01 90 90 0 0 0
6969 -0.165369 -0.00989674 0.01 58 58 0 0 0
6970 -0.165574 -0.00929119 0.01 91 91 0 0 0
6974 -0.152474 -0.0092228 0.01 90 90 0 0 0
6997 -0.148652 -0.00923347 0.01 72 72 0 0 0
7005 -0.165574 -0.00929119 0.01 91 91 0 0 0
7019 -0.165369 -0.0098517 0.01 59 59 0 0 0
7022 -0.152017 -0.00889575 0.01 72 72 0 0 0
7025 -0.165574 -0.00929119 0.01 91 91 0 0 0
7031 -0.137218 -0.00935837 0.01 72 72 0 0 0
7042 -0.146143 -0.00916357 0.01 72 72 0 0 0
7045 -0.165369 -0.00948025 0.01 59 59 -1.83284e-06 0 0.000446527
7050 -0.165369 -0.00989674 0.01 58 58 0 0 0
7067 -0.142414 -0.00935499 0.01 58 58 0 0 0
7068 -0.152474 -0.00929119 0.01 92 92 0 0 0
7086 -0.152474 -0.00918737 0.01 90 90 0 0 0
7090 -0.152474 -0.00918737 0.01 90 89 0 0 0
7096 -0.165574 -0.00929119 0.01 92 92 0 0 0
7124 -0.152474 -0.00918737 0.01 91 91 0 0 0
7126 -0.165369 -0.00992677 0.01 58 58 0 0 0
7132 -0.165574 -0.00929119 0.01 90 90 0 0 0
7167 -0.142414 -0.00913274 0.01 59 59 0 0 0
7169 -0.172712 -0.00977216 0.01 72 72 0 0 0
7171 -0.193391 -0.010441 0.01 72 72 0 0 0
7178 -0.165369 -0.0098517 0.01 59 59 0 0 0
7190 -0.152474 -0.00918737 0.01 90 90 0 0 0
7191 -0.165369 -0.0098517 0.01 58 58 0 0 0
7208 -0.165574 -0.00929119 0.01 90 90 0 0 0
7212 -0.14315 -0.00903782 0.01 72 72 0 0 0
7225 -0.178175 -0.00929119 0.01 91 91 0.0483969 -0.0126011 0
7230 -0.165369 -0.00989674 0.01 58 58 0 0 0
7247 -0.152007 -0.00914371 0.01 72 72 0 0 0
7253 -0.152474 -0.00897473 0.01 90 90 0 0 0
7271 -0.165369 -0.00989674 0.01 57 57 0 0 0
7278 -0.22163 -0.0103838 0.01 72 72 0 0 0
7288 -0.172712 -0.00946867 0.01 72 72 0 0 0
7289 -0.166331 -0.00973137 0.01 72 72 0 0 0
7311 -0.152474 -0.00929119 0.01 90 90 0 0 0
7319 -0.165369 -0.0101103 0.01 58 58 0 0 0
7321 -0.142149 -0.00908367 0.01 59 59 -4.91738e-07 0 4.90695e-05
7325 -0.165505 -0.00882965 0.01 72 72 0 0 0
7334 -0.165574 -0.00929119 0.01 91 91 0 0 0
7345 -0.165369 -0.0098517 0.01 58 58 0 0 0
7362 -0.165369 -0.00989674 0.01 58 58 0 0 0
7364 -0.165369 -0.00992677 0.01 59 59 0 0 0
7365 -0.165369 -0.0101103 0.01 59 58 0 0 0
7373 -0.161128 -0.00991971 0.01 72 72 0 0 0
7384 -0.154643 -0.00918737 0.01 90 90 0 0 0
7394 -0.165574 -0.00929119 0.01 90 90 0 0 0
7404 -0.147058 -0.00918737 0.01 90 90 -0.0245285 0.00541645 0
7416 -0.165369 -0.0098517 0.01 57 57 0 0 0
7422 -0.165505 -0.00882965 0.01 72 72 0 0 0
7428 -0.15689 -0.00918737 0.01 90 90 0 0 0
7440 -0.152474 -0.00918737 0.01 90 90 0 0 0
7453 -0.142414 -0.00913274 0.01 59 59 0 0 0
7471 -0.165574 -0.00929119 0.01 92 92 0 0 0
7480 -0.152474 -0.00918737 0.01 90 90 0 0 0
7499 -0.154643 -0.00918737 0.01 90 90 0 0 0
7525 -0.152474 -0.00929119 0.01 90 90 0 0 0
7532 -0.128438 -0.00944504 0.01 72 72 0 0 0
7536 -0.193391 -0.0104069 0.01 72 72 7.50422e-05 0 0.000179213
7540 -0.128415 -0.00916218 0.01 72 71 0.00171255 -0.00366415 0
7564 -0.142414 -0.00913274 0.01 59 59 0 0 0
7568 -0.152474 -0.00918737 0.01 90 90 0 0 0
7570 -0.153995 -0.00973436 0.01 72 71 0 0 0
7571 -0.152474 -0.00929119 0.01 90 90 0 0 0
7579 -0.152474 -0.00918737 0.01 90 90 0 0 0
7590 -0.165369 -0.0098517 0.01 59 59 0 0 0
7591 -0.152474 -0.00918737 0.01 90 90 0 0 0
7619 -0.148417 -0.00911741 0.01 91 91 0.0131321 0 0.000173777
7622 -0.165369 -0.0101103 0.01 58 58 0 0 0
7627 -0.161128 -0.00991971 0.01 72 72 0 0 0
7641 -0.152474 -0.00918737 0.01 91 91 0 0 0
7644 -0.165369 -0.00988777 0.01 59 59 0 0 0
7649 -0.165369 -0.0098517 0.01 59 59 0 0 0
7656 -0.140099 -0.00913293 0.01 72 72 0 0 0
7657 -0.142414 -0.00913274 0.01 59 59 0 0 0
7660 -0.152474 -0.00918737 0.01 90 90 0 0 0
7663 -0.193391 -0.0105861 0.01 72 72 0 0 0
7683 -0.158083 -0.00929119 0.01 92 92 0 0 0
7690 -0.165574 -0.00929119 0.01 92 92 0 0 0
7720 -0.142149 -0.00913274 0.01 59 59 0 0 0
7737 -0.165637 -0.00929119 0.01 91 91 0 0 0
7741 -0.165574 -0.00929119 0.01 92 92 0 0 0
7742 -0.165369 -0.00989674 0.01 58 58 0 0 0
7754 -0.152474 -0.00929119 0.01 92 92 0 0 0
7767 -0.166331 -0.00973137 0.01 72 72 0 0 0
7776 -0.155277 -0.00929119 0.01 90 90 0 0 0
7780 -0.166331 -0.00960253 0.01 72 72 0 0 0
7784 -0.152474 -0.00918737 0.01 91 91 0 0 0
7786 -0.152474 -0.00929119 0.01 90 90 0 0 0
7791 -0.165369 -0.0101103 0.01 58 58 0 0 0
7800 -0.162583 -0.0102978 0.01 59 59 0 0 0
7824 -0.152474 -0.00920616 0.01 90 90 0 0 0
7833 -0.165369 -0.0098517 0.01 58 58 0 0 0
7838 -0.142414 -0.00913274 0.01 59 59 0 0 0
7839 -0.152007 -0.00914371 0.01 72 72 0 0 0
7840 -0.165369 -0.0098517 0.01 59 59 0 0 0
7858 -0.152017 -0.00889575 0.01 72 72 0 0 0
7860 -0.165369 -0.00992677 0.01 59 59 0 0 0
7865 -0.153203 -0.00883697 0.01 72 72 0 0 0
7875 -0.152474 -0.00918737 0.01 90 90 0 0 0
7889 -0.165574 -0.00929119 0.01 92 92 0 0 0
7896 -0.165369 -0.00992677 0.01 59 59 0 0 0
7905 -0.166331 -0.00960253 0.01 72 72 0 0 0
7911 -0.166331 -0.00960253 0.01 72 72 0 0 0
7919 -0.165637 -0.00929119 0.01 90 90 0 0 0
7924 -0.175247 -0.00970845 0.01 72 72 0 0 0
7927 -0.165369 -0.00992677 0.01 59 59 0 0 0
7932 -0.152474 -0.00918737 0.01 90 90 0 0 0
7933 -0.165369 -0.00989674 0.01 58 58 0 0 0
7949 -0.165574 -0.00929119 0.01 90 90 0 0 0
7951 -0.165574 -0.00929119 0.01 92 92 0 0 0
7952 -0.193391 -0.0105861 0.01 72 72 0 0 0
7966 -0.133598 -0.00975897 0.01 72 72 0 0 0
7967 -0.165505 -0.00882965 0.01 72 72 0 0 0
7968 -0.148619 -0.00970087 0.01 72 72 0 0 0
7989 -0.165574 -0.00929119 0.01 90 90 0 0 0
7999 -0.152956 -0.00938683 0.01 72 72 0 0 0
8002 -0.165637 -0.00929119 0.01 90 90 0 0 0
8006 -0.165574 -0.00929119 0.01 91 91 0 0 0
8018 -0.165369 -0.0098517 0.01 58 58 0 0 0
8019 -0.152007 -0.00904735 0.01 72 72 0 0 0
8026 -0.165574 -0.00929119 0.01 91 91 0 0 0
8033 -0.165369 -0.00992677 0.01 59 60 0 0 0
8041 -0.165369 -0.00992677 0.01 59 59 0 0 0
8049 -0.158981 -0.00925444 0.01 72 72 0 0 0
8052 -0.162795 -0.0101103 0.01 58 58 -1.71512e-05 0.00257418 0
8056 -0.165505 -0.00882965 0.01 72 72 0 0 0
8079 -0.142414 -0.00913274 0.01 57 57 0 0 0
8096 -0.152474 -0.00923246 0.01 90 90 0 0 0
8100 -0.165574 -0.00939459 0.01 90 90 -0.00598127 0 -0.000103408
8103 -0.164238 -0.00929471 0.01 72 72 0 0 0
8109 -0.154613 -0.00916357 0.01 72 72 0 0 0
8116 -0.165761 -0.00890795 0.01 72 72 0 0 0
8121 -0.152474 -0.00918737 0.01 90 90 0 0 0
8125 -0.152474 -0.00937307 0.01 90 90 0 0 0
8143 -0.165574 -0.00927463 0.01 91 91 0.00108594 0 1.65561e-05
8168 -0.152474 -0.00918737 0.01 90 90 0 0 0
8169 -0.165369 -0.0098517 0.01 58 58 0 0 0
8183 -0.149234 -0.00929119 0.01 91 91 -0.0754691 0.01634 0
8201 -0.152017 -0.00889575 0.01 72 72 0 0 0
8208 -0.165574 -0.00929119 0.01 91 91 0 0 0
8209 -0.165574 -0.00929119 0.01 91 91 0 0 0
8231 -0.142414 -0.00913274 0.01 57 57 0 0 0
8237 -0.152474 -0.0092228 0.01 91 90 0 0 0
8241 -0.165761 -0.00890795 0.01 72 72 0 0 0
8257 -0.142414 -0.00913274 0.01 58 59 0 0 0
8274 -0.152474 -0.00918737 0.01 90 90 0 0 0
8293 -0.152474 -0.0088819 0.01 90 90 0 0 0
8303 -0.165574 -0.00929119 0.01 91 91 0 0 0
8328 -0.165574 -0.00929119 0.01 92 92 0 0 0
8343 -0.165369 -0.0098517 0.01 58 58 0 0 0
8356 -0.165574 -0.00929119 0.01 91 91 0 0 0
8361 -0.129874 -0.00913274 0.01 59 59 0 0 0
8369 -0.142414 -0.00913274 0.01 59 59 0 0 0
8370 -0.142414 -0.00913274 0.01 59 59 0 0 0
8373 -0.165637 -0.00929119 0.01 90 90 0 0 0
8379 -0.165369 -0.00989674 0.01 57 57 0 0 0
8385 -0.165574 -0.00929119 0.01 92 92 0 0 0
8388 -0.166331 -0.00973137 0.01 72 72 0 0 0
8391 -0.193391 -0.010441 0.01 72 72 0 0 0
8393 -0.165369 -0.0098517 0.01 59 59 0 0 0
8394 -0.152474 -0.00916311 0.01 90 89 0 0 0
8405 -0.165369 -0.00948025 0.01 59 59 0 0 0
8409 -0.165369 -0.0098517 0.01 59 59 0 0 0
8417 -0.152474 -0.009291 0.01 90 90 0 0 0
8418 -0.142414 -0.00913274 0.01 59 59 0 0 0
8427 -0.165574 -0.00929119 0.01 92 92 0 0 0
8450 -0.165369 -0.0098517 0.01 57 57 0 0 0
8461 -0.152474 -0.00918737 0.01 90 90 0 0 0
8475 -0.165574 -0.00929119 0.01 92 92 0 0 0
8488 -0.165574 -0.00929119 0.01 92 92 0 0 0
8506 -0.146952 -0.00975333 0.01 72 72 0 0 0
8512 -0.165369 -0.0098517 0.01 59 59 0 0 0
8514 -0.142414 -0.00913274 0.01 58 58 0 0 0
8518 -0.160582 -0.0095776 0.01 72 72 0 0 0
8533 -0.165369 -0.0098517 0.01 58 58 0 0 0
8538 -0.165574 -0.00929119 0.01 92 92 0 0 0
8550 -0.148652 -0.00923347 0.01 72 72 0 0 0
8551 -0.165369 -0.0098517 0.01 58 58 0 0 0
8552 -0.142414 -0.00913274 0.01 57 57 0 0 0
8554 -0.142414 -0.00913274 0.01 59 59 0 0 0
8555 -0.152474 -0.00929119 0.01 90 90 0 0 0
8560 -0.165369 -0.00992677 0.01 59 59 0 0 0
8569 -0.152474 -0.00929119 0.01 90 90 0 0 0
8623 -0.152474 -0.00918737 0.01 90 90 0 0 0
8625 -0.142414 -0.00917304 0.01 57 57 0 0 0
8632 -0.165574 -0.00929119 0.01 91 91 0 0 0
8640 -0.165369 -0.00989674 0.01 58 58 0 0 0
8645 -0.165369 -0.00992677 0.01 58 58 0 0 0
8660 -0.146143 -0.00916357 0.01 72 72 0 0 0
8661 -0.165369 -0.0098517 0.01 59 59 0 0 0
8662 -0.165574 -0.00930119 0.01 92 92 0 0 0
8672 -0.152007 -0.00914371 0.01 72 72 0 0 0
8700 -0.165369 -0.00992677 0.01 58 58 0 0 0
8701 -0.165574 -0.00929119 0.01 90 90 0 0 0
8703 -0.152474 -0.00918737 0.01 90 90 0 0 0
8715 -0.172712 -0.00977216 0.01 72 72 0 0 0
8739 -0.165369 -0.0098517 0.01 58 59 0 0 0
8740 -0.166331 -0.00960253 0.01 72 72 0 0 0
8751 -0.152474 -0.00897473 0.01 90 90 0 0 0
8754 -0.165369 -0.00989674 0.01 58 59 0 0 0
8768 -0.131678 -0.00978693 0.01 72 73 0 0 0
8776 -0.152474 -0.00918737 0.01 90 90 0 0 0
8778 -0.142414 -0.00913274 0.01 59 59 0 0 0
8784 -0.153995 -0.00973436 0.01 72 72 0 0 0
8793 -0.165369 -0.0098517 0.01 59 59 0 0 0
8796 -0.165369 -0.00992677 0.01 59 59 0 0 0
8805 -0.137217 -0.00887881 0.01 72 72 0 0 0
8810 -0.166331 -0.00973137 0.01 72 72 0 0 0
8816 -0.154545 -0.00918737 0.01 91 91 0 0 0
8830 -0.165369 -0.00989674 0.01 57 57 0 0 0
8839 -0.152474 -0.0088819 0.01 90 90 0 0 0
8845 -0.165574 -0.00929119 0.01 91 91 0 0 0
8849 -0.152474 -0.00929119 0.01 92 92 0 0 0
8863 -0.165369 -0.00992677 0.01 59 59 0 0 0
8865 -0.165505 -0.00882965 0.01 72 72 0 0 0
8868 -0.152474 -0.00918737 0.01 90 90 0 0 0
8875 -0.142414 -0.00913274 0.01 59 59 0 0 0
8885 -0.165369 -0.0098517 0.01 59 59 0 0 0
8900 -0.165574 -0.00929119 0.01 91 91 0 0 0
8901 -0.142414 -0.00913274 0.01 59 60 0 0 0
8908 -0.152474 -0.00896507 0.01 90 90 0.0145083 0 0.000222296
8921 -0.165761 -0.00890795 0.01 72 70 0 0 0
8926 -0.137217 -0.00887881 0.01 72 72 0 0 0
8933 -0.165369 -0.0098517 0.01 59 59 0 0 0
8934 -0.137218 -0.00935837 0.01 72 72 0 0 0
8944 -0.172712 -0.00977216 0.01 72 72 0 0 0
8955 -0.165574 -0.00929119 0.01 91 91 0 0 0
8981 -0.165574 -0.00929119 0.01 92 92 0 0 0
8984 -0.142414 -0.00913274 0.01 59 60 0 0 0
8991 -0.165574 -0.00929119 0.01 92 92 0 0 0
8992 -0.165369 -0.00992677 0.01 59 59 0 0 0
8999 -0.165369 -0.0098517 0.01 58 58 0 0 0
9003 -0.142414 -0.00913274 0.01 58 58 0 0 0
9009 -0.165574 -0.00929119 0.01 91 91 0 0 0
9010 -0.165574 -0.00929119 0.01 91 91 0 0 0
9023 -0.142414 -0.00949722 0.01 72 72 0 0 0
9027 -0.161128 -0.00961948 0.01 72 72 0.0003497 0 0.000300232
9034 -0.165574 -0.00929119 0.01 92 91 0 0 0
9046 -0.161128 -0.00991971 0.01 72 72 0 0 0
9084 -0.165637 -0.00929119 0.01 90 90 0 0 0
9095 -0.165574 -0.00929119 0.01 91 91 0 0 0
9102 -0.142414 -0.00935499 0.01 59 59 0 0 0
9107 -0.142414 -0.00913274 0.01 58 58 0 0 0
9116 -0.142414 -0.00913274 0.01 59 59 0 0 0
9117 -0.165574 -0.00929119 0.01 91 91 0 0 0
9138 -0.142414 -0.00913274 0.01 59 59 0 0 0
9146 -0.152474 -0.00923246 0.01 90 90 0 0 0
9151 -0.152474 -0.00918737 0.01 90 90 0 0 0
9167 -0.152474 -0.00918737 0.01 90 90 0 0 0
9171 -0.165369 -0.00992677 0.01 59 59 0 0 0
9174 -0.165369 -0.0098517 0.01 59 60 0 0 0
9175 -0.152474 -0.00918737 0.01 90 90 0 0 0
9188 -0.152877 -0.0098517 0.01 59 60 0 0 0
9189 -0.152474 -0.00918737 0.01 90 90 0 0 0
9190 -0.152474 -0.00918737 0.01 90 90 0 0 0
9194 -0.166344 -0.00898951 0.01 72 72 0 0 0
9199 -0.165574 -0.00929119 0.01 91 91 0 0 0
9212 -0.165369 -0.00989674 0.01 58 58 0 0 0
9213 -0.164889 -0.00970578 0.01 72 73 0 0 0
9215 -0.193391 -0.010441 0.01 72 72 0 0 0
9221 -0.165369 -0.00998486 0.01 59 59 0 0 0
9225 -0.149279 -0.00927574 0.01 72 71 0 0 0
9226 -0.165574 -0.00929119 0.01 91 90 0 0 0
9227 -0.165369 -0.0098517 0.01 58 58 0 0 0
9235 -0.165369 -0.00992677 0.01 59 59 0 0 0
9236 -0.155127 -0.00913274 0.01 59 59 0.000200316 -0.012713 0
9241 -0.164238 -0.00929471 0.01 72 72 0 0 0
9250 -0.152474 -0.00918737 0.01 90 90 0 0 0
9252 -0.165369 -0.00992677 0.01 59 59 0 0 0
9256 -0.165574 -0.00929119 0.01 91 91 0 0 0
9262 -0.142414 -0.00913274 0.01 59 59 0 0 0
9265 -0.165369 -0.0098517 0.01 59 59 0 0 0
9273 -0.165369 -0.0098517 0.01 59 59 0 0 0
9289 -0.142414 -0.00913274 0.01 59 59 0 0 0
9299 -0.165574 -0.00929119 0.01 92 92 0 0 0
9310 -0.165369 -0.0098517 0.01 58 58 0 0 0
9311 -0.165369 -0.0098517 0.01 58 58 0 0 0
9322 -0.152007 -0.00914371 0.01 72 72 0 0 0
9326 -0.165369 -0.0098517 0.01 58 58 0 0 0
9350 -0.165369 -0.0098517 0.01 59 59 0 0 0
9358 -0.165369 -0.0098517 0.01 59 60 0 0 0
9370 -0.165369 -0.00989674 0.01 57 57 0 0 0
9382 -0.152474 -0.00918737 0.01 90 90 0 0 0
9385 -0.165369 -0.0098517 0.01 59 59 0 0 0
9409 -0.142414 -0.00913274 0.01 57 57 0 0 0
9412 -0.148652 -0.00923347 0.01 72 72 0 0 0
9413 -0.165574 -0.00930834 0.01 90 90 0 0 0
9432 -0.152474 -0.00918737 0.01 90 90 0 0 0
9437 -0.165761 -0.00890795 0.01 72 72 0 0 0
9441 -0.165369 -0.0098517 0.01 59 59 0 0 0
9462 -0.152474 -0.00918737 0.01 90 90 0 0 0
9463 -0.165574 -0.00929119 0.01 91 91 0 0 0
9465 -0.142414 -0.00913274 0.01 58 58 0 0 0
9469 -0.165574 -0.00929119 0.01 91 91 0 0 0
9476 -0.193391 -0.0105861 0.01 72 72 0 0 0
9478 -0.165369 -0.0098517 0.01 59 59 0 0 0
9483 -0.166839 -0.00929119 0.01 91 91 0 0 0
9507 -0.152474 -0.00929119 0.01 90 90 0 0 0
9508 -0.155277 -0.00929119 0.01 90 90 0 0 0
9510 -0.165574 -0.00929119 0.01 91 91 0 0 0
9527 -0.172712 -0.00946867 0.01 72 72 0 0 0
9530 -0.152877 -0.0098517 0.01 58 58 0 0 0
9546 -0.165574 -0.00929119 0.01 91 91 0 0 0
9553 -0.166331 -0.00973137 0.01 72 72 0 0 0
9596 -0.165574 -0.00929119 0.01 91 91 0 0 0
9599 -0.165505 -0.00882965 0.01 72 72 0 0 0
9600 -0.152474 -0.00929119 0.01 90 90 0 0 0
9606 -0.152474 -0.00929119 0.01 92 92 0 0 0
9623 -0.133598 -0.00975897 0.01 72 72 0 0 0
9639 -0.165574 -0.00929119 0.01 91 91 0 0 0
9647 -0.165369 -0.00988777 0.01 59 59 0 0 0
9667 -0.172712 -0.00977216 0.01 72 72 0 0 0
9691 -0.165637 -0.00929119 0.01 90 90 0 0 0
9695 -0.149279 -0.00927574 0.01 72 72 0 0 0
9701 -0.167979 -0.00991971 0.01 72 72 0.00121668 -0.00685063 0
9712 -0.152877 -0.0098517 0.01 59 60 0 0 0
9715 -0.152474 -0.00918737 0.01 90 90 0 0 0
9724 -0.158981 -0.00932318 0.01 72 72 0 0 0
9727 -0.152474 -0.00918737 0.01 91 91 0 0 0
9732 -0.165369 -0.0098517 0.01 59 59 0 0 0
9737 -0.152474 -0.00894585 0.01 90 90 0 0 0
9744 -0.149279 -0.00927574 0.01 72 72 0 0 0
9745 -0.165369 -0.0098517 0.01 58 58 0 0 0
9750 -0.164885 -0.00958427 0.01 72 72 0 0 0
9755 -0.137217 -0.00887881 0.01 72 72 0 0 0
9767 -0.148652 -0.00923347 0.01 72 72 0 0 0
9773 -0.152474 -0.00897473 0.01 90 90 0 0 0
9774 -0.156289 -0.00929119 0.01 90 90 0.00439808 -0.00101151 0
9783 -0.134714 -0.00887881 0.01 72 72 0 0 0
9786 -0.152474 -0.00918737 0.01 91 91 0 0 0
9797 -0.183135 -0.00970578 0.01 72 72 0 0 0
9808 -0.152474 -0.00929119 0.01 90 89 0 0 0
9816 -0.165369 -0.0098517 0.01 59 59 0 0 0
9825 -0.165369 -0.0098517 0.01 59 59 0 0 0
9832 -0.152474 -0.00929119 0.01 90 90 0 0 0
9836 -0.165369 -0.0098517 0.01 59 59 0 0 0
9843 -0.152474 -0.00918737 0.01 90 90 0 0 0
9846 -0.133598 -0.00975897 0.01 72 72 0 0 0
9851 -0.165574 -0.00929119 0.01 91 91 0 0 0
9860 -0.165369 -0.0098517 0.01 59 59 0 0 0
9881 -0.15651 -0.00918737 0.01 91 91 0.0189523 -0.00403588 0
9882 -0.148219 -0.00970824 0.01 72 72 0 0 0
9886 -0.139482 -0.00923347 0.01 72 72 -0.00292538 0.00917026 0
9892 -0.149954 -0.00927574 0.01 72 72 0 0 0
9894 -0.165574 -0.00929119 0.01 92 92 0 0 0
9899 -0.165369 -0.00992677 0.01 58 58 0 0 0
9904 -0.165369 -0.0098517 0.01 59 59 0 0 0
9909 -0.193391 -0.0105861 0.01 72 72 0 0 0
9911 -0.152007 -0.00904735 0.01 72 72 0 0 0
9923 -0.165369 -0.00947556 0.01 59 59 0 0 0
9939 -0.165369 -0.00989674 0.01 58 58 0 0 0
9967 -0.165574 -0.00929119 0.01 90 90 0 0 0
9978 -0.153995 -0.00973436 0.01 72 72 0 0 0
9983 -0.165574 -0.00929119 0.01 92 92 0 0 0
9989 -0.165574 -0.00929119 0.01 90 90 0 0 0
9996 -0.165574 -0.00929119 0.01 92 91 0 0 0
9997 -0.152474 -0.00918737 0.01 90 90 0 0 0
9998 -0.165574 -0.00929119 0.01 91 91 0 0 0
10002 -0.165369 -0.00989674 0.01 58 58 0 0 0
10003 -0.165369 -0.0098517 0.01 59 59 0 0 0
10026 -0.165574 -0.00929119 0.01 92 92 0 0 0
10034 -0.152474 -0.00918737 0.01 90 90 0 0 0
10057 -0.165574 -0.00929119 0.01 90 90 0 0 0
10088 -0.137218 -0.00935837 0.01 72 72 0 0 0
10098 -0.142414 -0.00913274 0.01 58 58 0 0 0
10099 -0.134714 -0.00887881 0.01 72 72 -0.000979006 0.00250286 0
10124 -0.179377 -0.00960253 0.01 72 72 0.00160828 -0.0130465 0
10147 -0.187856 -0.00960258 0.01 72 73 0 0 0
10160 -0.154643 -0.00918737 0.01 90 90 0 0 0
10175 -0.165574 -0.00930834 0.01 90 90 0 0 0
10176 -0.165574 -0.00929119 0.01 92 92 0 0 0
10182 -0.165369 -0.00988777 0.01 59 59 0 0 0
10183 -0.165369 -0.00992677 0.01 59 59 0 0 0
10195 -0.152474 -0.00918737 0.01 90 90 0 0 0
10212 -0.165369 -0.0098517 0.01 59 59 0 0 0
10213 -0.142414 -0.00913274 0.01 59 59 0 0 0
10248 -0.158276 -0.00956989 0.01 72 72 -0.00125675 0.00689073 0
10250 -0.142414 -0.00913274 0.01 57 57 0 0 0
10259 -0.165574 -0.00915153 0.01 91 91 0.00903782 0 0.000139659
10281 -0.165574 -0.00929119 0.01 91 91 0 0 0
10299 -0.165574 -0.00929119 0.01 91 91 0 0 0
10302 -0.193391 -0.0105861 0.01 72 72 0 0 0
10307 -0.193391 -0.0105861 0.01 72 72 0 0 0
10308 -0.166331 -0.00973137 0.01 72 72 0 0 0
10312 -0.165574 -0.00929119 0.01 91 91 0 0 0
10314 -0.165369 -0.0098095 0.01 58 60 0 0 0
10342 -0.142414 -0.00913274 0.01 59 59 0 0 0
10354 -0.172712 -0.00977216 0.01 72 72 0 0 0
10357 -0.152474 -0.00918737 0.01 91 91 0 0 0
10360 -0.142414 -0.00913274 0.01 59 59 0 0 0
10364 -0.165574 -0.00929119 0.01 92 92 0 0 0
10372 -0.142931 -0.00927574 0.01 72 72 0 0 0
10375 -0.152474 -0.00918737 0.01 90 90 0 0 0
10381 -0.152474 -0.00918737 0.01 90 90 0 0 0
10402 -0.165369 -0.00992677 0.01 59 59 0 0 0
10407 -0.152007 -0.00880793 0.01 72 72 0 0 0
10411 -0.165369 -0.0101103 0.01 58 58 0 0 0
10416 -0.133598 -0.00975897 0.01 72 72 0 0 0
10429 -0.142414 -0.00913274 0.01 59 60 0 0 0
10434 -0.142414 -0.00913274 0.01 59 59 0 0 0
10439 -0.165369 -0.00992677 0.01 59 59 0 0 0
10441 -0.152474 -0.00918737 0.01 90 90 0 0 0
10445 -0.156028 -0.00949763 0.01 72 71 0 0 0
10457 -0.152474 -0.0092228 0.01 91 91 0 0 0
10464 -0.140099 -0.00913293 0.01 72 72 0 0 0
10470 -0.165574 -0.00929119 0.01 91 91 0 0 0
10472 -0.165369 -0.00998486 0.01 59 59 0 0 0
10486 -0.183135 -0.00970578 0.01 72 72 0 0 0
10493 -0.165369 -0.00992677 0.01 58 58 0 0 0
10508 -0.152474 -0.00894585 0.01 90 90 0 0 0
10514 -0.165369 -0.00992677 0.01 59 59 0 0 0
10522 -0.161951 -0.00849678 0.01 72 72 0 0 0
10525 -0.161061 -0.00938606 0.01 72 72 0 0 0
10533 -0.146769 -0.00913274 0.01 58 58 6.37174e-05 -0.00435522 0
10535 -0.158981 -0.00925444 0.01 72 72 0 0 0
10536 -0.152474 -0.00918737 0.01 92 91 0 0 0
10537 -0.165574 -0.00929119 0.01 91 91 0 0 0
10540 -0.166331 -0.00960253 0.01 72 72 0 0 0
10549 -0.165369 -0.0098517 0.01 59 59 0 0 0
10554 -0.165574 -0.00929119 0.01 92 92 0 0 0
10556 -0.165369 -0.0098517 0.01 59 59 0 0 0
10574 -0.152474 -0.00918737 0.01 90 90 0 0 0
10576 -0.142414 -0.00913274 0.01 59 59 0 0 0
10592 -0.142414 -0.00913274 0.01 59 59 0 0 0
10594 -0.14315 -0.00903782 0.01 72 72 0 0 0
10604 -0.165574 -0.00929119 0.01 91 91 0 0 0
10605 -0.165369 -0.00955812 0.01 72 70 0 0 0
10610 -0.152474 -0.00929119 0.01 90 90 0 0 0
10615 -0.152474 -0.0092228 0.01 90 90 0 0 0
10619 -0.165574 -0.00929119 0.01 92 92 0 0 0
10628 -0.165369 -0.0098517 0.01 59 59 0 0 0
10691 -0.152474 -0.00918737 0.01 90 90 0 0 0
10697 -0.165369 -0.0098517 0.01 58 58 0 0 0
10700 -0.153649 -0.00929119 0.01 91 91 0 0 0
10703 -0.165369 -0.0101103 0.01 58 58 0 0 0
10706 -0.142414 -0.00917304 0.01 57 57 7.7486e-07 0 -4.02946e-05
10722 -0.165369 -0.0098517 0.01 59 58 0 0 0
10747 -0.165574 -0.00929119 0.01 91 91 0 0 0
10755 -0.165369 -0.0098517 0.01 59 59 0 0 0
10761 -0.153203 -0.00883697 0.01 72 73 0 0 0
10763 -0.152474 -0.00918737 0.01 90 90 0 0 0
10774 -0.152017 -0.00859693 0.01 72 72 0 0 0
10788 -0.165574 -0.00929119 0.01 91 92 0 0 0
10801 -0.153995 -0.00973436 0.01 72 72 0 0 0
10802 -0.152474 -0.00918737 0.01 90 90 0 0 0
10812 -0.152474 -0.00897473 0.01 90 90 0 0 0
10813 -0.148619 -0.00970087 0.01 72 72 0 0 0
10838 -0.165369 -0.00989674 0.01 58 58 0 0 0
10840 -0.152474 -0.00918737 0.01 90 89 0 0 0
10841 -0.154643 -0.00918737 0.01 90 90 0 0 0
10885 -0.165574 -0.00929119 0.01 90 90 0 0 0
10895 -0.152007 -0.00914371 0.01 72 72 0 0 0
10916 -0.142414 -0.00913274 0.01 59 59 0 0 0
10926 -0.165369 -0.00989674 0.01 58 58 0 0 0
10938 -0.142414 -0.00913274 0.01 59 60 0 0 0
10955 -0.165369 -0.0101103 0.01 58 58 0 0 0
10957 -0.149602 -0.00944504 0.01 72 73 0 0 0
10960 -0.165574 -0.00929119 0.01 91 91 0 0 0
10976 -0.165369 -0.0098517 0.01 59 59 0 0 0
10977 -0.165369 -0.00989674 0.01 57 57 0 0 0
10983 -0.165369 -0.00992677 0.01 59 59 0 0 0
10994 -0.152474 -0.00918737 0.01 91 91 0 0 0
10995 -0.165761 -0.00890795 0.01 72 72 0 0 0
10998 -0.154643 -0.00918737 0.01 90 90 0 0 0
11023 -0.165369 -0.00998486 0.01 59 59 0 0 0
11032 -0.165369 -0.0098517 0.01 59 59 0 0 0
11036 -0.152474 -0.00929119 0.01 90 90 0 0 0
11045 -0.148652 -0.00923347 0.01 72 73 0 0 0
11054 -0.157132 -0.00913274 0.01 59 59 0 0 0
11056 -0.165369 -0.0098517 0.01 59 59 0 0 0
11064 -0.152474 -0.00918737 0.01 90 90 0 0 0
11069 -0.165574 -0.00939459 0.01 90 90 0 0 0
11074 -0.160582 -0.0095776 0.01 72 72 0 0 0
11075 -0.152956 -0.00938683 0.01 72 72 0 0 0
11077 -0.153203 -0.00883697 0.01 72 72 0 0 0
11087 -0.152474 -0.00918737 0.01 91 91 0 0 0
11095 -0.165369 -0.00989674 0.01 59 59 0 0 0
11114 -0.165574 -0.00929119 0.01 92 92 0 0 0
11140 -0.172712 -0.00977216 0.01 72 72 0 0 0
11143 -0.165369 -0.0098517 0.01 59 59 0 0 0
11156 -0.165369 -0.0098517 0.01 59 59 0 0 0
11185 -0.160419 -0.00925444 0.01 72 72 0 0 0
11193 -0.165369 -0.00948025 0.01 59 59 0 0 0
11227 -0.172712 -0.00977216 0.01 72 72 0 0 0
11237 -0.164058 -0.00918737 0.01 91 89 0 0 0
11243 -0.165574 -0.00929119 0.01 91 91 0 0 0
11277 -0.161128 -0.00991971 0.01 72 72 0 0 0
11281 -0.165574 -0.00929119 0.01 92 92 0 0 0
11296 -0.165574 -0.00935292 0.01 92 92 0 0 0
11298 -0.148619 -0.00970087 0.01 72 72 0 0 0
11313 -0.152474 -0.00897473 0.01 90 89 0 0 0
11318 -0.165761 -0.00890795 0.01 72 72 0 0 0
11319 -0.165369 -0.0098517 0.01 58 58 0 0 0
11325 -0.153203 -0.00883697 0.01 72 72 0 0 0
11326 -0.165369 -0.00998486 0.01 59 59 0 0 0
11331 -0.142414 -0.00913274 0.01 59 59 0 0 0
11337 -0.165369 -0.00989674 0.01 58 58 0 0 0
11356 -0.157307 -0.00989674 0.01 57 57 -4.74304e-05 0.00806205 0
11360 -0.165369 -0.0098517 0.01 59 59 0 0 0
11361 -0.165369 -0.0098517 0.01 59 59 0 0 0
11362 -0.165574 -0.00929119 0.01 90 90 0 0 0
11363 -0.166331 -0.00960253 0.01 72 72 0 0 0
11367 -0.165369 -0.00998486 0.01 58 59 0 0 0
11374 -0.161128 -0.00991971 0.01 72 72 0 0 0
11377 -0.165369 -0.0098517 0.01 58 58 0 0 0
11383 -0.129874 -0.00922804 0.01 59 59 1.51992e-06 0 -9.52985e-05
11385 -0.165369 -0.00989674 0.01 58 58 0 0 0
11396 -0.165369 -0.0098517 0.01 59 59 0 0 0
11410 -0.15448 -0.00970845 0.01 72 72 -0.00187817 0.00904435 0
11411 -0.160582 -0.0095776 0.01 72 72 0 0 0
11418 -0.161197 -0.00918737 0.01 90 90 0 0 0
11422 -0.152474 -0.00918737 0.01 90 90 0 0 0
11428 -0.165369 -0.00947556 0.01 59 59 0 0 0
11431 -0.161128 -0.00991971 0.01 72 72 0 0 0
11448 -0.165574 -0.00929119 0.01 91 91 0 0 0
11450 -0.142414 -0.00913274 0.01 59 59 0 0 0
11459 -0.152236 -0.00963738 0.01 72 71 0 0 0
11461 -0.165761 -0.00890795 0.01 72 73 0 0 0
11472 -0.142414 -0.00913274 0.01 58 58 0 0 0
11490 -0.165369 -0.00998486 0.01 59 59 0 0 0
11493 -0.165505 -0.00882965 0.01 72 72 0 0 0
11505 -0.142414 -0.00913274 0.01 58 58 0 0 0
11508 -0.165369 -0.00992677 0.01 59 58 0 0 0
11514 -0.165574 -0.00930834 0.01 90 90 0 0 0
11522 -0.152474 -0.0092228 0.01 90 90 0 0 0
11525 -0.164885 -0.00958427 0.01 72 72 0 0 0
11526 -0.152474 -0.00929119 0.01 90 89 0 0 0
11529 -0.165326 -0.00929119 0.01 91 91 -0.00105411 0.000248253 0
11532 -0.152474 -0.00918737 0.01 90 90 0 0 0
11540 -0.165369 -0.00992677 0.01 58 58 0 0 0
11545 -0.142414 -0.00913274 0.01 59 59 0 0 0
11561 -0.164885 -0.00958427 0.01 72 72 0 0 0
11571 -0.165369 -0.0098517 0.01 59 59 0 0 0
11572 -0.165369 -0.00992677 0.01 59 59 0 0 0
11589 -0.152474 -0.00918737 0.01 90 90 0 0 0
11596 -0.152877 -0.0098517 0.01 58 58 0 0 0
11602 -0.165574 -0.00935292 0.01 92 92 0 0 0
11603 -0.165505 -0.00882965 0.01 72 72 0 0 0
11619 -0.152007 -0.00904735 0.01 72 72 0 0 0
11630 -0.152474 -0.00918737 0.01 90 90 0 0 0
11644 -0.165369 -0.0098517 0.01 58 58 0 0 0
11648 -0.142414 -0.00913274 0.01 59 59 0 0 0
11655 -0.165574 -0.00929119 0.01 91 91 0 0 0
11671 -0.152474 -0.00918737 0.01 90 89 0 0 0
11689 -0.162583 -0.0098517 0.01 59 59 0 0 0
11692 -0.142414 -0.00913274 0.01 58 58 0 0 0
11713 -0.164885 -0.00958427 0.01 72 72 0 0 0
11720 -0.165369 -0.0101103 0.01 58 58 0 0 0
11729 -0.165369 -0.0098517 0.01 59 59 0 0 0
11733 -0.137217 -0.00887881 0.01 72 72 0 0 0
11734 -0.155277 -0.00931546 0.01 91 90 -0.0015949 0 -2.42777e-05
11739 -0.160419 -0.00925444 0.01 72 72 0 0 0
11748 -0.207016 -0.0103838 0.01 72 73 0 0 0
11749 -0.142414 -0.00913274 0.01 59 59 0 0 0
11750 -0.142414 -0.00913274 0.01 59 59 0 0 0
11755 -0.166344 -0.00898951 0.01 72 73 0 0 0
11771 -0.154643 -0.00918737 0.01 90 90 0 0 0
11774 -0.22163 -0.0103838 0.01 72 72 0 0 0
11780 -0.142414 -0.00935499 0.01 59 59 0 0 0
11784 -0.152007 -0.00904735 0.01 72 72 0 0 0
11792 -0.141513 -0.00880793 0.01 72 72 0 0 0
11819 -0.165574 -0.00930119 0.01 92 92 0 0 0
11834 -0.165574 -0.00929119 0.01 92 92 0 0 0
11836 -0.133691 -0.00913274 0.01 58 59 0 0 0
11838 -0.148652 -0.00923347 0.01 72 72 0 0 0
11841 -0.152474 -0.00918737 0.01 90 90 0 0 0
11850 -0.152474 -0.00918737 0.01 90 90 0 0 0
11854 -0.161061 -0.00938606 0.01 72 72 0 0 0
11863 -0.137218 -0.00935837 0.01 72 72 0 0 0
11867 -0.160582 -0.0095776 0.01 72 72 0 0 0
11870 -0.165369 -0.00989674 0.01 58 58 0 0 0
11871 -0.152474 -0.00918737 0.01 90 90 0 0 0
11884 -0.142414 -0.00913274 0.01 59 59 0 0 0
11907 -0.154861 -0.00918737 0.01 90 90 0.0104366 -0.00238653 0
11916 -0.142414 -0.00913274 0.01 58 58 0 0 0
11920 -0.165574 -0.00929119 0.01 91 91 0 0 0
11922 -0.152007 -0.00904735 0.01 72 72 0 0 0
11926 -0.158981 -0.00932318 0.01 72 72 0 0 0
11929 -0.165574 -0.00929119 0.01 90 90 0 0 0
11945 -0.137218 -0.00935837 0.01 72 72 0 0 0
11954 -0.165574 -0.00930834 0.01 90 90 0 0 0
11960 -0.165369 -0.00989674 0.01 58 58 0 0 0
11966 -0.158981 -0.00925444 0.01 72 72 0 0 0
11967 -0.165369 -0.00980247 0.01 59 59 0 0 0
11973 -0.165369 -0.0098517 0.01 59 59 0 0 0
11986 -0.165369 -0.0098517 0.01 59 59 0 0 0
11990 -0.165369 -0.0098517 0.01 59 60 0 0 0
12023 -0.152474 -0.00918737 0.01 90 90 0 0 0
12025 -0.165369 -0.00989674 0.01 59 59 0 0 0
12034 -0.137217 -0.00887881 0.01 72 72 0 0 0
12049 -0.165505 -0.00882965 0.01 72 72 0 0 0
12053 -0.177078 -0.00960253 0.01 72 72 0 0 0
12061 -0.152474 -0.00918737 0.01 90 90 0 0 0
12066 -0.142414 -0.00913274 0.01 59 59 0 0 0
12070 -0.152474 -0.00918737 0.01 90 90 0 0 0
12085 -0.142414 -0.00913274 0.01 59 59 0 0 0
12089 -0.165369 -0.0101103 0.01 59 59 0 0 0
12090 -0.165369 -0.00989674 0.01 58 57 0 0 0
12132 -0.152474 -0.00918737 0.01 90 90 0 0 0
12135 -0.141513 -0.00880793 0.01 72 72 0 0 0
12141 -0.152474 -0.0092228 0.01 90 90 0 0 0
12144 -0.185201 -0.00970845 0.01 72 72 0 0 0
12167 -0.172712 -0.00977216 0.01 72 72 0 0 0
12178 -0.165369 -0.0098517 0.01 59 59 0 0 0
12191 -0.152474 -0.00918737 0.01 91 91 0 0 0
12202 -0.142414 -0.00913274 0.01 59 59 0 0 0
12216 -0.142414 -0.00913274 0.01 58 58 0 0 0
12218 -0.152474 -0.00918737 0.01 91 91 0 0 0
12219 -0.148417 -0.00929119 0.01 91 91 -0.0794697 0.0171577 0
12224 -0.193391 -0.0105861 0.01 72 71 0 0 0
12237 -0.165369 -0.0098517 0.01 59 59 0 0 0
12245 -0.166331 -0.00973137 0.01 72 72 0 0 0
12259 -0.142414 -0.00913274 0.01 59 59 0 0 0
12271 -0.142414 -0.00913274 0.01 58 58 0 0 0
12272 -0.165574 -0.00929119 0.01 90 91 0 0 0
12273 -0.165574 -0.00929119 0.01 92 92 0 0 0
12275 -0.152474 -0.00918737 0.01 90 90 0 0 0
12283 -0.142414 -0.00913274 0.01 58 58 0 0 0
12310 -0.172712 -0.00977216 0.01 72 72 0 0 0
12327 -0.165574 -0.00929119 0.01 91 91 0 0 0
12328 -0.165574 -0.00929119 0.01 91 90 0 0 0
12335 -0.178741 -0.00942583 0.01 72 72 0 0 0
12336 -0.152474 -0.00918737 0.01 90 90 0 0 0
12348 -0.165369 -0.00989674 0.01 57 58 0 0 0
12355 -0.152474 -0.00918737 0.01 90 90 0 0 0
12358 -0.165369 -0.0101103 0.01 59 59 0 0 0
12364 -0.172712 -0.00977216 0.01 72 72 0 0 0
12367 -0.165761 -0.00890795 0.01 72 72 0 0 0
12369 -0.165369 -0.00938043 0.01 58 58 -3.05474e-06 0 0.000471269
12390 -0.165574 -0.00929119 0.01 91 91 0 0 0
12403 -0.160582 -0.0095776 0.01 72 72 0 0 0
12407 -0.149709 -0.00935837 0.01 72 72 0 0 0
12408 -0.128438 -0.00944504 0.01 72 72 0 0 0
12413 -0.152474 -0.00929119 0.01 90 90 0 0 0
12414 -0.165637 -0.00929119 0.01 90 90 0 0 0
12418 -0.165574 -0.00929119 0.01 91 91 0 0 0
12424 -0.162583 -0.0102978 0.01 59 59 0 0 0
12425 -0.152474 -0.00918737 0.01 90 90 0 0 0
12427 -0.152474 -0.00929119 0.01 92 92 0 0 0
12445 -0.165574 -0.00929119 0.01 90 90 0 0 0
12449 -0.168088 -0.00977216 0.01 72 72 -0.000642091 0.00462426 0
12450 -0.165574 -0.00929119 0.01 91 91 0 0 0
12458 -0.152474 -0.00918737 0.01 90 90 0 0 0
12467 -0.166331 -0.00973137 0.01 72 72 0 0 0
12469 -0.142414 -0.00913274 0.01 58 58 0 0 0
12486 -0.152474 -0.00918737 0.01 90 89 0 0 0
12498 -0.152474 -0.00897473 0.01 90 90 0 0 0
12507 -0.165369 -0.0098517 0.01 58 58 0 0 0
12509 -0.152474 -0.00929119 0.01 90 90 0 0 0
12510 -0.152474 -0.00918737 0.01 90 90 0 0 0
12528 -0.152474 -0.00929119 0.01 90 90 0 0 0
12546 -0.152474 -0.00923246 0.01 90 90 0 0 0
12557 -0.164885 -0.00958427 0.01 72 72 0 0 0
12569 -0.165369 -0.0098517 0.01 59 59 0 0 0
12573 -0.166331 -0.00960253 0.01 72 72 0 0 0
12576 -0.165369 -0.00989674 0.01 58 58 0 0 0
12599 -0.142414 -0.00913274 0.01 59 59 0 0 0
12600 -0.142149 -0.00913274 0.01 59 59 0 0 0
12601 -0.165574 -0.00929119 0.01 91 91 0 0 0
12604 -0.165505 -0.00882965 0.01 72 72 0 0 0
12612 -0.152474 -0.0092228 0.01 91 91 0 0 0
12624 -0.165574 -0.00929119 0.01 92 92 0 0 0
12625 -0.165369 -0.0098517 0.01 58 58 0 0 0
12628 -0.142414 -0.00913274 0.01 59 59 0 0 0
12633 -0.142414 -0.00913274 0.01 59 59 0 0 0
12643 -0.165369 -0.00992677 0.01 58 59 0 0 0
12652 -0.157307 -0.00989674 0.01 57 57 0 0 0
12653 -0.152474 -0.00918737 0.01 90 90 0 0 0
12656 -0.165369 -0.00980247 0.01 59 60 0 0 0
12660 -0.165574 -0.00929119 0.01 92 92 0 0 0
12663 -0.165574 -0.00929119 0.01 91 91 0 0 0
12668 -0.165574 -0.00929119 0.01 91 91 0 0 0
12680 -0.142414 -0.00935499 0.01 59 59 0 0 0
12685 -0.152474 -0.00918737 0.01 90 90 0 0 0
12699 -0.152474 -0.00918737 0.01 91 91 0 0 0
12706 -0.152474 -0.0092228 0.01 90 90 0 0 0
12749 -0.152474 -0.00918737 0.01 90 90 0 0 0
12753 -0.165369 -0.0098517 0.01 57 58 0 0 0
12772 -0.142414 -0.00913274 0.01 58 58 0 0 0
12775 -0.149602 -0.00944504 0.01 72 72 0 0 0
12780 -0.141513 -0.00880793 0.01 72 72 0 0 0
12785 -0.185201 -0.00970845 0.01 72 72 0 0 0
12787 -0.165574 -0.00930834 0.01 90 90 0 0 0
12801 -0.152474 -0.00918737 0.01 91 90 0 0 0
12803 -0.158981 -0.00932318 0.01 72 71 0 0 0
12808 -0.165369 -0.0098517 0.01 59 59 0 0 0
12816 -0.165761 -0.00890795 0.01 72 72 0 0 0
12818 -0.166594 -0.00929119 0.01 91 91 0.0042901 -0.00101922 0
12832 -0.177078 -0.00960253 0.01 72 72 0 0 0
12860 -0.152474 -0.00918737 0.01 90 90 0 0 0
12869 -0.152474 -0.0092228 0.01 90 90 0 0 0
12874 -0.165207 -0.00946867 0.01 72 72 -0.00102961 0.00750509 0
12876 -0.165574 -0.00929119 0.01 91 91 0 0 0
12881 -0.153649 -0.00929119 0.01 91 91 0 0 0
12888 -0.165369 -0.00980247 0.01 59 59 0 0 0
12910 -0.145444 -0.00960432 0.01 72 72 0 0 0
12915 -0.153203 -0.00883697 0.01 72 73 0 0 0
12928 -0.165369 -0.0098517 0.01 59 59 0 0 0
12929 -0.165369 -0.0101103 0.01 59 59 0 0 0
12950 -0.146143 -0.00916357 0.01 72 72 0 0 0
12960 -0.165369 -0.0098517 0.01 59 59 0 0 0
12970 -0.165369 -0.0098517 0.01 59 59 0 0 0
12996 -0.165505 -0.00882965 0.01 72 72 0 0 0
13030 -0.165369 -0.0098517 0.01 59 59 0 0 0
13040 -0.152474 -0.00918737 0.01 90 90 0 0 0
13041 -0.154643 -0.00918737 0.01 90 90 0 0 0
13044 -0.165369 -0.00992677 0.01 59 59 0 0 0
13056 -0.142414 -0.00913274 0.01 59 59 0 0 0
13059 -0.165369 -0.0098517 0.01 59 59 0 0 0
13064 -0.141513 -0.00880793 0.01 72 72 -0.00278619 0.0104945 0
13067 -0.161197 -0.00879407 0.01 90 90 0 0 0
13097 -0.142414 -0.00913274 0.01 58 58 0 0 0
13108 -0.193391 -0.010441 0.01 72 72 0 0 0
13124 -0.165574 -0.00929119 0.01 91 91 0 0 0
13140 -0.166331 -0.00973137 0.01 72 72 0 0 0
13147 -0.165369 -0.00992677 0.01 59 59 0 0 0
13161 -0.149954 -0.00927574 0.01 72 72 0 0 0
13167 -0.165574 -0.00929119 0.01 91 91 0 0 0
13178 -0.152474 -0.00918737 0.01 90 90 0 0 0
13191 -0.165637 -0.00929119 0.01 91 91 0 0 0
13195 -0.152474 -0.00918737 0.01 90 90 0 0 0
13209 -0.152474 -0.00918737 0.01 90 90 0 0 0
13210 -0.165574 -0.00929119 0.01 90 90 0 0 0
13216 -0.165369 -0.00989674 0.01 58 58 0 0 0
13226 -0.161128 -0.00991971 0.01 72 72 0 0 0
13229 -0.142414 -0.00913274 0.01 58 58 0 0 0
13230 -0.162583 -0.0102978 0.01 59 59 0 0 0
13245 -0.165369 -0.0098517 0.01 59 59 0 0 0
13255 -0.165369 -0.0098517 0.01 59 59 0 0 0
13271 -0.165574 -0.00929119 0.01 91 91 0 0 0
13280 -0.172712 -0.00946867 0.01 72 72 0 0 0
13281 -0.165574 -0.00929119 0.01 92 92 0 0 0
13285 -0.165637 -0.00929119 0.01 90 90 0 0 0
13292 -0.161128 -0.00991971 0.01 72 72 0 0 0
13306 -0.152474 -0.00918737 0.01 90 90 0 0 0
13309 -0.142414 -0.00935499 0.01 59 59 0 0 0
13311 -0.152474 -0.00953931 0.01 90 90 -0.0238945 0 -0.000351941
13315 -0.154545 -0.00918737 0.01 91 91 0 0 0
13317 -0.142414 -0.00913274 0.01 59 59 0 0 0
13323 -0.152474 -0.00918737 0.01 90 90 0 0 0
13324 -0.154613 -0.00916357 0.01 72 72 0 0 0
13351 -0.165369 -0.0098517 0.01 59 59 0 0 0
13356 -0.165574 -0.00929119 0.01 92 91 0 0 0
13357 -0.165369 -0.0101103 0.01 58 58 0 0 0
13359 -0.165761 -0.00890795 0.01 72 72 0 0 0
13360 -0.165574 -0.00929119 0.01 92 91 0 0 0
13366 -0.142414 -0.00913274 0.01 59 59 0 0 0
13370 -0.161128 -0.00991971 0.01 72 72 0 0 0
13397 -0.166331 -0.00973137 0.01 72 72 0 0 0
13399 -0.165574 -0.00929119 0.01 91 91 0 0 0
13401 -0.165574 -0.00929119 0.01 91 91 0 0 0
13403 -0.165369 -0.00988777 0.01 59 59 0 0 0
13406 -0.133598 -0.00975897 0.01 72 72 0 0 0
13409 -0.152474 -0.00918737 0.01 90 90 0 0 0
13418 -0.165574 -0.00929119 0.01 91 91 0 0 0
13419 -0.165369 -0.00989674 0.01 58 58 0 0 0
13429 -0.152474 -0.00918737 0.01 90 90 0 0 0
13433 -0.165369 -0.00992677 0.01 58 58 0 0 0
13458 -0.152474 -0.00918737 0.01 90 90 0 0 0
13468 -0.140099 -0.00913293 0.01 72 72 0 0 0
13482 -0.154613 -0.00916357 0.01 72 72 0 0 0
13483 -0.162285 -0.00858459 0.01 72 72 0 0 0
13493 -0.165369 -0.0101103 0.01 59 59 0 0 0
13502 -0.165574 -0.00929119 0.01 91 91 0 0 0
13507 -0.142414 -0.00935499 0.01 58 59 0 0 0
13517 -0.168382 -0.00943283 0.01 72 72 8.97348e-05 0 0.000106654
13524 -0.165761 -0.00890795 0.01 72 72 0 0 0
13542 -0.165369 -0.00989674 0.01 58 58 0 0 0
13552 -0.172712 -0.00977216 0.01 72 72 0 0 0
13554 -0.152474 -0.00918737 0.01 90 90 0 0 0
13566 -0.166331 -0.00973137 0.01 72 72 0 0 0
13575 -0.142414 -0.00913274 0.01 59 59 0 0 0
13579 -0.165574 -0.00929119 0.01 91 91 0 0 0
13583 -0.152474 -0.00918737 0.01 90 90 0 0 0
13586 -0.165369 -0.0098517 0.01 58 58 0 0 0
13593 -0.165574 -0.00929119 0.01 91 91 0 0 0
13595 -0.152474 -0.00918737 0.01 92 90 0 0 0
13600 -0.152474 -0.00918737 0.01 90 90 0 0 0
13602 -0.152474 -0.00918737 0.01 91 91 0 0 0
13605 -0.185357 -0.00958427 0.01 72 72 0.00234467 -0.0204723 0
13608 -0.152474 -0.00918737 0.01 90 90 0 0 0
13634 -0.165574 -0.00929119 0.01 91 91 0 0 0
13635 -0.153649 -0.00929119 0.01 91 91 0 0 0
13637 -0.152474 -0.00918737 0.01 90 90 0 0 0
13658 -0.155127 -0.00913274 0.01 59 59 0 0 0
13667 -0.154643 -0.00918737 0.01 91 91 0 0 0
13674 -0.158083 -0.00929119 0.01 92 92 0 0 0
13683 -0.165369 -0.00988777 0.01 59 59 0 0 0
13710 -0.165574 -0.00929119 0.01 91 91 0 0 0
13717 -0.161197 -0.00879407 0.01 90 89 0.0176085 0 0.00036076
13718 -0.165574 -0.00929119 0.01 90 90 0 0 0
13733 -0.165574 -0.00929119 0.01 90 90 0 0 0
13738 -0.193391 -0.0105861 0.01 72 72 0 0 0
13741 -0.152474 -0.00900611 0.01 90 90 0 0 0
13743 -0.152474 -0.00929119 0.01 90 90 0 0 0
13748 -0.165574 -0.00929119 0.01 91 91 0 0 0
13758 -0.165574 -0.00929119 0.01 91 91 0 0 0
13763 -0.152474 -0.00920616 0.01 90 90 0 0 0
13765 -0.146143 -0.00923972 0.01 72 72 0 0 0
13768 -0.142414 -0.00913274 0.01 58 58 0 0 0
13769 -0.165369 -0.00980247 0.01 59 59 0 0 0
13797 -0.142414 -0.00913274 0.01 59 59 0 0 0
13815 -0.142149 -0.00913274 0.01 59 59 0 0 0
13828 -0.165574 -0.00929119 0.01 92 92 0 0 0
13849 -0.152474 -0.00918737 0.01 90 90 0 0 0
13852 -0.165369 -0.00992677 0.01 58 58 0 0 0
13861 -0.152474 -0.00929119 0.01 92 92 0 0 0
13869 -0.153203 -0.00883697 0.01 72 72 0 0 0
13872 -0.165574 -0.00929119 0.01 92 92 0 0 0
13873 -0.165369 -0.0101121 0.01 59 59 0 0 0
13881 -0.165369 -0.00992677 0.01 59 59 0 0 0
13885 -0.142414 -0.00913274 0.01 59 59 0 0 0
13889 -0.129874 -0.00913274 0.01 58 58 0 0 0
13891 -0.165574 -0.00929119 0.01 91 91 0 0 0
13898 -0.165574 -0.00929119 0.01 92 92 0 0 0
13905 -0.165574 -0.00929119 0.01 91 91 0 0 0
13913 -0.154613 -0.00916357 0.01 72 72 0 0 0
13918 -0.152474 -0.0088819 0.01 90 90 0 0 0
13922 -0.155277 -0.00931546 0.01 91 91 0 0 0
13925 -0.152474 -0.00918737 0.01 90 90 0 0 0
13926 -0.165761 -0.00890795 0.01 72 72 0 0 0
13938 -0.165369 -0.00992677 0.01 58 58 0 0 0
13940 -0.136029 -0.00913274 0.01 59 59 0 0 0
13943 -0.160787 -0.00929119 0.01 91 91 0 0 0
13944 -0.179377 -0.00960253 0.01 72 72 0 0 0
13948 -0.142414 -0.00935499 0.01 59 59 0 0 0
13950 -0.165574 -0.00929119 0.01 91 91 0 0 0
13952 -0.165369 -0.00992677 0.01 59 59 0 0 0
13953 -0.160419 -0.00925444 0.01 72 72 0 0 0
13961 -0.165574 -0.00929119 0.01 91 91 0 0 0
13967 -0.160582 -0.0095776 0.01 72 72 0 0 0
13968 -0.165574 -0.00916372 0.01 92 92 0.00939131 0 0.000127468
